"STATION","DATE","LATITUDE","LONGITUDE","ELEVATION","NAME","TEMP","TEMP_ATTRIBUTES","DEWP","DEWP_ATTRIBUTES","SLP","SLP_ATTRIBUTES","STP","STP_ATTRIBUTES","VISIB","VISIB_ATTRIBUTES","WDSP","WDSP_ATTRIBUTES","MXSPD","GUST","MAX","MAX_ATTRIBUTES","MIN","MIN_ATTRIBUTES","PRCP","PRCP_ATTRIBUTES","SNDP","FRSHTT"
"36777099999","2019-01-01","45.333","78.017","443.0","KARATAL E, KZ","  17.5"," 4","  13.2"," 4","1032.5"," 4","978.1"," 4","  7.8"," 4","  4.9"," 4","  5.8","999.9","  23.0"," ","  10.9","*"," 0.00","I","999.9","000000"
"36777099999","2019-01-02","45.333","78.017","443.0","KARATAL E, KZ","  15.6"," 4","  13.1"," 4","1032.1"," 4","977.5"," 4","  5.0"," 4","  1.9"," 4","  1.9","999.9","  22.6","*","   4.3"," ","99.99"," ","999.9","001000"
"36777099999","2019-01-03","45.333","78.017","443.0","KARATAL E, KZ","  21.7"," 4","  18.6"," 4","1030.8"," 4","976.9"," 4","  7.8"," 4","  3.4"," 4","  3.9","999.9","  28.9"," ","  19.4"," "," 0.00","I","999.9","000000"
"36777099999","2019-01-04","45.333","78.017","443.0","KARATAL E, KZ","  21.4"," 4","  18.0"," 4","1023.2"," 4","969.8"," 4","  4.3"," 4","  2.9"," 4","  3.9","999.9","  31.5"," ","  15.1"," ","99.99"," ","999.9","001000"
"36777099999","2019-01-05","45.333","78.017","443.0","KARATAL E, KZ","  16.1"," 4","  12.5"," 4","1035.5"," 4","980.8"," 4","  8.4"," 4","  2.4"," 4","  3.9","999.9","  25.9"," ","   3.6","*","99.99"," ","999.9","001000"
"36777099999","2019-01-06","45.333","78.017","443.0","KARATAL E, KZ","   7.6"," 4","   3.0"," 4","1037.3"," 4","981.5"," 4"," 14.0"," 4","  3.9"," 4","  5.8","999.9","  12.7"," ","   1.6","*"," 0.00","I","999.9","000000"
"36777099999","2019-01-07","45.333","78.017","443.0","KARATAL E, KZ","  -0.4"," 4","  -5.3"," 4","1022.5"," 4","966.5"," 4"," 14.0"," 4","999.9"," 0","999.9","999.9","  18.9"," "," -10.3"," "," 0.00","I","999.9","000000"
"36777099999","2019-01-08","45.333","78.017","443.0","KARATAL E, KZ","  16.2"," 4","   8.2"," 4","1018.0"," 4","964.2"," 4"," 13.0"," 4","999.9"," 0","999.9","999.9","  31.5"," ","  -9.0"," ","99.99"," ","999.9","010000"
"36777099999","2019-01-09","45.333","78.017","443.0","KARATAL E, KZ","  36.9"," 4","  31.9"," 4","1024.2"," 4","972.4"," 4","  9.3"," 4","  3.9"," 4","  5.8","999.9","  41.0"," ","  22.6"," "," 0.00","I","999.9","000000"
"36777099999","2019-01-10","45.333","78.017","443.0","KARATAL E, KZ","  33.6"," 4","  29.8"," 4","1021.0"," 4","969.0"," 4","  9.3"," 4","  3.9"," 4","  7.8","999.9","  38.8"," ","  31.5"," "," 0.00","I","999.9","000000"
"36777099999","2019-01-11","45.333","78.017","443.0","KARATAL E, KZ","  28.1"," 4","  25.2"," 4","1022.7"," 4","970.0"," 4","  9.3"," 4","  3.9"," 4","  5.8","999.9","  32.4"," ","  25.0","*"," 0.00","I","999.9","000000"
"36777099999","2019-01-12","45.333","78.017","443.0","KARATAL E, KZ","  28.0"," 4","  24.3"," 4","1034.2"," 4","981.0"," 4","  6.8"," 4","  2.9"," 4","  3.9","999.9","  34.5"," ","  22.3","*","99.99"," ","999.9","001000"
"36777099999","2019-01-13","45.333","78.017","443.0","KARATAL E, KZ","  18.4"," 4","  13.8"," 4","1035.3"," 4","980.9"," 4"," 14.0"," 4","  4.9"," 4","  5.8","999.9","  25.2"," ","  14.4","*"," 0.00","I","999.9","000000"
"36777099999","2019-01-14","45.333","78.017","443.0","KARATAL E, KZ","  12.2"," 4","   4.8"," 4","1024.5"," 4","969.9"," 4"," 14.0"," 4","  2.9"," 4","  3.9","999.9","  28.0"," ","   2.1"," "," 0.00","I","999.9","000000"
"36777099999","2019-01-15","45.333","78.017","443.0","KARATAL E, KZ","  21.2"," 4","  14.4"," 4","1015.3"," 4","962.2"," 4"," 14.0"," 4","999.9"," 0","999.9","999.9","  31.8"," ","   9.7"," "," 0.00","I","999.9","000000"
"36777099999","2019-01-16","45.333","78.017","443.0","KARATAL E, KZ","  36.0"," 4","  32.7"," 4","1023.2"," 4","971.3"," 4","  9.3"," 4","  3.9"," 4","  5.8","999.9","  41.5"," ","  26.6"," "," 0.00","I","999.9","000000"
"36777099999","2019-01-17","45.333","78.017","443.0","KARATAL E, KZ","  30.4"," 4","  27.6"," 4","1028.2"," 4","975.5"," 4","  9.3"," 4","  5.8"," 4","  5.8","999.9","  34.7"," ","  27.9","*"," 0.00","I","999.9","000000"
"36777099999","2019-01-18","45.333","78.017","443.0","KARATAL E, KZ","  23.6"," 4","  19.1"," 4","1021.6"," 4","968.5"," 4"," 14.0"," 4","  9.2"," 4","  9.7","999.9","  32.4"," ","  19.0","*"," 0.00","I","999.9","000000"
"36777099999","2019-01-19","45.333","78.017","443.0","KARATAL E, KZ","  28.0"," 4","  23.0"," 4","1022.8"," 4","970.0"," 4"," 14.0"," 4","999.9"," 0","999.9","999.9","  40.5"," ","  13.6"," "," 0.00","I","999.9","000000"
"36777099999","2019-01-20","45.333","78.017","443.0","KARATAL E, KZ","  27.5"," 4","  20.3"," 4","1017.0"," 4","964.6"," 4"," 14.0"," 4","  4.4"," 4","  5.8","999.9","  33.3"," ","  19.6"," "," 0.00","I","999.9","000000"
"36777099999","2019-01-21","45.333","78.017","443.0","KARATAL E, KZ","  32.4"," 4","  29.3"," 4","1029.6"," 4","977.0"," 4","  5.9"," 4","999.9"," 0","999.9","999.9","  35.6"," ","  24.4"," ","99.99"," ","999.9","011000"
"36777099999","2019-01-22","45.333","78.017","443.0","KARATAL E, KZ","  28.8"," 4","  24.8"," 4","1028.0"," 4","975.1"," 4","  8.4"," 4","999.9"," 0","999.9","999.9","  32.2"," ","  26.1","*","99.99"," ","999.9","001000"
"36777099999","2019-01-23","45.333","78.017","443.0","KARATAL E, KZ","  26.5"," 4","  20.6"," 4","1028.5"," 4","975.3"," 4","  9.3"," 4","999.9"," 0","999.9","999.9","  30.7"," ","  22.5"," "," 0.00","I","999.9","000000"
"36777099999","2019-01-24","45.333","78.017","443.0","KARATAL E, KZ","  29.4"," 4","  23.2"," 4","1033.4"," 4","980.3"," 4","  9.3"," 4","  2.9"," 4","  3.9","999.9","  36.7"," ","  22.3"," "," 0.00","I","999.9","000000"
"36777099999","2019-01-25","45.333","78.017","443.0","KARATAL E, KZ","  28.7"," 4","  23.7"," 4","1034.9"," 4","981.7"," 4","  9.3"," 4","999.9"," 0","999.9","999.9","  36.1"," ","  22.6","*"," 0.00","I","999.9","000000"
"36777099999","2019-01-26","45.333","78.017","443.0","KARATAL E, KZ","  18.6"," 4","  15.0"," 4","1029.1"," 4","975.0"," 4","  7.5"," 4","  5.3"," 4","  7.8","999.9","  27.5"," ","  14.5"," "," 0.00","I","999.9","000000"
"36777099999","2019-01-27","45.333","78.017","443.0","KARATAL E, KZ","  21.0"," 4","  18.1"," 4","1032.1"," 4","978.1"," 4","  7.9"," 4","999.9"," 0","999.9","999.9","  33.3"," ","  12.6"," "," 0.00","I","999.9","000000"
"36777099999","2019-01-28","45.333","78.017","443.0","KARATAL E, KZ","   1.4"," 4","  -6.3"," 4","1041.0"," 4","984.2"," 4"," 14.0"," 4","  9.7"," 4"," 11.7","999.9","   8.1"," ","  -5.6","*"," 0.00","I","999.9","000000"
"36777099999","2019-01-29","45.333","78.017","443.0","KARATAL E, KZ","  -1.3"," 4","  -8.1"," 4","1036.3"," 4","979.5"," 4"," 14.0"," 4","  5.8"," 4","  7.8","999.9","   9.1"," "," -11.4"," "," 0.00","I","999.9","000000"
"36777099999","2019-01-30","45.333","78.017","443.0","KARATAL E, KZ","   7.2"," 4","  -1.2"," 4","1021.5"," 4","966.5"," 4"," 18.6"," 4","  4.9"," 4","  5.8","999.9","  18.5"," ","  -4.0","*"," 0.00","I","999.9","000000"
"36777099999","2019-01-31","45.333","78.017","443.0","KARATAL E, KZ","  28.2"," 4","  24.2"," 4","1021.1"," 4","968.5"," 4","  9.3"," 4","  3.9"," 4","  5.8","999.9","  39.6"," ","   5.5"," ","99.99"," ","999.9","010000"
"36777099999","2019-02-01","45.333","78.017","443.0","KARATAL E, KZ","  15.6"," 4","  10.5"," 4","1034.5"," 4","979.8"," 4","  9.3"," 4","  3.4"," 4","  5.8","999.9","  21.7"," ","   6.4","*"," 0.00","I","999.9","000000"
"36777099999","2019-02-02","45.333","78.017","443.0","KARATAL E, KZ","  11.7"," 4","   4.0"," 4","1033.9"," 4","978.8"," 4"," 18.6"," 4","  5.3"," 4","  7.8","999.9","  22.6"," ","   1.6"," "," 0.00","I","999.9","000000"
"36777099999","2019-02-03","45.333","78.017","443.0","KARATAL E, KZ","  11.1"," 4","   2.9"," 4","1030.7"," 4","975.7"," 4"," 18.6"," 4","  4.4"," 4","  5.8","999.9","  23.4"," ","   1.0"," "," 0.00","I","999.9","000000"
"36777099999","2019-02-04","45.333","78.017","443.0","KARATAL E, KZ","  17.3"," 4","   9.9"," 4","1025.7"," 4","971.6"," 4"," 14.0"," 4","  5.3"," 4","  7.8","999.9","  24.4"," ","   7.9"," "," 0.00","I","999.9","000000"
"36777099999","2019-02-05","45.333","78.017","443.0","KARATAL E, KZ","  27.2"," 4","  22.1"," 4","1020.8"," 4","968.0"," 4","  8.4"," 4","  4.9"," 4","  9.7","999.9","  37.2"," ","  16.2"," ","99.99"," ","999.9","001000"
"36777099999","2019-02-06","45.333","78.017","443.0","KARATAL E, KZ","   5.0"," 4","  -2.8"," 4","1036.9"," 4","980.8"," 4","  8.4"," 4","  6.3"," 4","  9.7","999.9","  17.6","*","  -6.2","*","99.99"," ","999.9","001000"
"36777099999","2019-02-07","45.333","78.017","443.0","KARATAL E, KZ","  -2.1"," 4","  -9.9"," 4","1041.4"," 4","984.2"," 4"," 14.0"," 4","  5.3"," 4","  7.8","999.9","   5.5"," "," -11.2"," "," 0.00","I","999.9","000000"
"36777099999","2019-02-08","45.333","78.017","443.0","KARATAL E, KZ","   1.5"," 4","  -5.8"," 4","1039.6"," 4","982.9"," 4","  9.3"," 4","999.9"," 0","999.9","999.9","  13.5"," ","  -5.4"," "," 0.00","I","999.9","000000"
"36777099999","2019-02-09","45.333","78.017","443.0","KARATAL E, KZ","   8.4"," 4","   1.1"," 4","1028.7"," 4","973.5"," 4"," 18.6"," 4","  3.9"," 4","  5.8","999.9","  15.4"," ","  -0.8"," "," 0.00","I","999.9","000000"
"36777099999","2019-02-10","45.333","78.017","443.0","KARATAL E, KZ","  19.5"," 4","  14.7"," 4","1025.1"," 4","971.3"," 4","  6.8"," 4","  4.4"," 4","  9.7","999.9","  35.2"," ","   7.9","*","99.99"," ","999.9","001000"
"36777099999","2019-02-11","45.333","78.017","443.0","KARATAL E, KZ","  19.8"," 4","  16.6"," 4","1025.1"," 4","971.3"," 4","  5.9"," 4","999.9"," 0","999.9","999.9","  22.3"," ","   7.7"," ","99.99"," ","999.9","001000"
"36777099999","2019-02-12","45.333","78.017","443.0","KARATAL E, KZ","  16.5"," 4","  11.9"," 4","1032.1"," 4","977.6"," 4","  8.4"," 4","  3.4"," 4","  5.8","999.9","  26.1"," ","  12.2","*","99.99"," ","999.9","001000"
"36777099999","2019-02-13","45.333","78.017","443.0","KARATAL E, KZ","   5.7"," 4","   0.7"," 4","1031.2"," 4","975.6"," 4"," 18.6"," 4","  6.3"," 4"," 13.6","999.9","  12.9"," ","   1.2","*"," 0.00","I","999.9","000000"
"36777099999","2019-02-14","45.333","78.017","443.0","KARATAL E, KZ","  10.1"," 4","   3.5"," 4","1028.3"," 4","973.2"," 4","  9.3"," 4","  2.4"," 4","  3.9","999.9","  22.5"," ","  -9.4"," "," 0.00","I","999.9","000000"
"36777099999","2019-02-15","45.333","78.017","443.0","KARATAL E, KZ","  30.2"," 4","  26.4"," 4","1027.5"," 4","974.8"," 4","  5.9"," 4","999.9"," 0","999.9","999.9","  37.2"," ","   7.9"," ","99.99"," ","999.9","001000"
"36777099999","2019-02-16","45.333","78.017","443.0","KARATAL E, KZ","  28.1"," 4","  24.7"," 4","1026.0"," 4","973.1"," 4"," 14.0"," 4","  5.3"," 4","  9.7","999.9","  37.8"," ","  20.8","*"," 0.00","I","999.9","000000"
"36777099999","2019-02-17","45.333","78.017","443.0","KARATAL E, KZ","  17.2"," 4","  12.0"," 4","1011.5"," 4","958.1"," 4","  9.3"," 4","  2.9"," 4","  3.9","999.9","  26.4"," ","   8.8"," "," 0.00","I","999.9","000000"
"36777099999","2019-02-18","45.333","78.017","443.0","KARATAL E, KZ","  31.9"," 4","  28.1"," 4","1014.7"," 4","962.8"," 4","  9.3"," 4","  3.4"," 4","  5.8","999.9","  37.9"," ","  18.1"," ","99.99"," ","999.9","001000"
"36777099999","2019-02-19","45.333","78.017","443.0","KARATAL E, KZ","  30.7"," 4","  24.3"," 4","1016.4"," 4","964.2"," 4","  9.3"," 4","  3.4"," 4","  7.8","999.9","  41.4"," ","  21.6","*","99.99"," ","999.9","001000"
"36777099999","2019-02-20","45.333","78.017","443.0","KARATAL E, KZ","  29.3"," 4","  22.5"," 4","1020.8"," 4","968.3"," 4","  9.3"," 4","999.9"," 0","999.9","999.9","  40.3"," ","  12.0"," "," 0.00","I","999.9","000000"
"36777099999","2019-02-21","45.333","78.017","443.0","KARATAL E, KZ","  29.0"," 4","  23.8"," 4","1035.7"," 4","982.4"," 4","  8.4"," 4","  2.4"," 4","  3.9","999.9","  36.1"," ","  25.2","*","99.99"," ","999.9","001000"
"36777099999","2019-02-22","45.333","78.017","443.0","KARATAL E, KZ","  19.1"," 4","  15.0"," 4","1038.3"," 4","983.9"," 4","  9.3"," 4","  7.8"," 4"," 11.7","999.9","  25.3"," ","  10.9"," "," 0.00","I","999.9","000000"
"36777099999","2019-02-23","45.333","78.017","443.0","KARATAL E, KZ","  11.5"," 4","   6.8"," 4","1031.2"," 4","976.2"," 4"," 18.6"," 4","  5.3"," 4","  9.7","999.9","  22.6"," ","   5.2","*"," 0.00","I","999.9","000000"
"36777099999","2019-02-24","45.333","78.017","443.0","KARATAL E, KZ","  23.4"," 4","  12.4"," 4","1026.1"," 4","972.7"," 4"," 18.6"," 4","999.9"," 0","999.9","999.9","  45.1"," ","   1.0"," "," 0.00","I","999.9","000000"
"36777099999","2019-02-25","45.333","78.017","443.0","KARATAL E, KZ","  24.8"," 4","  19.2"," 4","1025.0"," 4","971.8"," 4","  9.3"," 4","999.9"," 0","999.9","999.9","  38.1"," ","  12.9"," "," 0.00","I","999.9","000000"
"36777099999","2019-02-26","45.333","78.017","443.0","KARATAL E, KZ","  28.2"," 4","  21.4"," 4","1019.8"," 4","967.2"," 4","  9.3"," 4","999.9"," 0","999.9","999.9","  43.3"," ","  15.3"," "," 0.00","I","999.9","000000"
"36777099999","2019-02-27","45.333","78.017","443.0","KARATAL E, KZ","  31.5"," 4","  19.4"," 4","1016.2"," 4","964.2"," 4"," 14.0"," 4","999.9"," 0","999.9","999.9","  44.2"," ","  17.2"," "," 0.00","I","999.9","000000"
"36777099999","2019-02-28","45.333","78.017","443.0","KARATAL E, KZ","  38.2"," 4","  26.6"," 4","1008.6"," 4","957.7"," 4"," 14.0"," 4","999.9"," 0","999.9","999.9","  56.7"," ","  21.0"," "," 0.00","I","999.9","000000"
"36777099999","2019-03-01","45.333","78.017","443.0","KARATAL E, KZ","  35.4"," 4","  29.0"," 4","1010.3"," 4","959.0"," 4","  9.3"," 4","  4.4"," 4","  7.8","999.9","  44.6"," ","  28.8","*"," 0.00","I","999.9","000000"
"36777099999","2019-03-02","45.333","78.017","443.0","KARATAL E, KZ","  28.6"," 4","  22.8"," 4","1006.7"," 4","954.8"," 4"," 14.0"," 4","999.9"," 0","999.9","999.9","  36.9"," ","  21.7"," "," 0.00","I","999.9","000000"
"36777099999","2019-03-03","45.333","78.017","443.0","KARATAL E, KZ","  36.2"," 4","  31.5"," 4","1018.8"," 4","967.1"," 4","  9.3"," 4","  2.4"," 4","  3.9","999.9","  47.1"," ","  23.7"," "," 0.00","I","999.9","000000"
"36777099999","2019-03-04","45.333","78.017","443.0","KARATAL E, KZ","  36.3"," 4","  32.4"," 4","1018.5"," 4","966.9"," 4"," 18.6"," 4","999.9"," 0","999.9","999.9","  40.6"," ","  30.0"," "," 0.00","I","999.9","000000"
"36777099999","2019-03-05","45.333","78.017","443.0","KARATAL E, KZ","  33.0"," 4","  29.5"," 4","1025.5"," 4","973.2"," 4","  8.4"," 4","  4.4"," 4","  5.8","999.9","  37.9"," ","  29.8","*"," 0.00","I","999.9","000000"
"36777099999","2019-03-06","45.333","78.017","443.0","KARATAL E, KZ","  30.1"," 4","  26.7"," 4","1023.9"," 4","971.4"," 4"," 14.0"," 4","  4.9"," 4","  7.8","999.9","  35.8"," ","  25.5"," "," 0.00","I","999.9","000000"
"36777099999","2019-03-07","45.333","78.017","443.0","KARATAL E, KZ","  32.5"," 4","  28.7"," 4","1024.5"," 4","972.2"," 4","  9.3"," 4","  5.3"," 4","  7.8","999.9","  36.9"," ","  29.5"," ","99.99"," ","999.9","001000"
"36777099999","2019-03-08","45.333","78.017","443.0","KARATAL E, KZ","  30.5"," 4","  27.1"," 4","1027.1"," 4","974.4"," 4","  9.3"," 4","  3.9"," 4","  5.8","999.9","  34.2"," ","  29.3"," "," 0.00","I","999.9","000000"
"36777099999","2019-03-09","45.333","78.017","443.0","KARATAL E, KZ","  31.2"," 4","  27.9"," 4","1029.7"," 4","977.0"," 4","  9.3"," 4","999.9"," 0","999.9","999.9","  37.8"," ","  27.1"," "," 0.00","I","999.9","000000"
"36777099999","2019-03-10","45.333","78.017","443.0","KARATAL E, KZ","  31.7"," 4","  27.1"," 4","1029.1"," 4","976.5"," 4","  9.3"," 4","  2.9"," 4","  3.9","999.9","  37.4"," ","  29.5"," "," 0.00","I","999.9","000000"
"36777099999","2019-03-11","45.333","78.017","443.0","KARATAL E, KZ","  30.7"," 4","  27.7"," 4","1027.1"," 4","974.5"," 4","  7.8"," 4","  7.3"," 4","  9.7","999.9","  39.6"," ","  29.7"," "," 0.00","I","999.9","000000"
"36777099999","2019-03-12","45.333","78.017","443.0","KARATAL E, KZ","  29.8"," 4","  26.6"," 4","1028.0"," 4","975.2"," 4","  8.4"," 4","  7.3"," 4","  7.8","999.9","  36.1"," ","  27.9"," "," 0.00","I","999.9","000000"
"36777099999","2019-03-14","45.333","78.017","443.0","KARATAL E, KZ","  38.8"," 4","  27.9"," 4","1022.5"," 4","970.9"," 4"," 18.6"," 4","  6.3"," 4","  9.7","999.9","  52.0"," ","  28.0"," "," 0.00","I","999.9","000000"
"36777099999","2019-03-15","45.333","78.017","443.0","KARATAL E, KZ","  49.2"," 4","  32.0"," 4","1018.9"," 4","968.5"," 4","  9.3"," 4","999.9"," 0","999.9","999.9","  69.3"," ","  28.6"," "," 0.00","I","999.9","000000"
"36777099999","2019-03-16","45.333","78.017","443.0","KARATAL E, KZ","  56.1"," 4","  35.0"," 4","1016.8"," 4","967.2"," 4"," 14.0"," 4","  3.4"," 4","  5.8","999.9","  69.8"," ","  41.7","*"," 0.00","I","999.9","000000"
"36777099999","2019-03-17","45.333","78.017","443.0","KARATAL E, KZ","  41.3"," 4","  33.7"," 4","1018.4"," 4","967.2"," 4","  9.3"," 4","  7.3"," 4","  9.7","999.9","  54.7"," ","  31.1"," "," 0.00","I","999.9","000000"
"36777099999","2019-03-18","45.333","78.017","443.0","KARATAL E, KZ","  32.7"," 4","  20.4"," 4","1018.8"," 4","966.7"," 4","  9.3"," 4"," 15.5"," 4"," 19.4","999.9","  43.9"," ","  26.1","*"," 0.00","I","999.9","000000"
"36777099999","2019-03-19","45.333","78.017","443.0","KARATAL E, KZ","  29.0"," 4","  24.1"," 4","1021.1"," 4","968.6"," 4","  7.8"," 4","  8.3"," 4"," 11.7","999.9","  49.3"," ","  21.4"," "," 0.00","I","999.9","000000"
"36777099999","2019-03-20","45.333","78.017","443.0","KARATAL E, KZ","  34.5"," 4","  25.6"," 4","1023.0"," 4","971.0"," 4"," 18.6"," 4","  8.7"," 4"," 11.7","999.9","  50.5"," ","  23.9"," "," 0.00","I","999.9","000000"
"36777099999","2019-03-21","45.333","78.017","443.0","KARATAL E, KZ","  37.1"," 4","  27.0"," 4","1022.9"," 4","971.1"," 4","  9.3"," 4","  4.9"," 4","  7.8","999.9","  52.7"," ","  24.3"," "," 0.00","I","999.9","000000"
"36777099999","2019-03-22","45.333","78.017","443.0","KARATAL E, KZ","  45.0"," 4","  26.1"," 4","1021.3"," 4","970.4"," 4"," 18.6"," 4","999.9"," 0","999.9","999.9","  63.9"," ","  24.4"," "," 0.00","I","999.9","000000"
"36777099999","2019-03-23","45.333","78.017","443.0","KARATAL E, KZ","  47.5"," 4","  30.1"," 4","1017.6"," 4","964.5"," 4"," 14.0"," 4","999.9"," 0","999.9","999.9","  65.3"," ","  31.6"," "," 0.00","I","999.9","000000"
"36777099999","2019-03-24","45.333","78.017","443.0","KARATAL E, KZ","  44.2"," 4","  31.7"," 4","1021.4"," 4","970.5"," 4","  9.3"," 4","999.9"," 0","999.9","999.9","  56.8"," ","  31.1"," "," 0.00","I","999.9","000000"
"36777099999","2019-03-25","45.333","78.017","443.0","KARATAL E, KZ","  48.4"," 4","  36.5"," 4","1022.7"," 4","972.1"," 4","  9.3"," 4","999.9"," 0","999.9","999.9","  61.2"," ","  38.3"," "," 0.00","I","999.9","000000"
"36777099999","2019-03-26","45.333","78.017","443.0","KARATAL E, KZ","  49.4"," 4","  35.0"," 4","1020.8"," 4","970.3"," 4"," 18.6"," 4","  6.3"," 4","  9.7","999.9","  65.5"," ","  34.2"," "," 0.00","I","999.9","000000"
"36777099999","2019-03-27","45.333","78.017","443.0","KARATAL E, KZ","  49.8"," 4","  34.5"," 4","1017.5"," 4","967.2"," 4"," 18.6"," 4","  6.8"," 4","  9.7","999.9","  63.1"," ","  34.9"," "," 0.00","I","999.9","000000"
"36777099999","2019-03-28","45.333","78.017","443.0","KARATAL E, KZ","  50.0"," 4","  41.7"," 4","1016.3"," 4","966.2"," 4","  7.8"," 4","  4.4"," 4","  7.8","999.9","  64.0"," ","  41.2"," "," 0.00","I","999.9","000000"
"36777099999","2019-03-29","45.333","78.017","443.0","KARATAL E, KZ","  60.7"," 4","  43.9"," 4","1012.7"," 4","963.8"," 4","  9.3"," 4","  4.9"," 4","  9.7","999.9","  74.7"," ","  45.9"," "," 0.00","I","999.9","000000"
"36777099999","2019-03-30","45.333","78.017","443.0","KARATAL E, KZ","  47.2"," 4","  44.4"," 4","1022.1"," 4","971.4"," 4","  6.8"," 4","  2.4"," 4","  3.9","999.9","  51.1"," ","  43.5"," ","99.99"," ","999.9","010000"
"36777099999","2019-03-31","45.333","78.017","443.0","KARATAL E, KZ","  50.6"," 4","  40.6"," 4","1021.5"," 4","971.2"," 4"," 18.6"," 4","999.9"," 0","999.9","999.9","  66.4"," ","  34.5"," "," 0.00","I","999.9","000000"
"36777099999","2019-04-01","45.333","78.017","443.0","KARATAL E, KZ","  51.7"," 4","  41.3"," 4","1019.5"," 4","999.9"," 0"," 14.0"," 4","999.9"," 0","999.9","999.9","  65.1","*","  38.3"," "," 0.00","I","999.9","000000"
"36777099999","2019-04-02","45.333","78.017","443.0","KARATAL E, KZ","  48.7"," 4","  41.8"," 4","1022.9"," 4","972.3"," 4","  9.3"," 4","  4.4"," 4","  7.8","999.9","  56.5"," ","  41.9"," "," 0.00","I","999.9","000000"
"36777099999","2019-04-03","45.333","78.017","443.0","KARATAL E, KZ","  58.2"," 4","  44.6"," 4","1017.3"," 4","967.9"," 4"," 24.9"," 4","999.9"," 0","999.9","999.9","  72.9"," ","  34.2"," "," 0.00","I","999.9","000000"
"36777099999","2019-04-04","45.333","78.017","443.0","KARATAL E, KZ","  53.7"," 4","  47.2"," 4","1020.2"," 4","970.2"," 4","  9.3"," 4","999.9"," 0","999.9","999.9","  65.5"," ","  44.1"," "," 0.00","I","999.9","000000"
"36777099999","2019-04-05","45.333","78.017","443.0","KARATAL E, KZ","  59.7"," 4","  42.8"," 4","1017.1"," 4","967.8"," 4"," 14.0"," 4","  2.4"," 4","  3.9","999.9","  74.1"," ","  39.2"," "," 0.00","I","999.9","000000"
"36777099999","2019-04-06","45.333","78.017","443.0","KARATAL E, KZ","  53.9"," 4","  40.4"," 4","1023.5"," 4","973.4"," 4","  9.3"," 4","999.9"," 0","999.9","999.9","  61.9"," ","  48.4","*","99.99"," ","999.9","010000"
"36777099999","2019-04-07","45.333","78.017","443.0","KARATAL E, KZ","  48.0"," 4","  29.2"," 4","1025.2"," 4","974.4"," 4"," 18.6"," 4"," 11.7"," 4"," 13.6","999.9","  58.5"," ","  39.2"," "," 0.00","I","999.9","000000"
"36777099999","2019-04-08","45.333","78.017","443.0","KARATAL E, KZ","  49.0"," 4","  25.3"," 4","1019.9"," 4","969.5"," 4"," 18.6"," 4"," 10.7"," 4"," 13.6","999.9","  63.0"," ","  37.0"," "," 0.00","I","999.9","000000"
"36777099999","2019-04-09","45.333","78.017","443.0","KARATAL E, KZ","  53.9"," 4","  33.6"," 4","1010.2"," 4","960.7"," 4"," 20.2"," 4","999.9"," 0","999.9","999.9","  69.4"," ","  32.4"," "," 0.00","I","999.9","000000"
"36777099999","2019-04-10","45.333","78.017","443.0","KARATAL E, KZ","  53.9"," 4","  45.1"," 4","1015.1"," 4","965.5"," 4"," 10.9"," 4","999.9"," 0","999.9","999.9","  62.6"," ","  49.1"," "," 0.00","I","999.9","000000"
"36777099999","2019-04-11","45.333","78.017","443.0","KARATAL E, KZ","  53.5"," 4","  39.2"," 4","1018.3"," 4","968.5"," 4"," 10.9"," 4","  8.3"," 4","  9.7","999.9","  63.3"," ","  47.3"," "," 0.00","I","999.9","000000"
"36777099999","2019-04-12","45.333","78.017","443.0","KARATAL E, KZ","  54.0"," 4","  33.6"," 4","1018.1"," 4","968.2"," 4"," 10.9"," 4","999.9"," 0","999.9","999.9","  68.2"," ","  38.1","*"," 0.00","I","999.9","000000"
"36777099999","2019-04-13","45.333","78.017","443.0","KARATAL E, KZ","  58.5"," 4","  42.1"," 4","1016.3"," 4","967.0"," 4"," 20.2"," 4","  2.4"," 4","  3.9","999.9","  75.0"," ","  42.1"," "," 0.00","I","999.9","000000"
"36777099999","2019-04-14","45.333","78.017","443.0","KARATAL E, KZ","  59.6"," 4","  41.4"," 4","1014.3"," 4","965.2"," 4"," 24.9"," 4","999.9"," 0","999.9","999.9","  76.3"," ","  41.2"," "," 0.00","I","999.9","000000"
"36777099999","2019-04-15","45.333","78.017","443.0","KARATAL E, KZ","  65.5"," 4","  43.8"," 4","1005.1"," 4","956.9"," 4"," 23.9"," 4","999.9"," 0","999.9","999.9","  85.6"," ","  41.4"," ","99.99"," ","999.9","010000"
"36777099999","2019-04-16","45.333","78.017","443.0","KARATAL E, KZ","  58.9"," 4","  48.0"," 4","1010.2"," 4","961.3"," 4"," 15.5"," 4","999.9"," 0","999.9","999.9","  67.5"," ","  50.9","*"," 0.00","I","999.9","000000"
"36777099999","2019-04-17","45.333","78.017","443.0","KARATAL E, KZ","  59.8"," 4","  44.4"," 4","1012.2"," 4","963.2"," 4"," 15.5"," 4","  4.4"," 4","  5.8","999.9","  71.1"," ","  45.1"," "," 0.00","I","999.9","000000"
"36777099999","2019-04-18","45.333","78.017","443.0","KARATAL E, KZ","  54.7"," 4","  34.4"," 4","1016.0"," 4","966.3"," 4"," 24.9"," 4","  9.7"," 4"," 15.5","999.9","  75.2"," ","  36.0","*"," 0.00","I","999.9","000000"
"36777099999","2019-04-19","45.333","78.017","443.0","KARATAL E, KZ","  51.4"," 4","  39.5"," 4","1013.6"," 4","963.7"," 4"," 24.9"," 4","  4.4"," 4","  9.7","999.9","  67.1"," ","  30.2"," ","99.99"," ","999.9","010000"
"36777099999","2019-04-20","45.333","78.017","443.0","KARATAL E, KZ","  55.9"," 4","  52.2"," 4","1012.5"," 4","963.2"," 4","  9.3"," 4","999.9"," 0","999.9","999.9","  61.0"," ","  53.2","*","99.99"," ","999.9","010000"
"36777099999","2019-04-21","45.333","78.017","443.0","KARATAL E, KZ","  52.5"," 4","  45.4"," 4","1013.8"," 4","964.0"," 4"," 15.5"," 4","999.9"," 0","999.9","999.9","  63.0"," ","  46.4","*","99.99"," ","999.9","010000"
"36777099999","2019-04-22","45.333","78.017","443.0","KARATAL E, KZ","  48.4"," 4","  40.8"," 4","1019.1"," 4","968.7"," 4","  8.4"," 4","  2.9"," 4","  5.8","999.9","  62.1"," ","  38.3"," ","99.99"," ","999.9","010000"
"36777099999","2019-04-23","45.333","78.017","443.0","KARATAL E, KZ","  57.9"," 4","  39.4"," 4","1014.7"," 4","965.4"," 4"," 24.9"," 4","999.9"," 0","999.9","999.9","  72.9"," ","  38.7"," "," 0.00","I","999.9","000000"
"36777099999","2019-04-24","45.333","78.017","443.0","KARATAL E, KZ","  60.0"," 4","  41.3"," 4","1009.9"," 4","961.0"," 4"," 20.2"," 4","  6.8"," 4"," 13.6","999.9","  73.8"," ","  45.5"," "," 0.00","I","999.9","000000"
"36777099999","2019-04-25","45.333","78.017","443.0","KARATAL E, KZ","  54.1"," 4","  44.4"," 4","1021.7"," 4","971.7"," 4","  8.4"," 4","  4.4"," 4","  7.8","999.9","  63.1"," ","  48.0","*","99.99"," ","999.9","010000"
"36777099999","2019-04-26","45.333","78.017","443.0","KARATAL E, KZ","  51.3"," 4","  42.5"," 4","1023.4"," 4","973.0"," 4"," 15.5"," 4","999.9"," 0","999.9","999.9","  59.7"," ","  46.4"," ","99.99"," ","999.9","010000"
"36777099999","2019-04-27","45.333","78.017","443.0","KARATAL E, KZ","  56.2"," 4","  36.7"," 4","1022.3"," 4","972.5"," 4"," 20.2"," 4","  4.9"," 4","  7.8","999.9","  68.5"," ","  45.9"," "," 0.00","I","999.9","000000"
"36777099999","2019-04-28","45.333","78.017","443.0","KARATAL E, KZ","  60.8"," 4","  39.0"," 4","1021.4"," 4","972.0"," 4"," 24.9"," 4","  2.4"," 4","  3.9","999.9","  73.4"," ","  46.4"," "," 0.00","I","999.9","000000"
"36777099999","2019-04-29","45.333","78.017","443.0","KARATAL E, KZ","  59.5"," 4","  37.2"," 4","1014.2"," 4","965.0"," 4"," 24.9"," 4","999.9"," 0","999.9","999.9","  76.3"," ","  41.0"," "," 0.00","I","999.9","000000"
"36777099999","2019-04-30","45.333","78.017","443.0","KARATAL E, KZ","  57.5"," 4","  43.5"," 4","1011.2"," 4","962.1"," 4"," 20.2"," 4","999.9"," 0","999.9","999.9","  72.9"," ","  41.9"," "," 0.00","I","999.9","000000"
"36777099999","2019-05-01","45.333","78.017","443.0","KARATAL E, KZ","  58.9"," 4","  47.1"," 4","1015.2"," 4","966.0"," 4"," 10.9"," 4","999.9"," 0","999.9","999.9","  75.6"," ","  53.2"," "," 0.00","I","999.9","000010"
"36777099999","2019-05-02","45.333","78.017","443.0","KARATAL E, KZ","  55.8"," 4","  50.2"," 4","1016.2"," 4","966.7"," 4","  8.4"," 4","  5.8"," 4","  7.8","999.9","  65.8"," ","  50.9"," ","99.99"," ","999.9","010000"
"36777099999","2019-05-03","45.333","78.017","443.0","KARATAL E, KZ","  50.2"," 4","  40.0"," 4","1021.9"," 4","971.5"," 4"," 13.0"," 4","  5.3"," 4","  9.7","999.9","  60.4"," ","  43.5","*","99.99"," ","999.9","010000"
"36777099999","2019-05-04","45.333","78.017","443.0","KARATAL E, KZ","  46.6"," 4","  38.4"," 4","1027.9"," 4","976.7"," 4"," 10.9"," 4","999.9"," 0","999.9","999.9","  56.7"," ","  38.3"," ","99.99"," ","999.9","010000"
"36777099999","2019-05-05","45.333","78.017","443.0","KARATAL E, KZ","  50.9"," 4","  36.7"," 4","9999.9"," 0","999.9"," 0"," 20.2"," 4","999.9"," 0","999.9","999.9","  65.7"," ","  37.4"," "," 0.00","I","999.9","000000"
"36777099999","2019-05-06","45.333","78.017","443.0","KARATAL E, KZ","  55.7"," 4","  34.0"," 4","1025.0"," 4","975.0"," 4"," 20.2"," 4","999.9"," 0","999.9","999.9","  72.0"," ","  37.4"," "," 0.00","I","999.9","000000"
"36777099999","2019-05-07","45.333","78.017","443.0","KARATAL E, KZ","  60.1"," 4","  36.9"," 4","1019.9"," 4","970.5"," 4"," 24.9"," 4","  5.8"," 4","  9.7","999.9","  75.7"," ","  45.3"," "," 0.00","I","999.9","000000"
"36777099999","2019-05-08","45.333","78.017","443.0","KARATAL E, KZ","  61.6"," 4","  39.6"," 4","1017.8"," 4","968.6"," 4"," 24.9"," 4","999.9"," 0","999.9","999.9","  79.2"," ","  44.1"," "," 0.00","I","999.9","000000"
"36777099999","2019-05-09","45.333","78.017","443.0","KARATAL E, KZ","  66.1"," 4","  40.1"," 4","1015.5"," 4","967.0"," 4"," 24.9"," 4","  7.3"," 4"," 11.7","999.9","  81.1"," ","  43.7"," "," 0.00","I","999.9","000000"
"36777099999","2019-05-10","45.333","78.017","443.0","KARATAL E, KZ","  68.0"," 4","  38.8"," 4","1012.9"," 4","964.6"," 4"," 24.9"," 4","  9.2"," 4"," 13.6","999.9","  83.8"," ","  49.6"," "," 0.00","I","999.9","000000"
"36777099999","2019-05-11","45.333","78.017","443.0","KARATAL E, KZ","  61.6"," 4","  33.4"," 4","1013.3"," 4","964.4"," 4"," 24.9"," 4","  3.9"," 4","  5.8","999.9","  79.3"," ","  45.3"," "," 0.00","I","999.9","000000"
"36777099999","2019-05-12","45.333","78.017","443.0","KARATAL E, KZ","  61.9"," 4","  38.1"," 4","1013.2"," 4","964.3"," 4"," 15.5"," 4","999.9"," 0","999.9","999.9","  82.0"," ","  46.8"," "," 0.00","I","999.9","000000"
"36777099999","2019-05-13","45.333","78.017","443.0","KARATAL E, KZ","  63.2"," 4","  38.4"," 4","1014.0"," 4","965.2"," 4"," 20.2"," 4","999.9"," 0","999.9","999.9","  81.9"," ","  43.2"," "," 0.00","I","999.9","000000"
"36777099999","2019-05-14","45.333","78.017","443.0","KARATAL E, KZ","  56.7"," 4","  30.2"," 4","1017.2"," 4","967.6"," 4"," 20.2"," 4","  3.4"," 4","  5.8","999.9","  72.0"," ","  45.9"," "," 0.00","I","999.9","000000"
"36777099999","2019-05-15","45.333","78.017","443.0","KARATAL E, KZ","  52.7"," 4","  37.8"," 4","1014.8"," 4","965.0"," 4"," 24.9"," 4"," 13.6"," 4"," 19.4","999.9","  76.1"," ","  42.4","*"," 0.00","I","999.9","000000"
"36777099999","2019-05-16","45.333","78.017","443.0","KARATAL E, KZ","  47.3"," 4","  24.8"," 4","1019.1"," 4","968.5"," 4"," 20.2"," 4","  8.3"," 4","  9.7","999.9","  62.1"," ","  36.3"," "," 0.00","I","999.9","000000"
"36777099999","2019-05-17","45.333","78.017","443.0","KARATAL E, KZ","  49.5"," 4","  18.0"," 4","1019.5"," 4","969.1"," 4"," 18.6"," 4"," 10.7"," 4"," 13.6","999.9","  62.2"," ","  39.2"," "," 0.00","I","999.9","000000"
"36777099999","2019-05-18","45.333","78.017","443.0","KARATAL E, KZ","  64.4"," 4","  31.7"," 4","1009.7"," 4","961.1"," 4"," 24.9"," 4","  2.4"," 4","  3.9","999.9","  80.4"," ","  36.0","*"," 0.00","I","999.9","000000"
"36777099999","2019-05-19","45.333","78.017","443.0","KARATAL E, KZ","  71.1"," 4","  49.2"," 4","1011.0"," 4","963.2"," 4"," 24.9"," 4","  3.9"," 4","  5.8","999.9","  84.7"," ","  59.7"," "," 0.00","I","999.9","000000"
"36777099999","2019-05-20","45.333","78.017","443.0","KARATAL E, KZ","  74.8"," 4","  49.3"," 4","1010.2"," 4","962.7"," 4"," 20.2"," 4","  4.9"," 4","  7.8","999.9","  89.1"," ","  63.3"," "," 0.00","I","999.9","000000"
"36777099999","2019-05-21","45.333","78.017","443.0","KARATAL E, KZ","  78.1"," 4","  49.9"," 4","1006.1"," 4","959.1"," 4"," 20.2"," 4","  4.9"," 4","  5.8","999.9","  92.5"," ","  53.2"," "," 0.00","I","999.9","000000"
"36777099999","2019-05-22","45.333","78.017","443.0","KARATAL E, KZ","  60.7"," 4","  51.1"," 4","1011.7"," 4","962.9"," 4"," 10.9"," 4","  3.9"," 4","  5.8","999.9","  76.5"," ","  53.4","*","99.99"," ","999.9","010000"
"36777099999","2019-05-23","45.333","78.017","443.0","KARATAL E, KZ","  56.6"," 4","  40.3"," 4","1018.1"," 4","968.5"," 4"," 20.2"," 4","  3.4"," 4","  7.8","999.9","  72.9"," ","  42.8"," "," 0.00","I","999.9","000000"
"36777099999","2019-05-24","45.333","78.017","443.0","KARATAL E, KZ","  61.0"," 4","  37.3"," 4","1013.2"," 4","964.2"," 4"," 24.9"," 4"," 10.2"," 4"," 19.4","999.9","  73.8"," ","  43.7"," "," 0.00","I","999.9","000000"
"36777099999","2019-05-25","45.333","78.017","443.0","KARATAL E, KZ","  61.6"," 4","  42.4"," 4","1012.6"," 4","963.8"," 4"," 24.9"," 4","999.9"," 0","999.9","999.9","  74.8"," ","  47.7"," "," 0.00","I","999.9","000000"
"36777099999","2019-05-26","45.333","78.017","443.0","KARATAL E, KZ","  64.4"," 4","  50.4"," 4","1018.4"," 4","969.6"," 4"," 18.6"," 4","  2.9"," 4","  3.9","999.9","  79.3"," ","  55.9"," ","99.99"," ","999.9","010010"
"36777099999","2019-05-27","45.333","78.017","443.0","KARATAL E, KZ","  60.0"," 4","  38.1"," 4","1023.5"," 4","974.0"," 4"," 20.2"," 4","  9.2"," 4"," 13.6","999.9","  74.5"," ","  47.8"," "," 0.00","I","999.9","000000"
"36777099999","2019-05-28","45.333","78.017","443.0","KARATAL E, KZ","  60.4"," 4","  33.9"," 4","1021.3"," 4","971.9"," 4"," 24.9"," 4","  4.9"," 4","  7.8","999.9","  78.4"," ","  41.5"," "," 0.00","I","999.9","000000"
"36777099999","2019-05-29","45.333","78.017","443.0","KARATAL E, KZ","  68.5"," 4","  37.6"," 4","1014.4"," 4","966.0"," 4"," 24.9"," 4","  5.3"," 4","  7.8","999.9","  86.7"," ","  46.4"," "," 0.00","I","999.9","000000"
"36777099999","2019-05-30","45.333","78.017","443.0","KARATAL E, KZ","  71.5"," 4","  45.1"," 4","1009.8"," 4","962.0"," 4"," 24.9"," 4","999.9"," 0","999.9","999.9","  93.4"," ","  48.6"," "," 0.00","I","999.9","000000"
"36777099999","2019-05-31","45.333","78.017","443.0","KARATAL E, KZ","  71.2"," 4","  46.3"," 4","1010.9"," 4","962.9"," 4"," 24.9"," 4","999.9"," 0","999.9","999.9","  90.3"," ","  49.1"," "," 0.00","I","999.9","000000"
"36777099999","2019-06-01","45.333","78.017","443.0","KARATAL E, KZ","  74.3"," 4","  49.0"," 4","1008.1"," 4","960.6"," 4"," 24.9"," 4","999.9"," 0","999.9","999.9","  91.9"," ","  56.3"," "," 0.00","I","999.9","000000"
"36777099999","2019-06-02","45.333","78.017","443.0","KARATAL E, KZ","  68.0"," 4","  58.9"," 4","1010.7"," 4","962.7"," 4"," 15.5"," 4","999.9"," 0","999.9","999.9","  75.6"," ","  64.0","*"," 0.00","I","999.9","000000"
"36777099999","2019-06-03","45.333","78.017","443.0","KARATAL E, KZ","  72.5"," 4","  55.4"," 4","1010.5"," 4","962.8"," 4"," 24.9"," 4","999.9"," 0","999.9","999.9","  87.4"," ","  55.9"," "," 0.00","I","999.9","000000"
"36777099999","2019-06-04","45.333","78.017","443.0","KARATAL E, KZ","  72.5"," 4","  57.3"," 4","1009.4"," 4","961.8"," 4"," 10.9"," 4","  4.4"," 4","  5.8","999.9","  88.5"," ","  63.1"," "," 0.00","I","999.9","000010"
"36777099999","2019-06-05","45.333","78.017","443.0","KARATAL E, KZ","  77.3"," 4","  54.5"," 4","1006.6"," 4","959.5"," 4"," 15.5"," 4","  4.9"," 4","  5.8","999.9","  93.0"," ","  66.9"," "," 0.00","I","999.9","000000"
"36777099999","2019-06-06","45.333","78.017","443.0","KARATAL E, KZ","  70.4"," 4","  56.6"," 4","1006.5"," 4","958.8"," 4"," 15.5"," 4","  2.4"," 4","  3.9","999.9","  89.2"," ","  64.8","*","99.99"," ","999.9","010000"
"36777099999","2019-06-07","45.333","78.017","443.0","KARATAL E, KZ","  69.3"," 4","  48.0"," 4","1009.9"," 4","961.9"," 4"," 20.2"," 4","999.9"," 0","999.9","999.9","  83.8"," ","  56.8"," "," 0.00","I","999.9","000000"
"36777099999","2019-06-08","45.333","78.017","443.0","KARATAL E, KZ","  64.4"," 4","  49.8"," 4","1008.7"," 4","960.4"," 4"," 10.9"," 4","  9.7"," 4"," 19.4","999.9","  82.8"," ","  62.1"," ","99.99"," ","999.9","010000"
"36777099999","2019-06-09","45.333","78.017","443.0","KARATAL E, KZ","  63.9"," 4","  49.9"," 4","1010.3"," 4","961.8"," 4"," 24.9"," 4","  4.9"," 4","  9.7","999.9","  74.8"," ","  59.0"," "," 0.00","I","999.9","000000"
"36777099999","2019-06-10","45.333","78.017","443.0","KARATAL E, KZ","  65.7"," 4","  51.7"," 4","1012.4"," 4","964.0"," 4"," 20.2"," 4","  3.9"," 4","  5.8","999.9","  74.1"," ","  55.9"," "," 0.00","I","999.9","000000"
"36777099999","2019-06-11","45.333","78.017","443.0","KARATAL E, KZ","  62.3"," 4","  52.5"," 4","1016.6"," 4","967.7"," 4"," 15.5"," 4","  3.9"," 4","  7.8","999.9","  72.1"," ","  56.5","*"," 0.00","I","999.9","000000"
"36777099999","2019-06-12","45.333","78.017","443.0","KARATAL E, KZ","  64.9"," 4","  50.1"," 4","1014.0"," 4","965.4"," 4"," 10.9"," 4","999.9"," 0","999.9","999.9","  77.0"," ","  53.2"," "," 0.00","I","999.9","000000"
"36777099999","2019-06-13","45.333","78.017","443.0","KARATAL E, KZ","  74.3"," 4","  53.2"," 4","1008.2"," 4","960.8"," 4"," 20.2"," 4","  3.4"," 4","  3.9","999.9","  82.9"," ","  63.3","*"," 0.00","I","999.9","000000"
"36777099999","2019-06-14","45.333","78.017","443.0","KARATAL E, KZ","  73.7"," 4","  52.9"," 4","1004.8"," 4","957.5"," 4"," 23.9"," 4","999.9"," 0","999.9","999.9","  90.1"," ","  55.4"," ","99.99"," ","999.9","010000"
"36777099999","2019-06-15","45.333","78.017","443.0","KARATAL E, KZ","  75.0"," 4","  55.2"," 4","1003.8"," 4","956.6"," 4"," 24.9"," 4","  3.4"," 4","  3.9","999.9","  90.1"," ","  61.9"," "," 0.00","I","999.9","000000"
"36777099999","2019-06-16","45.333","78.017","443.0","KARATAL E, KZ","  63.4"," 4","  53.6"," 4","1010.6"," 4","962.1"," 4"," 10.9"," 4","  2.4"," 4","  3.9","999.9","  76.5"," ","  57.9","*"," 0.00","I","999.9","000000"
"36777099999","2019-06-17","45.333","78.017","443.0","KARATAL E, KZ","  71.0"," 4","  52.2"," 4","1007.2"," 4","959.5"," 4"," 24.9"," 4","999.9"," 0","999.9","999.9","  87.8"," ","  53.6"," "," 0.00","I","999.9","000000"
"36777099999","2019-06-18","45.333","78.017","443.0","KARATAL E, KZ","  75.1"," 4","  50.2"," 4","1004.9"," 4","957.7"," 4"," 24.9"," 4","999.9"," 0","999.9","999.9","  92.8"," ","  56.1"," "," 0.00","I","999.9","000000"
"36777099999","2019-06-19","45.333","78.017","443.0","KARATAL E, KZ","  70.1"," 4","  43.4"," 4","1009.0"," 4","961.1"," 4"," 24.9"," 4","999.9"," 0","999.9","999.9","  86.7"," ","  52.7"," "," 0.00","I","999.9","000000"
"36777099999","2019-06-20","45.333","78.017","443.0","KARATAL E, KZ","  73.8"," 4","  46.5"," 4","1009.6"," 4","962.0"," 4"," 20.2"," 4","999.9"," 0","999.9","999.9","  88.5"," ","  56.7"," "," 0.00","I","999.9","000000"
"36777099999","2019-06-21","45.333","78.017","443.0","KARATAL E, KZ","  70.7"," 4","  47.9"," 4","1007.2"," 4","959.9"," 4"," 24.9"," 4","  2.9"," 4","  3.9","999.9","  91.4"," ","  57.9"," "," 0.00","I","999.9","000000"
"36777099999","2019-06-22","45.333","78.017","443.0","KARATAL E, KZ","  76.5"," 4","  51.5"," 4","1007.0"," 4","959.8"," 4"," 24.9"," 4","999.9"," 0","999.9","999.9","  87.8"," ","  60.6"," "," 0.00","I","999.9","000000"
"36777099999","2019-06-23","45.333","78.017","443.0","KARATAL E, KZ","  75.2"," 4","  53.6"," 4","1010.7"," 4","963.2"," 4"," 24.9"," 4","999.9"," 0","999.9","999.9","  89.1"," ","  64.9","*"," 0.00","I","999.9","000000"
"36777099999","2019-06-24","45.333","78.017","443.0","KARATAL E, KZ","  71.7"," 4","  41.2"," 4","1013.7"," 4","965.7"," 4"," 24.9"," 4","  4.4"," 4","  7.8","999.9","  86.0"," ","  52.5"," "," 0.00","I","999.9","000000"
"36777099999","2019-06-25","45.333","78.017","443.0","KARATAL E, KZ","  73.8"," 4","  50.4"," 4","1011.2"," 4","963.5"," 4"," 24.9"," 4","999.9"," 0","999.9","999.9","  91.8"," ","  55.4"," "," 0.00","I","999.9","000000"
"36777099999","2019-06-26","45.333","78.017","443.0","KARATAL E, KZ","  77.1"," 4","  53.6"," 4","1006.7"," 4","959.6"," 4"," 24.9"," 4","999.9"," 0","999.9","999.9","  95.5"," ","  59.4"," "," 0.00","I","999.9","000000"
"36777099999","2019-06-27","45.333","78.017","443.0","KARATAL E, KZ","  77.1"," 4","  48.5"," 4","1003.8"," 4","956.7"," 4"," 24.9"," 4","999.9"," 0","999.9","999.9","  94.6"," ","  59.9"," "," 0.00","I","999.9","000000"
"36777099999","2019-06-28","45.333","78.017","443.0","KARATAL E, KZ","  84.1"," 4","  51.5"," 4","1001.7"," 4","955.4"," 4"," 24.9"," 4","  5.8"," 4","  7.8","999.9","  99.0"," ","  66.2"," "," 0.00","I","999.9","000000"
"36777099999","2019-06-29","45.333","78.017","443.0","KARATAL E, KZ","  81.2"," 4","  56.4"," 4","1002.7"," 4","956.2"," 4"," 24.9"," 4","999.9"," 0","999.9","999.9","  98.6"," ","  63.7"," "," 0.00","I","999.9","000000"
"36777099999","2019-06-30","45.333","78.017","443.0","KARATAL E, KZ","  78.6"," 4","  53.2"," 4","1004.8"," 4","957.9"," 4"," 24.9"," 4","  8.7"," 4","  9.7","999.9","  91.0"," ","  69.3"," "," 0.00","I","999.9","000000"
"36777099999","2019-07-01","45.333","78.017","443.0","KARATAL E, KZ","  69.7"," 4","  39.5"," 4","1007.6"," 4","959.7"," 4"," 24.9"," 4","  5.8"," 4","  7.8","999.9","  86.2"," ","  56.7"," "," 0.00","I","999.9","000000"
"36777099999","2019-07-02","45.333","78.017","443.0","KARATAL E, KZ","  75.3"," 4","  43.4"," 4","1005.7"," 4","958.3"," 4"," 24.9"," 4","  3.9"," 4","  5.8","999.9","  93.4"," ","  57.2"," "," 0.00","I","999.9","000000"
"36777099999","2019-07-03","45.333","78.017","443.0","KARATAL E, KZ","  70.9"," 4","  51.9"," 4","1011.8"," 4","964.0"," 4"," 20.2"," 4","  3.4"," 4","  5.8","999.9","  83.8"," ","  61.9"," "," 0.00","I","999.9","000000"
"36777099999","2019-07-04","45.333","78.017","443.0","KARATAL E, KZ","  73.7"," 4","  52.2"," 4","1011.8"," 4","964.0"," 4"," 15.5"," 4","999.9"," 0","999.9","999.9","  89.2"," ","  56.5"," "," 0.00","I","999.9","000000"
"36777099999","2019-07-05","45.333","78.017","443.0","KARATAL E, KZ","  80.8"," 4","  50.5"," 4","1005.8"," 4","958.9"," 4"," 24.9"," 4","  2.4"," 4","  3.9","999.9","  95.5"," ","  63.1"," "," 0.00","I","999.9","000000"
"36777099999","2019-07-06","45.333","78.017","443.0","KARATAL E, KZ","  81.9"," 4","  50.2"," 4","1001.3"," 4","999.9"," 0"," 24.9"," 4","999.9"," 0","999.9","999.9","  99.1"," ","  61.9"," "," 0.00","I","999.9","000000"
"36777099999","2019-07-07","45.333","78.017","443.0","KARATAL E, KZ","  81.4"," 4","  55.5"," 4","1002.8"," 4","956.1"," 4"," 20.2"," 4","  2.4"," 4","  3.9","999.9","  98.6"," ","  67.5"," "," 0.00","I","999.9","000000"
"36777099999","2019-07-08","45.333","78.017","443.0","KARATAL E, KZ","  84.0"," 4","  54.0"," 4","1002.2"," 4","955.8"," 4"," 24.9"," 4","999.9"," 0","999.9","999.9"," 101.5"," ","  62.6"," "," 0.00","I","999.9","000000"
"36777099999","2019-07-09","45.333","78.017","443.0","KARATAL E, KZ","  83.2"," 4","  59.6"," 4","1000.6"," 4","954.2"," 4"," 24.9"," 4","999.9"," 0","999.9","999.9","  99.3"," ","  70.5","*"," 0.00","I","999.9","000000"
"36777099999","2019-07-10","45.333","78.017","443.0","KARATAL E, KZ","  77.9"," 4","  59.9"," 4","1006.2"," 4","958.4"," 4"," 10.9"," 4","  2.9"," 4","  3.9","999.9","  89.4"," ","  66.9"," ","99.99"," ","999.9","010000"
"36777099999","2019-07-11","45.333","78.017","443.0","KARATAL E, KZ","  77.5"," 4","  44.9"," 4","1006.4"," 4","959.0"," 4"," 24.9"," 4","  6.8"," 4","  9.7","999.9","  91.2"," ","  65.3"," "," 0.00","I","999.9","000000"
"36777099999","2019-07-12","45.333","78.017","443.0","KARATAL E, KZ","  78.2"," 4","  46.4"," 4","1002.6"," 4","955.6"," 4"," 24.9"," 4","  5.8"," 4","  9.7","999.9","  94.6"," ","  62.8"," "," 0.00","I","999.9","000000"
"36777099999","2019-07-13","45.333","78.017","443.0","KARATAL E, KZ","  79.1"," 4","  52.5"," 4","1000.2"," 4","953.5"," 4"," 24.9"," 4","  3.4"," 4","  3.9","999.9","  96.3"," ","  63.5"," "," 0.00","I","999.9","000000"
"36777099999","2019-07-14","45.333","78.017","443.0","KARATAL E, KZ","  77.8"," 4","  55.0"," 4","1000.4"," 4","953.7"," 4"," 24.9"," 4","999.9"," 0","999.9","999.9","  92.1"," ","  66.2"," "," 0.00","I","999.9","000000"
"36777099999","2019-07-15","45.333","78.017","443.0","KARATAL E, KZ","  79.1"," 4","  58.1"," 4","1001.0"," 4","954.3"," 4"," 15.5"," 4","999.9"," 0","999.9","999.9","  93.7"," ","  68.0"," "," 0.00","I","999.9","000000"
"36777099999","2019-07-16","45.333","78.017","443.0","KARATAL E, KZ","  79.1"," 4","  52.6"," 4","1002.3"," 4","955.5"," 4"," 10.9"," 4","999.9"," 0","999.9","999.9","  95.9"," ","  66.2"," "," 0.00","I","999.9","000000"
"36777099999","2019-07-17","45.333","78.017","443.0","KARATAL E, KZ","  79.7"," 4","  47.3"," 4","1003.2"," 4","956.3"," 4"," 10.9"," 4","999.9"," 0","999.9","999.9","  98.2"," ","  59.4"," "," 0.00","I","999.9","000000"
"36777099999","2019-07-18","45.333","78.017","443.0","KARATAL E, KZ","  81.8"," 4","  51.0"," 4","1002.5"," 4","955.9"," 4"," 20.2"," 4","999.9"," 0","999.9","999.9"," 104.2"," ","  56.5"," "," 0.00","I","999.9","000000"
"36777099999","2019-07-19","45.333","78.017","443.0","KARATAL E, KZ","  83.9"," 4","  53.2"," 4","1002.4"," 4","956.1"," 4"," 15.5"," 4","  3.9"," 4","  9.7","999.9"," 102.7"," ","  67.6"," "," 0.00","I","999.9","000000"
"36777099999","2019-07-20","45.333","78.017","443.0","KARATAL E, KZ","  80.8"," 4","9999.9"," 0","1002.7"," 4","956.1"," 4"," 10.9"," 4","999.9"," 0","999.9","999.9","  98.4"," ","  66.6","*"," 0.00","I","999.9","000000"
"36777099999","2019-07-21","45.333","78.017","443.0","KARATAL E, KZ","  77.5"," 4","  53.6"," 4","1005.4"," 4","958.4"," 4"," 10.9"," 4","999.9"," 0","999.9","999.9","  92.8"," ","  63.3"," "," 0.00","I","999.9","000000"
"36777099999","2019-07-22","45.333","78.017","443.0","KARATAL E, KZ","  81.2"," 4","  54.5"," 4","1002.1"," 4","955.5"," 4"," 15.5"," 4","999.9"," 0","999.9","999.9","  95.7"," ","  59.5"," "," 0.00","I","999.9","000000"
"36777099999","2019-07-23","45.333","78.017","443.0","KARATAL E, KZ","  79.1"," 4","  54.5"," 4","1004.1"," 4","957.2"," 4"," 10.9"," 4","  2.9"," 4","  5.8","999.9","  93.7"," ","  68.9","*"," 0.00","I","999.9","000000"
"36777099999","2019-07-24","45.333","78.017","443.0","KARATAL E, KZ","  76.7"," 4","  51.7"," 4","1003.9"," 4","956.9"," 4"," 10.9"," 4","999.9"," 0","999.9","999.9","  93.2"," ","  64.9","*"," 0.00","I","999.9","000000"
"36777099999","2019-07-25","45.333","78.017","443.0","KARATAL E, KZ","  71.9"," 4","  51.1"," 4","1004.4"," 4","956.9"," 4"," 20.2"," 4","999.9"," 0","999.9","999.9","  90.5"," ","  54.7"," ","99.99"," ","999.9","010000"
"36777099999","2019-07-26","45.333","78.017","443.0","KARATAL E, KZ","  71.9"," 4","  52.7"," 4","1003.2"," 4","955.8"," 4"," 10.9"," 4","999.9"," 0","999.9","999.9","  86.7"," ","  60.8"," "," 0.00","I","999.9","000000"
"36777099999","2019-07-27","45.333","78.017","443.0","KARATAL E, KZ","  72.3"," 4","  51.1"," 4","1004.8"," 4","957.3"," 4","  5.0"," 4","  2.9"," 4","  3.9","999.9","  86.4"," ","  56.3"," "," 0.00","I","999.9","000000"
"36777099999","2019-07-28","45.333","78.017","443.0","KARATAL E, KZ","  74.0"," 4","  47.4"," 4","1003.6"," 4","956.3"," 4"," 10.9"," 4","999.9"," 0","999.9","999.9","  91.2"," ","  58.1"," "," 0.00","I","999.9","000000"
"36777099999","2019-07-29","45.333","78.017","443.0","KARATAL E, KZ","  81.4"," 4","  53.4"," 4","1001.9"," 4","955.3"," 4"," 10.9"," 4","999.9"," 0","999.9","999.9"," 101.5"," ","  55.4"," "," 0.00","I","999.9","000000"
"36777099999","2019-07-30","45.333","78.017","443.0","KARATAL E, KZ","  74.8"," 4","  56.8"," 4","1007.7"," 4","960.3"," 4"," 17.1"," 4","999.9"," 0","999.9","999.9","  88.0","*","  63.0","*","99.99"," ","999.9","010000"
"36777099999","2019-07-31","45.333","78.017","443.0","KARATAL E, KZ","  79.9"," 4","  52.9"," 4","1004.1"," 4","957.3"," 4"," 20.2"," 4","999.9"," 0","999.9","999.9","  94.6"," ","  62.6"," "," 0.00","I","999.9","000000"
"36777099999","2019-08-01","45.333","78.017","443.0","KARATAL E, KZ","  83.5"," 4","  55.4"," 4"," 998.2"," 4","952.0"," 4"," 15.5"," 4","999.9"," 0","999.9","999.9"," 101.8"," ","  66.6"," "," 0.00","I","999.9","000000"
"36777099999","2019-08-02","45.333","78.017","443.0","KARATAL E, KZ","  84.0"," 4","  54.3"," 4"," 998.7"," 4","952.5"," 4"," 15.5"," 4","999.9"," 0","999.9","999.9"," 102.7"," ","  65.5"," "," 0.00","I","999.9","000010"
"36777099999","2019-08-03","45.333","78.017","443.0","KARATAL E, KZ","  83.3"," 4","  58.8"," 4","1001.5"," 4","955.2"," 4"," 10.9"," 4","  1.9"," 4","  1.9","999.9"," 102.9"," ","  67.3"," "," 0.00","I","999.9","000000"
"36777099999","2019-08-04","45.333","78.017","443.0","KARATAL E, KZ","  80.2"," 4","  59.7"," 4","1002.8"," 4","956.2"," 4"," 24.9"," 4","  1.9"," 4","  1.9","999.9"," 101.8"," ","  64.4"," "," 0.00","I","999.9","000000"
"36777099999","2019-08-05","45.333","78.017","443.0","KARATAL E, KZ","  81.8"," 4","  51.8"," 4","1004.2"," 4","957.6"," 4"," 24.9"," 4","  3.9"," 4","  7.8","999.9","  98.2"," ","  61.9"," "," 0.00","I","999.9","000000"
"36777099999","2019-08-06","45.333","78.017","443.0","KARATAL E, KZ","  80.6"," 4","  43.8"," 4","1004.3"," 4","957.5"," 4"," 15.5"," 4","  6.8"," 4"," 11.7","999.9","  95.5"," ","  71.2","*"," 0.00","I","999.9","000000"
"36777099999","2019-08-07","45.333","78.017","443.0","KARATAL E, KZ","  77.3"," 4","  47.0"," 4","1006.2"," 4","959.1"," 4"," 24.9"," 4","  3.4"," 4","  5.8","999.9","  95.9"," ","  62.1","*"," 0.00","I","999.9","000000"
"36777099999","2019-08-08","45.333","78.017","443.0","KARATAL E, KZ","  90.0"," 4","  47.2"," 4","1000.7"," 4","954.9"," 4"," 24.9"," 4","999.9"," 0","999.9","999.9"," 101.8"," ","  76.1","*"," 0.00","I","999.9","000000"
"36777099999","2019-08-09","45.333","78.017","443.0","KARATAL E, KZ","  78.2"," 4","  49.1"," 4","1004.1"," 4","957.1"," 4"," 15.5"," 4","  3.9"," 4","  5.8","999.9","  95.0"," ","  64.0"," "," 0.00","I","999.9","000000"
"36777099999","2019-08-10","45.333","78.017","443.0","KARATAL E, KZ","  73.6"," 4","  50.6"," 4","1012.0"," 4","964.3"," 4"," 10.9"," 4","999.9"," 0","999.9","999.9","  88.3"," ","  62.8"," "," 0.00","I","999.9","000000"
"36777099999","2019-08-11","45.333","78.017","443.0","KARATAL E, KZ","  75.7"," 4","  41.9"," 4","1006.3"," 4","959.0"," 4"," 20.2"," 4","  6.3"," 4","  9.7","999.9","  90.7"," ","  59.5"," "," 0.00","I","999.9","000000"
"36777099999","2019-08-12","45.333","78.017","443.0","KARATAL E, KZ","  74.7"," 4","  47.9"," 4","1002.8"," 4","955.6"," 4"," 18.6"," 4","999.9"," 0","999.9","999.9"," 100.0"," ","  61.2"," "," 0.00","I","999.9","000000"
"36777099999","2019-08-13","45.333","78.017","443.0","KARATAL E, KZ","  83.0"," 4","  49.0"," 4","1002.5"," 4","956.0"," 4"," 10.9"," 4","999.9"," 0","999.9","999.9"," 103.6"," ","  64.4"," "," 0.00","I","999.9","000000"
"36777099999","2019-08-14","45.333","78.017","443.0","KARATAL E, KZ","  78.4"," 4","  52.7"," 4","1006.3"," 4","959.3"," 4"," 10.9"," 4","  3.9"," 4","  5.8","999.9","  89.6"," ","  67.6"," "," 0.00","I","999.9","000000"
"36777099999","2019-08-15","45.333","78.017","443.0","KARATAL E, KZ","  71.1"," 4","  54.5"," 4","1011.3"," 4","963.4"," 4"," 24.9"," 4","  2.9"," 4","  3.9","999.9","  82.8"," ","  60.6"," "," 0.00","I","999.9","000000"
"36777099999","2019-08-16","45.333","78.017","443.0","KARATAL E, KZ","  68.1"," 4","  52.1"," 4","1010.8"," 4","962.8"," 4"," 10.9"," 4","  5.3"," 4","  7.8","999.9","  81.1"," ","  59.0"," ","99.99"," ","999.9","010000"
"36777099999","2019-08-17","45.333","78.017","443.0","KARATAL E, KZ","  63.5"," 4","  55.5"," 4","1012.2"," 4","963.6"," 4"," 10.9"," 4","999.9"," 0","999.9","999.9","  73.8"," ","  59.2"," ","99.99"," ","999.9","010000"
"36777099999","2019-08-18","45.333","78.017","443.0","KARATAL E, KZ","  69.6"," 4","  52.4"," 4","1013.7"," 4","965.6"," 4"," 20.2"," 4","999.9"," 0","999.9","999.9","  83.8"," ","  59.0"," "," 0.00","I","999.9","000000"
"36777099999","2019-08-19","45.333","78.017","443.0","KARATAL E, KZ","  69.1"," 4","  53.5"," 4","1017.1"," 4","968.8"," 4"," 10.9"," 4","999.9"," 0","999.9","999.9","  85.5"," ","  55.8"," "," 0.00","I","999.9","000000"
"36777099999","2019-08-20","45.333","78.017","443.0","KARATAL E, KZ","  71.9"," 4","  49.2"," 4","1015.6"," 4","967.5"," 4"," 20.2"," 4","  1.9"," 4","  1.9","999.9","  88.3"," ","  53.2"," "," 0.00","I","999.9","000000"
"36777099999","2019-08-21","45.333","78.017","443.0","KARATAL E, KZ","  77.6"," 4","  52.7"," 4","1009.4"," 4","962.2"," 4"," 24.9"," 4","999.9"," 0","999.9","999.9","  91.9"," ","  55.4"," "," 0.00","I","999.9","000000"
"36777099999","2019-08-22","45.333","78.017","443.0","KARATAL E, KZ","  76.5"," 4","  48.9"," 4","1005.9"," 4","958.7"," 4"," 10.9"," 4","  2.9"," 4","  3.9","999.9","  94.6"," ","  60.8","*"," 0.00","I","999.9","000000"
"36777099999","2019-08-23","45.333","78.017","443.0","KARATAL E, KZ","  65.9"," 4","  47.4"," 4","1013.9"," 4","965.4"," 4"," 20.2"," 4","  6.3"," 4","  9.7","999.9","  78.6"," ","  51.8"," "," 0.00","I","999.9","000000"
"36777099999","2019-08-24","45.333","78.017","443.0","KARATAL E, KZ","  67.3"," 4","  43.5"," 4","1016.2"," 4","967.7"," 4"," 24.9"," 4","  3.4"," 4","  5.8","999.9","  83.1"," ","  54.5"," "," 0.00","I","999.9","000000"
"36777099999","2019-08-25","45.333","78.017","443.0","KARATAL E, KZ","  70.3"," 4","  44.0"," 4","1014.1"," 4","966.0"," 4"," 24.9"," 4","  3.4"," 4","  5.8","999.9","  88.3"," ","  56.1"," "," 0.00","I","999.9","000000"
"36777099999","2019-08-26","45.333","78.017","443.0","KARATAL E, KZ","  75.0"," 4","  47.9"," 4","1008.6"," 4","961.1"," 4"," 24.9"," 4","999.9"," 0","999.9","999.9","  92.8"," ","  54.3"," "," 0.00","I","999.9","000000"
"36777099999","2019-08-27","45.333","78.017","443.0","KARATAL E, KZ","  76.3"," 4","  47.2"," 4","1007.7"," 4","960.3"," 4"," 20.2"," 4","999.9"," 0","999.9","999.9","  97.5"," ","  52.9"," "," 0.00","I","999.9","000000"
"36777099999","2019-08-28","45.333","78.017","443.0","KARATAL E, KZ","  74.8"," 4","  51.3"," 4","1007.6"," 4","960.2"," 4"," 26.4"," 4","999.9"," 0","999.9","999.9","  91.9","*","  54.7"," "," 0.00","I","999.9","000000"
"36777099999","2019-08-29","45.333","78.017","443.0","KARATAL E, KZ","  81.1"," 4","  53.9"," 4","1004.9"," 4","958.2"," 4"," 24.9"," 4","999.9"," 0","999.9","999.9"," 100.0"," ","  59.9"," "," 0.00","I","999.9","000010"
"36777099999","2019-08-30","45.333","78.017","443.0","KARATAL E, KZ","  70.7"," 4","  52.0"," 4","1009.9"," 4","962.1"," 4"," 10.9"," 4","999.9"," 0","999.9","999.9","  83.8"," ","  59.5","*"," 0.00","I","999.9","000000"
"36777099999","2019-08-31","45.333","78.017","443.0","KARATAL E, KZ","  70.7"," 4","  45.9"," 4","1009.0"," 4","961.1"," 4"," 20.2"," 4","999.9"," 0","999.9","999.9","  87.8"," ","  57.0"," "," 0.00","I","999.9","000000"
"36777099999","2019-09-01","45.333","78.017","443.0","KARATAL E, KZ","  66.2"," 4","  42.3"," 4","9999.9"," 0","999.9"," 0"," 20.2"," 4","999.9"," 0","999.9","999.9","  75.7","*","  50.0"," "," 0.00","I","999.9","000000"
"36777099999","2019-09-02","45.333","78.017","443.0","KARATAL E, KZ","  67.6"," 4","  42.0"," 4","1011.9"," 4","963.6"," 4"," 20.2"," 4","  2.9"," 4","  3.9","999.9","  86.5"," ","  48.9"," "," 0.00","I","999.9","000000"
"36777099999","2019-09-03","45.333","78.017","443.0","KARATAL E, KZ","  67.8"," 4","  40.2"," 4","1010.1"," 4","961.8"," 4"," 20.2"," 4","999.9"," 0","999.9","999.9","  84.7"," ","  50.9"," "," 0.00","I","999.9","000000"
"36777099999","2019-09-04","45.333","78.017","443.0","KARATAL E, KZ","  64.0"," 4","  46.4"," 4","1010.4"," 4","961.8"," 4"," 10.9"," 4","999.9"," 0","999.9","999.9","  76.5"," ","  55.4"," "," 0.00","I","999.9","000000"
"36777099999","2019-09-05","45.333","78.017","443.0","KARATAL E, KZ","  67.7"," 4","  45.3"," 4","1009.2"," 4","961.0"," 4"," 20.2"," 4","999.9"," 0","999.9","999.9","  83.8"," ","  46.8"," ","99.99"," ","999.9","010000"
"36777099999","2019-09-06","45.333","78.017","443.0","KARATAL E, KZ","  63.9"," 4","  48.7"," 4","1013.5"," 4","964.9"," 4"," 20.2"," 4","  3.9"," 4","  5.8","999.9","  76.1"," ","  55.2"," "," 0.00","I","999.9","000000"
"36777099999","2019-09-07","45.333","78.017","443.0","KARATAL E, KZ","  61.7"," 4","  41.6"," 4","1014.4"," 4","965.4"," 4"," 20.2"," 4","999.9"," 0","999.9","999.9","  76.5"," ","  50.0"," "," 0.00","I","999.9","000000"
"36777099999","2019-09-08","45.333","78.017","443.0","KARATAL E, KZ","  62.3"," 4","  44.1"," 4","1013.1"," 4","964.3"," 4"," 10.9"," 4","  2.4"," 4","  3.9","999.9","  73.8"," ","  50.2"," "," 0.00","I","999.9","000000"
"36777099999","2019-09-09","45.333","78.017","443.0","KARATAL E, KZ","  60.2"," 4","  47.9"," 4","1014.7"," 4","965.7"," 4","  9.3"," 4","  3.9"," 4","  5.8","999.9","  67.5"," ","  54.7"," "," 0.00","I","999.9","000000"
"36777099999","2019-09-10","45.333","78.017","443.0","KARATAL E, KZ","  57.8"," 4","  48.6"," 4","1021.4"," 4","971.8"," 4","  6.8"," 4","  3.9"," 4","  5.8","999.9","  67.5"," ","  53.2"," ","99.99"," ","999.9","010010"
"36777099999","2019-09-11","45.333","78.017","443.0","KARATAL E, KZ","  57.5"," 4","  42.3"," 4","1024.9"," 4","975.1"," 4"," 18.6"," 4","999.9"," 0","999.9","999.9","  72.3"," ","  47.1"," "," 0.00","I","999.9","000000"
"36777099999","2019-09-12","45.333","78.017","443.0","KARATAL E, KZ","  57.8"," 4","  39.8"," 4","1023.8"," 4","974.1"," 4"," 18.6"," 4","999.9"," 0","999.9","999.9","  73.0"," ","  39.6"," "," 0.00","I","999.9","000000"
"36777099999","2019-09-13","45.333","78.017","443.0","KARATAL E, KZ","  57.5"," 4","  37.3"," 4","1020.7"," 4","971.1"," 4"," 18.6"," 4","  3.4"," 4","  7.8","999.9","  73.2"," ","  42.6"," "," 0.00","I","999.9","000000"
"36777099999","2019-09-14","45.333","78.017","443.0","KARATAL E, KZ","  59.3"," 4","  37.4"," 4","1018.0"," 4","968.6"," 4"," 18.6"," 4","  4.4"," 4","  9.7","999.9","  77.5"," ","  39.6"," "," 0.00","I","999.9","000000"
"36777099999","2019-09-15","45.333","78.017","443.0","KARATAL E, KZ","  61.0"," 4","  41.3"," 4","1016.3"," 4","967.2"," 4","  9.3"," 4","999.9"," 0","999.9","999.9","  76.1"," ","  40.1"," "," 0.00","I","999.9","000000"
"36777099999","2019-09-16","45.333","78.017","443.0","KARATAL E, KZ","  60.9"," 4","  51.9"," 4","1018.8"," 4","969.7"," 4","  8.4"," 4","999.9"," 0","999.9","999.9","  75.7"," ","  52.5"," ","99.99"," ","999.9","010000"
"36777099999","2019-09-17","45.333","78.017","443.0","KARATAL E, KZ","  64.1"," 4","  44.6"," 4","1021.9"," 4","972.8"," 4","  9.3"," 4","999.9"," 0","999.9","999.9","  80.1"," ","  52.7","*","99.99"," ","999.9","010000"
"36777099999","2019-09-18","45.333","78.017","443.0","KARATAL E, KZ","  67.3"," 4","  41.7"," 4","1016.1"," 4","967.6"," 4"," 24.9"," 4","999.9"," 0","999.9","999.9","  82.0"," ","  45.9"," "," 0.00","I","999.9","000000"
"36777099999","2019-09-19","45.333","78.017","443.0","KARATAL E, KZ","  70.3"," 4","  42.1"," 4","1014.9"," 4","966.6"," 4"," 18.6"," 4","999.9"," 0","999.9","999.9","  91.4"," ","  43.5"," "," 0.00","I","999.9","000000"
"36777099999","2019-09-20","45.333","78.017","443.0","KARATAL E, KZ","  71.7"," 4","  47.2"," 4","1014.7"," 4","966.6"," 4"," 14.0"," 4","999.9"," 0","999.9","999.9","  94.8"," ","  48.2"," "," 0.00","I","999.9","000000"
"36777099999","2019-09-21","45.333","78.017","443.0","KARATAL E, KZ","  69.9"," 4","  42.9"," 4","1013.0"," 4","964.9"," 4","  9.3"," 4","999.9"," 0","999.9","999.9","  89.6"," ","  49.1"," "," 0.00","I","999.9","000000"
"36777099999","2019-09-22","45.333","78.017","443.0","KARATAL E, KZ","  76.2"," 4","  46.2"," 4","1006.8"," 4","959.5"," 4","  9.3"," 4","999.9"," 0","999.9","999.9","  99.3"," ","  50.7"," "," 0.00","I","999.9","000000"
"36777099999","2019-09-23","45.333","78.017","443.0","KARATAL E, KZ","  67.5"," 4","  43.4"," 4","1018.1"," 4","969.5"," 4","  9.3"," 4","999.9"," 0","999.9","999.9","  77.0","*","  50.7","*"," 0.00","I","999.9","000000"
"36777099999","2019-09-24","45.333","78.017","443.0","KARATAL E, KZ","  61.8"," 4","  40.0"," 4","1017.8"," 4","968.8"," 4"," 14.0"," 4","  2.9"," 4","  5.8","999.9","  74.8"," ","  48.2"," "," 0.00","I","999.9","000000"
"36777099999","2019-09-25","45.333","78.017","443.0","KARATAL E, KZ","  63.2"," 4","  39.2"," 4","1017.5"," 4","968.6"," 4","  9.3"," 4","999.9"," 0","999.9","999.9","  77.4"," ","  47.3"," "," 0.00","I","999.9","000000"
"36777099999","2019-09-26","45.333","78.017","443.0","KARATAL E, KZ","  64.6"," 4","  34.8"," 4","1015.6"," 4","966.8"," 4","  9.3"," 4","  5.8"," 4","  7.8","999.9","  79.9"," ","  51.1","*"," 0.00","I","999.9","000000"
"36777099999","2019-09-27","45.333","78.017","443.0","KARATAL E, KZ","  67.2"," 4","  40.7"," 4","1009.7"," 4","961.5"," 4","  9.3"," 4","999.9"," 0","999.9","999.9","  84.2"," ","  52.5"," "," 0.00","I","999.9","000000"
"36777099999","2019-09-28","45.333","78.017","443.0","KARATAL E, KZ","  68.9"," 4","  44.5"," 4","1008.2"," 4","960.3"," 4","  9.3"," 4","999.9"," 0","999.9","999.9","  75.2"," ","  58.3"," "," 0.00","I","999.9","000000"
"36777099999","2019-09-29","45.333","78.017","443.0","KARATAL E, KZ","  59.0"," 4","  36.7"," 4","1009.4"," 4","960.4"," 4","  9.3"," 4","  2.9"," 4","  5.8","999.9","  73.9"," ","  45.9"," "," 0.00","I","999.9","000000"
"36777099999","2019-09-30","45.333","78.017","443.0","KARATAL E, KZ","  48.3"," 4","  40.1"," 4","1020.8"," 4","970.3"," 4","  9.3"," 4","  2.9"," 4","  5.8","999.9","  57.6"," ","  39.9","*"," 0.00","I","999.9","000000"
"36777099999","2019-10-01","45.333","78.017","443.0","KARATAL E, KZ","  43.6"," 4","  17.6"," 4","1024.2"," 4","972.9"," 4","  9.3"," 4"," 10.7"," 4"," 19.4","999.9","  55.8"," ","  38.5","*"," 0.00","I","999.9","000000"
"36777099999","2019-10-03","45.333","78.017","443.0","KARATAL E, KZ","  52.2"," 4","  30.2"," 4","1022.3"," 4","972.1"," 4"," 18.6"," 4","  4.4"," 4","  5.8","999.9","  69.3"," ","  34.0"," "," 0.00","I","999.9","000000"
"36777099999","2019-10-04","45.333","78.017","443.0","KARATAL E, KZ","  55.0"," 4","  34.1"," 4","9999.9"," 0","999.9"," 0"," 18.6"," 4","  3.9"," 4","  5.8","999.9","  71.1"," ","  39.2"," "," 0.00","I","999.9","000000"
"36777099999","2019-10-05","45.333","78.017","443.0","KARATAL E, KZ","  54.7"," 4","  33.9"," 4","1018.2"," 4","968.4"," 4"," 14.0"," 4","  4.9"," 4","  7.8","999.9","  74.8"," ","  39.2"," "," 0.00","I","999.9","000000"
"36777099999","2019-10-06","45.333","78.017","443.0","KARATAL E, KZ","  57.9"," 4","  36.3"," 4","1014.4"," 4","965.1"," 4"," 18.6"," 4","999.9"," 0","999.9","999.9","  75.7"," ","  41.5","*"," 0.00","I","999.9","000000"
"36777099999","2019-10-07","45.333","78.017","443.0","KARATAL E, KZ","  58.0"," 4","  37.4"," 4","1013.6"," 4","964.3"," 4","  9.3"," 4","999.9"," 0","999.9","999.9","  80.2"," ","  37.6"," "," 0.00","I","999.9","000000"
"36777099999","2019-10-08","45.333","78.017","443.0","KARATAL E, KZ","  60.6"," 4","  38.2"," 4","1017.7"," 4","968.5"," 4","  9.3"," 4","999.9"," 0","999.9","999.9","  82.0"," ","  40.1"," "," 0.00","I","999.9","000000"
"36777099999","2019-10-09","45.333","78.017","443.0","KARATAL E, KZ","  57.7"," 4","  39.2"," 4","1021.2"," 4","971.5"," 4","  9.3"," 4","999.9"," 0","999.9","999.9","  77.9"," ","  39.7"," "," 0.00","I","999.9","000000"
"36777099999","2019-10-10","45.333","78.017","443.0","KARATAL E, KZ","  57.9"," 4","  39.2"," 4","1018.7"," 4","969.2"," 4"," 18.6"," 4","999.9"," 0","999.9","999.9","  78.3"," ","  37.6"," "," 0.00","I","999.9","000000"
"36777099999","2019-10-11","45.333","78.017","443.0","KARATAL E, KZ","  54.8"," 4","  41.5"," 4","1018.7"," 4","969.0"," 4","  6.8"," 4","999.9"," 0","999.9","999.9","  77.2"," ","  42.8"," ","99.99"," ","999.9","010000"
"36777099999","2019-10-12","45.333","78.017","443.0","KARATAL E, KZ","  44.8"," 4","  39.4"," 4","1027.0"," 4","975.8"," 4","  9.3"," 4","  3.4"," 4","  3.9","999.9","  54.9"," ","  37.4","*"," 0.00","I","999.9","000000"
"36777099999","2019-10-13","45.333","78.017","443.0","KARATAL E, KZ","  50.7"," 4","  34.3"," 4","1025.7"," 4","975.1"," 4"," 18.6"," 4","999.9"," 0","999.9","999.9","  67.8"," ","  35.2"," "," 0.00","I","999.9","000000"
"36777099999","2019-10-14","45.333","78.017","443.0","KARATAL E, KZ","  56.5"," 4","  36.1"," 4","1022.3"," 4","972.4"," 4"," 18.6"," 4","999.9"," 0","999.9","999.9","  78.6"," ","  31.1"," "," 0.00","I","999.9","000000"
"36777099999","2019-10-15","45.333","78.017","443.0","KARATAL E, KZ","  51.0"," 4","  45.0"," 4","1028.3"," 4","977.8"," 4","  9.3"," 4","  3.4"," 4","  3.9","999.9","  53.1"," ","  48.6","*","99.99"," ","999.9","010000"
"36777099999","2019-10-16","45.333","78.017","443.0","KARATAL E, KZ","  55.3"," 4","  41.0"," 4","1020.9"," 4","971.0"," 4"," 18.6"," 4","999.9"," 0","999.9","999.9","  70.2"," ","  42.8"," "," 0.00","I","999.9","000000"
"36777099999","2019-10-17","45.333","78.017","443.0","KARATAL E, KZ","  48.7"," 7","  42.1"," 7","1021.7"," 7","971.2"," 7","  8.3"," 7","  4.7"," 7","  9.7","999.9","  67.5"," ","  32.5","*","99.99"," ","999.9","010000"
"36777099999","2019-10-18","45.333","78.017","443.0","KARATAL E, KZ","  37.5"," 8","  30.3"," 8","1031.9"," 8","979.6"," 8"," 18.6"," 8","999.9"," 0","999.9","999.9","  53.2"," ","  26.8","*"," 0.00","I","999.9","000000"
"36777099999","2019-10-19","45.333","78.017","443.0","KARATAL E, KZ","  42.2"," 8","  23.4"," 8","1024.1"," 8","972.7"," 8"," 18.6"," 8","999.9"," 0","999.9","999.9","  61.2"," ","  24.6"," "," 0.00","I","999.9","000000"
"36777099999","2019-10-20","45.333","78.017","443.0","KARATAL E, KZ","  48.2"," 8","  30.7"," 8","1018.8"," 8","968.3"," 8"," 16.3"," 8","  6.5"," 6"," 11.7","999.9","  71.6"," ","  27.7"," "," 0.00","I","999.9","000000"
"36777099999","2019-10-21","45.333","78.017","443.0","KARATAL E, KZ","  26.6"," 8","  19.4"," 8","1031.8"," 8","978.4"," 8"," 11.7"," 8","  8.5"," 8"," 11.7","999.9","  34.7"," ","  16.7","*"," 0.00","I","999.9","000000"
"36777099999","2019-10-22","45.333","78.017","443.0","KARATAL E, KZ","  25.9"," 8","  17.7"," 8","1031.9"," 8","978.4"," 8"," 18.6"," 8","  4.2"," 6","  7.8","999.9","  41.5"," ","  13.5"," "," 0.00","I","999.9","000000"
"36777099999","2019-10-23","45.333","78.017","443.0","KARATAL E, KZ","  36.7"," 8","  20.5"," 7","1027.2"," 8","975.1"," 8"," 18.6"," 8","  2.6"," 6","  5.8","999.9","  57.6"," ","  19.0"," "," 0.00","I","999.9","000000"
"36777099999","2019-10-24","45.333","78.017","443.0","KARATAL E, KZ","  45.9"," 8","  28.0"," 8","1024.8"," 8","973.8"," 8"," 18.6"," 8","  1.9"," 4","  1.9","999.9","  69.3"," ","  25.5"," "," 0.00","I","999.9","000000"
"36777099999","2019-10-25","45.333","78.017","443.0","KARATAL E, KZ","  41.0"," 8","  27.1"," 8","1027.0"," 8","975.4"," 8"," 18.6"," 8","999.9"," 0","999.9","999.9","  61.3"," ","  26.8","*"," 0.00","I","999.9","000000"
"36777099999","2019-10-26","45.333","78.017","443.0","KARATAL E, KZ","  41.5"," 8","  28.3"," 8","1026.2"," 8","974.7"," 8"," 18.6"," 8","  2.3"," 5","  3.9","999.9","  63.1"," ","  22.8"," "," 0.00","I","999.9","000000"
"36777099999","2019-10-27","45.333","78.017","443.0","KARATAL E, KZ","  43.5"," 8","  31.2"," 8","1022.7"," 8","971.6"," 8"," 18.6"," 8","  4.4"," 4","  7.8","999.9","  63.0"," ","  28.6"," "," 0.00","I","999.9","000000"
"36777099999","2019-10-28","45.333","78.017","443.0","KARATAL E, KZ","  51.8"," 8","  29.4"," 8","1022.9"," 8","972.6"," 8"," 11.7"," 8","  3.1"," 5","  3.9","999.9","  66.6"," ","  30.2"," "," 0.00","I","999.9","000000"
"36777099999","2019-10-29","45.333","78.017","443.0","KARATAL E, KZ","  47.5"," 8","  31.4"," 8","1023.5"," 8","972.8"," 8","  9.3"," 8","  3.1"," 7","  3.9","999.9","  67.5"," ","  29.5"," "," 0.00","I","999.9","000000"
"36777099999","2019-10-30","45.333","78.017","443.0","KARATAL E, KZ","  45.0"," 7","  32.1"," 7","1016.1"," 7","965.5"," 7"," 16.9"," 7","  2.8"," 7","  3.9","999.9","  64.4"," ","  30.2"," "," 0.00","I","999.9","000000"
"36777099999","2019-10-31","45.333","78.017","443.0","KARATAL E, KZ","  62.1"," 7","  33.4"," 7","1014.9"," 7","965.9"," 7"," 14.2"," 7","  2.3"," 6","  3.9","999.9","  76.3"," ","  39.2"," "," 0.00","I","999.9","000000"
"36777099999","2019-11-01","45.333","78.017","443.0","KARATAL E, KZ","  55.0"," 8","  42.8"," 8","1018.1"," 8","968.4"," 8","  9.3"," 8","  1.9"," 7","  1.9","999.9","  67.5"," ","  45.3","*"," 0.00","I","999.9","000000"
"36777099999","2019-11-02","45.333","78.017","443.0","KARATAL E, KZ","  49.6"," 6","  43.6"," 6","1024.2"," 6","973.7"," 6","  7.7"," 6","  2.3"," 5","  3.9","999.9","  57.7"," ","  40.3","*"," 0.00","I","999.9","000000"
"36777099999","2019-11-03","45.333","78.017","443.0","KARATAL E, KZ","  42.6"," 8","  35.5"," 8","1022.4"," 8","971.2"," 8"," 11.7"," 8","  6.9"," 7"," 11.7","999.9","  59.2"," ","  32.7"," "," 0.00","I","999.9","000000"
"36777099999","2019-11-04","45.333","78.017","443.0","KARATAL E, KZ","  40.2"," 6","  36.1"," 6","1023.0"," 6","971.6"," 6","  8.7"," 6","  3.9"," 6","  9.7","999.9","  67.6"," ","  33.6","*","99.99"," ","999.9","010000"
"36777099999","2019-11-05","45.333","78.017","443.0","KARATAL E, KZ","  36.7"," 7","  31.2"," 7","1031.9"," 7","979.7"," 7","  8.9"," 7","  3.6"," 6","  5.8","999.9","  44.1"," ","  32.2","*"," 0.00","I","999.9","000000"
"36777099999","2019-11-06","45.333","78.017","443.0","KARATAL E, KZ","  32.3"," 6","  30.7"," 6","1032.8"," 6","980.0"," 6","  4.8"," 6","  3.1"," 5","  5.8","999.9","  38.7"," ","  29.3","*","99.99"," ","999.9","011000"
"36777099999","2019-11-07","45.333","78.017","443.0","KARATAL E, KZ","  32.4"," 5","  27.2"," 5","1034.2"," 5","981.3"," 5","  9.9"," 5","  5.1"," 5","  7.8","999.9","  36.7","*","  28.4"," "," 0.00","I","999.9","000000"
"36777099999","2019-11-08","45.333","78.017","443.0","KARATAL E, KZ","  32.5"," 8","  25.1"," 8","1033.5"," 8","980.7"," 8"," 16.3"," 8","  2.3"," 5","  3.9","999.9","  48.6"," ","  22.6","*"," 0.00","I","999.9","000000"
"36777099999","2019-11-09","45.333","78.017","443.0","KARATAL E, KZ","  33.8"," 8","  26.1"," 8","1029.0"," 8","976.6"," 8"," 16.3"," 8","  2.7"," 5","  5.8","999.9","  53.6"," ","  22.1"," "," 0.00","I","999.9","000000"
"36777099999","2019-11-10","45.333","78.017","443.0","KARATAL E, KZ","  40.8"," 8","  31.3"," 8","1024.0"," 8","972.6"," 8"," 11.7"," 8","  5.5"," 6","  7.8","999.9","  50.7"," ","  25.9"," "," 0.00","I","999.9","000000"
"36777099999","2019-11-11","45.333","78.017","443.0","KARATAL E, KZ","  30.9"," 6","  29.5"," 6","1039.9"," 6","986.6"," 6","  8.3"," 6","  2.6"," 6","  5.8","999.9","  36.9","*","  27.9","*","99.99"," ","999.9","001000"
"36777099999","2019-11-12","45.333","78.017","443.0","KARATAL E, KZ","  30.2"," 7","  27.6"," 7","1035.9"," 7","982.8"," 7"," 14.2"," 7","  3.6"," 7","  5.8","999.9","  39.7"," ","  22.3","*"," 0.00","I","999.9","000000"
"36777099999","2019-11-13","45.333","78.017","443.0","KARATAL E, KZ","  29.1"," 8","  23.0"," 8","1027.1"," 8","974.2"," 8"," 18.6"," 8","  3.6"," 6","  7.8","999.9","  44.1"," ","  21.2","*"," 0.00","I","999.9","000000"
"36777099999","2019-11-14","45.333","78.017","443.0","KARATAL E, KZ","  35.9"," 8","  23.7"," 8","1023.0"," 8","971.1"," 8"," 16.3"," 8","  3.9"," 6","  9.7","999.9","  55.0"," ","  18.1"," "," 0.00","I","999.9","000000"
"36777099999","2019-11-15","45.333","78.017","443.0","KARATAL E, KZ","  26.7"," 7","  19.5"," 7","1031.6"," 7","978.3"," 7","  8.3"," 7","  8.1"," 6"," 15.5","999.9","  42.6"," ","  11.3","*","99.99"," ","999.9","001000"
"36777099999","2019-11-16","45.333","78.017","443.0","KARATAL E, KZ","  12.1"," 8","   2.1"," 8","1042.0"," 8","986.5"," 8"," 16.3"," 8","  7.0"," 8"," 13.6","999.9","  23.4"," ","   6.4"," "," 0.00","I","999.9","000000"
"36777099999","2019-11-17","45.333","78.017","443.0","KARATAL E, KZ","  18.7"," 8","  12.2"," 8","1036.5"," 8","982.0"," 8"," 16.3"," 8","  2.6"," 6","  3.9","999.9","  37.8"," ","   7.0"," "," 0.00","I","999.9","000000"
"36777099999","2019-11-18","45.333","78.017","443.0","KARATAL E, KZ","  32.5"," 8","  20.9"," 8","1029.8"," 8","977.2"," 8"," 16.3"," 8","  4.9"," 6","  9.7","999.9","  49.6"," ","  10.0"," "," 0.00","I","999.9","000000"
"36777099999","2019-11-19","45.333","78.017","443.0","KARATAL E, KZ","  39.9"," 8","  22.8"," 8","1020.1"," 8","968.8"," 8","  9.3"," 8","  4.6"," 8","  5.8","999.9","  54.9"," ","  27.0"," "," 0.00","I","999.9","000000"
"36777099999","2019-11-20","45.333","78.017","443.0","KARATAL E, KZ","  26.4"," 7","  20.1"," 7","1023.8"," 7","970.8"," 7","  9.2"," 7","  5.8"," 7","  9.7","999.9","  34.2"," ","  11.5","*","99.99"," ","999.9","001000"
"36777099999","2019-11-21","45.333","78.017","443.0","KARATAL E, KZ","   3.9"," 7","  -1.9"," 7","1036.3"," 7","980.1"," 7"," 10.1"," 7","  6.1"," 7"," 13.6","999.9","  13.5"," ","  -0.9","*","99.99"," ","999.9","001000"
"36777099999","2019-11-22","45.333","78.017","443.0","KARATAL E, KZ","   5.8"," 8","   0.4"," 8","1039.5"," 8","983.4"," 8"," 15.5"," 8","  4.4"," 8","  7.8","999.9","  16.5"," ","  -2.4"," "," 0.00","I","  0.4","000000"
"36777099999","2019-11-23","45.333","78.017","443.0","KARATAL E, KZ","  11.0"," 8","   6.4"," 8","1036.8"," 8","981.5"," 8"," 15.5"," 8","  2.9"," 6","  3.9","999.9","  19.2"," ","  -1.5"," "," 0.00","I","  0.4","000000"
"36777099999","2019-11-24","45.333","78.017","443.0","KARATAL E, KZ","  23.1"," 8","  17.7"," 8","1032.7"," 8","978.9"," 8","  8.5"," 8","  1.9"," 8","  1.9","999.9","  35.6"," ","  12.6"," "," 0.00","I","999.9","000000"
"36777099999","2019-11-25","45.333","78.017","443.0","KARATAL E, KZ","  26.5"," 6","  24.8"," 6","1035.4"," 6","981.9"," 6","  3.7"," 6","  2.4"," 4","  3.9","999.9","  31.6"," ","  19.0"," ","99.99"," ","999.9","001000"
"36777099999","2019-11-26","45.333","78.017","443.0","KARATAL E, KZ","  23.9"," 6","  21.8"," 6","1036.1"," 6","982.3"," 6","  6.0"," 6","  3.6"," 6","  5.8","999.9","  27.1"," ","  22.3","*","99.99"," ","999.9","001000"
"36777099999","2019-11-27","45.333","78.017","443.0","KARATAL E, KZ","  22.8"," 8","  20.7"," 8","1036.8"," 8","982.8"," 8","  8.5"," 8","  2.5"," 7","  5.8","999.9","  28.0"," ","  20.3","*"," 0.00","I","  2.4","000000"
"36777099999","2019-11-28","45.333","78.017","443.0","KARATAL E, KZ","  19.8"," 8","  16.2"," 8","1040.2"," 8","985.6"," 8","  9.3"," 8","  2.8"," 7","  3.9","999.9","  25.0"," ","  18.0"," "," 0.00","I","  1.6","000000"
"36777099999","2019-11-29","45.333","78.017","443.0","KARATAL E, KZ","  18.2"," 7","  14.8"," 7","1042.7"," 7","987.8"," 7","  8.9"," 7","  4.7"," 7","  5.8","999.9","  23.2"," ","  16.5"," "," 0.00","I","  1.2","000000"
"36777099999","2019-11-30","45.333","78.017","443.0","KARATAL E, KZ","  14.6"," 7","  12.2"," 7","1039.5"," 7","984.4"," 7","  7.8"," 7","  6.1"," 7","  9.7","999.9","  19.8"," ","  10.2","*"," 0.00","I","  1.2","000000"
"36777099999","2019-12-01","45.333","78.017","443.0","KARATAL E, KZ","   6.0"," 8","   3.6"," 8","1032.3"," 8","976.6"," 8","  9.6"," 8","999.9"," 0","999.9","999.9","  17.1"," ","  -4.2","*"," 0.00","I","  0.8","000000"
"36777099999","2019-12-02","45.333","78.017","443.0","KARATAL E, KZ","  23.3"," 8","  17.2"," 8","1027.9"," 8","974.3"," 8"," 15.5"," 8","  1.9"," 5","  1.9","999.9","  39.9","*","  -4.4"," "," 0.00","I","  0.8","000000"
"36777099999","2019-12-03","45.333","78.017","443.0","KARATAL E, KZ","  35.3"," 7","  31.0"," 7","1026.2"," 7","974.1"," 7"," 10.7"," 7","  5.0"," 7","  5.8","999.9","  47.7"," ","  26.2","*"," 0.00","I","999.9","000000"
"36777099999","2019-12-04","45.333","78.017","443.0","KARATAL E, KZ","  25.4"," 8","  22.4"," 8","1024.7"," 8","971.6"," 8"," 12.4"," 8","  3.9"," 7","  5.8","999.9","  40.1"," ","  22.3"," "," 0.00","I","999.9","000000"
"36777099999","2019-12-05","45.333","78.017","443.0","KARATAL E, KZ","  29.5"," 8","  25.2"," 8","1022.8"," 8","970.2"," 8","  8.5"," 8","  1.9"," 5","  1.9","999.9","  47.3"," ","  19.0"," "," 0.00","I","999.9","000000"
"36777099999","2019-12-06","45.333","78.017","443.0","KARATAL E, KZ","  35.8"," 7","  30.6"," 7","1033.4"," 7","980.9"," 7","  6.0"," 7","  4.4"," 7","  5.8","999.9","  45.9","*","  26.2"," ","99.99"," ","999.9","011000"
"36777099999","2019-12-07","45.333","78.017","443.0","KARATAL E, KZ","  25.9"," 8","  22.9"," 8","1038.2"," 8","984.4"," 8"," 15.5"," 8","  2.3"," 6","  3.9","999.9","  36.0"," ","  21.0","*"," 0.00","I","999.9","000000"
"36777099999","2019-12-08","45.333","78.017","443.0","KARATAL E, KZ","  24.8"," 8","  20.9"," 8","1032.4"," 8","978.9"," 8"," 15.5"," 8","  4.2"," 7","  5.8","999.9","  39.2"," ","  18.1"," "," 0.00","I","999.9","000000"
"36777099999","2019-12-09","45.333","78.017","443.0","KARATAL E, KZ","  18.5"," 8","  15.9"," 8","1025.8"," 8","971.9"," 8"," 14.6"," 8","  4.1"," 8","  7.8","999.9","  26.1"," ","  13.6"," "," 0.00","I","999.9","000000"
"36777099999","2019-12-10","45.333","78.017","443.0","KARATAL E, KZ","  17.4"," 8","  15.8"," 8","1026.8"," 8","972.7"," 8","  0.4"," 8","  1.9"," 5","  1.9","999.9","  21.6"," ","  14.7"," "," 0.00","I","999.9","100000"
"36777099999","2019-12-11","45.333","78.017","443.0","KARATAL E, KZ","  18.0"," 8","  16.5"," 8","1024.9"," 8","971.0"," 8"," 14.4"," 8","  3.6"," 7","  3.9","999.9","  25.2"," ","  13.6"," "," 0.00","I","999.9","000000"
"36777099999","2019-12-12","45.333","78.017","443.0","KARATAL E, KZ","  19.6"," 8","  18.1"," 8","1021.3"," 8","967.8"," 8","  5.5"," 7","999.9"," 0","999.9","999.9","  27.0"," ","  10.8"," "," 0.00","I","999.9","100000"
"36777099999","2019-12-13","45.333","78.017","443.0","KARATAL E, KZ","  28.5"," 8","  26.8"," 8","1020.0"," 8","967.5"," 8","  2.1"," 8","  2.3"," 5","  3.9","999.9","  31.5"," ","  16.9"," "," 0.00","I","999.9","100000"
"36777099999","2019-12-14","45.333","78.017","443.0","KARATAL E, KZ","  31.1"," 7","  28.3"," 7","1025.8"," 7","973.3"," 7","  5.9"," 7","  2.9"," 4","  3.9","999.9","  36.0"," ","  26.8","*","99.99"," ","999.9","011000"
"36777099999","2019-12-15","45.333","78.017","443.0","KARATAL E, KZ","  25.8"," 7","  22.8"," 7","1037.1"," 7","983.4"," 7","  7.5"," 7","999.9"," 0","999.9","999.9","  32.0"," ","  23.0"," ","99.99"," ","999.9","001000"
"36777099999","2019-12-16","45.333","78.017","443.0","KARATAL E, KZ","  24.9"," 8","  22.4"," 8","1037.8"," 8","983.9"," 8","  7.8"," 8","  4.6"," 8","  7.8","999.9","  27.0"," ","  23.4","*"," 0.00","I","  1.2","000000"
"36777099999","2019-12-17","45.333","78.017","443.0","KARATAL E, KZ","  21.5"," 8","  17.8"," 8","1036.7"," 8","982.5"," 8"," 13.2"," 8","  4.6"," 8","  9.7","999.9","  26.8"," ","  17.1","*"," 0.00","I","  1.2","000000"
"36777099999","2019-12-18","45.333","78.017","443.0","KARATAL E, KZ","  18.7"," 8","  15.4"," 8","1028.5"," 8","975.2"," 8"," 10.5"," 8","  2.2"," 7","  3.9","999.9","  30.2","*","  11.3"," ","99.99"," ","  1.2","101000"
"36777099999","2019-12-19","45.333","78.017","443.0","KARATAL E, KZ","  34.0"," 6","  30.8"," 6","1024.3"," 6","972.1"," 6","  7.7"," 6","  5.2"," 6","  7.8","999.9","  38.7"," ","  17.4"," ","99.99"," ","999.9","010000"
"36777099999","2019-12-20","45.333","78.017","443.0","KARATAL E, KZ","  35.9"," 7","  28.5"," 7","1018.7"," 7","967.0"," 7"," 13.3"," 7","  4.2"," 7","  7.8","999.9","  41.5"," ","  30.4"," "," 0.00","I","999.9","000000"
"36777099999","2019-12-21","45.333","78.017","443.0","KARATAL E, KZ","  33.2"," 7","  30.4"," 7","1016.8"," 7","964.9"," 7","  9.2"," 7","  5.0"," 7","  7.8","999.9","  36.9"," ","  28.4","*","99.99"," ","  0.4","001000"
"36777099999","2019-12-22","45.333","78.017","443.0","KARATAL E, KZ","  26.9"," 7","  18.7"," 7","1027.5"," 7","974.4"," 7","  6.6"," 7","  6.4"," 7","  9.7","999.9","  29.7"," ","  24.6","*","99.99"," ","999.9","001000"
"36777099999","2019-12-23","45.333","78.017","443.0","KARATAL E, KZ","  22.6"," 6","  18.6"," 6","1032.4"," 6","978.6"," 6","  8.3"," 6","  3.9"," 5","  5.8","999.9","  27.9"," ","  19.2","*","99.99"," ","999.9","001000"
"36777099999","2019-12-24","45.333","78.017","443.0","KARATAL E, KZ","  16.1"," 8","  10.5"," 8","1038.9"," 8","984.0"," 8"," 15.5"," 8","  2.3"," 5","  3.9","999.9","  28.2"," ","   8.4","*"," 0.00","I","  1.6","000000"
"36777099999","2019-12-25","45.333","78.017","443.0","KARATAL E, KZ","  16.7"," 8","  10.5"," 8","1036.5"," 8","981.8"," 8"," 15.5"," 8","  3.3"," 7","  7.8","999.9","  27.0"," ","   8.2"," "," 0.00","I","  1.6","000000"
"36777099999","2019-12-26","45.333","78.017","443.0","KARATAL E, KZ","  16.0"," 8","  11.7"," 8","1029.6"," 8","975.2"," 8"," 13.2"," 8","  2.3"," 6","  3.9","999.9","  27.9"," ","  10.9"," "," 0.00","I","  1.2","000000"
"36777099999","2019-12-27","45.333","78.017","443.0","KARATAL E, KZ","  18.3"," 8","  13.2"," 8","1019.6"," 8","966.0"," 8"," 15.5"," 8","  4.6"," 8","  7.8","999.9","  23.0"," ","   8.6"," "," 0.00","I","999.9","000000"
"36777099999","2019-12-28","45.333","78.017","443.0","KARATAL E, KZ","  31.6"," 8","  24.8"," 8","1017.3"," 8","965.2"," 8"," 13.2"," 8","  2.2"," 8","  3.9","999.9","  44.1"," ","  17.6"," ","99.99"," ","  1.2","010000"
"36777099999","2019-12-29","45.333","78.017","443.0","KARATAL E, KZ","  37.1"," 7","  33.8"," 7","1020.1"," 7","968.5"," 7","  5.2"," 7","  1.9"," 7","  1.9","999.9","  45.7"," ","  25.5"," ","99.99"," ","999.9","010000"
"36777099999","2019-12-30","45.333","78.017","443.0","KARATAL E, KZ","  33.1"," 6","  30.9"," 6","1024.9"," 6","972.6"," 6","  6.6"," 6","  3.9"," 6","  5.8","999.9","  40.6"," ","  29.7","*","99.99"," ","999.9","001000"
"36777099999","2019-12-31","45.333","78.017","443.0","KARATAL E, KZ","  29.2"," 7","  26.7"," 6","1026.8"," 6","974.0"," 6","  8.0"," 7","999.9"," 0","999.9","999.9","  32.4"," ","  28.0","*"," 0.00","I","999.9","000000"
