"STATION","DATE","LATITUDE","LONGITUDE","ELEVATION","NAME","TEMP","TEMP_ATTRIBUTES","DEWP","DEWP_ATTRIBUTES","SLP","SLP_ATTRIBUTES","STP","STP_ATTRIBUTES","VISIB","VISIB_ATTRIBUTES","WDSP","WDSP_ATTRIBUTES","MXSPD","GUST","MAX","MAX_ATTRIBUTES","MIN","MIN_ATTRIBUTES","PRCP","PRCP_ATTRIBUTES","SNDP","FRSHTT"
"59417099999","2019-01-01","22.3666666","106.75","129.0","LONGZHOU, CH","  47.5"," 8","  40.3"," 8","1030.9"," 8","014.8"," 8","  5.6"," 8","  4.4"," 8","  5.8","999.9","  50.4","*","  44.2"," "," 0.00","G","999.9","010000"
"59417099999","2019-01-02","22.3666666","106.75","129.0","LONGZHOU, CH","  54.1"," 8","  42.9"," 8","1028.3"," 8","012.4"," 8","  6.6"," 8","  3.4"," 8","  5.8","999.9","  61.2","*","  46.6"," "," 0.00","I","999.9","000000"
"59417099999","2019-01-03","22.3666666","106.75","129.0","LONGZHOU, CH","  51.1"," 8","  48.5"," 8","1025.8"," 8","009.9"," 8","  4.6"," 7","  2.4"," 8","  3.9","999.9","  52.7","*","  48.4"," "," 0.02","G","999.9","010000"
"59417099999","2019-01-04","22.3666666","106.75","129.0","LONGZHOU, CH","  54.5"," 8","  52.9"," 8","1023.6"," 8","007.8"," 8","  3.5"," 8","  1.7"," 8","  3.9","999.9","  57.2","*","  50.7"," "," 0.13","G","999.9","010000"
"59417099999","2019-01-05","22.3666666","106.75","129.0","LONGZHOU, CH","  57.3"," 8","  55.4"," 8","1022.8"," 8","007.1"," 8","  4.2"," 6","  1.9"," 8","  1.9","999.9","  60.8","*","  54.0"," "," 0.03","G","999.9","010000"
"59417099999","2019-01-06","22.3666666","106.75","129.0","LONGZHOU, CH","  55.9"," 8","  54.2"," 8","1021.7"," 8","006.1"," 8","  4.6"," 6","  2.7"," 8","  5.8","999.9","  58.5","*","  54.7"," "," 0.02","G","999.9","010000"
"59417099999","2019-01-07","22.3666666","106.75","129.0","LONGZHOU, CH","  56.4"," 8","  55.2"," 8","1021.3"," 8","005.7"," 8","  3.0"," 8","  1.7"," 8","  3.9","999.9","  58.1","*","  54.9"," "," 0.10","G","999.9","010000"
"59417099999","2019-01-08","22.3666666","106.75","129.0","LONGZHOU, CH","  53.8"," 8","  52.3"," 8","1023.0"," 8","007.3"," 8","  4.7"," 8","  3.2"," 8","  3.9","999.9","  56.3","*","  50.9","*"," 0.16","G","999.9","010000"
"59417099999","2019-01-09","22.3666666","106.75","129.0","LONGZHOU, CH","  51.2"," 8","  50.4"," 8","1022.7"," 8","006.9"," 8","  3.0"," 5","  2.4"," 8","  3.9","999.9","  52.2","*","  50.4","*"," 0.37","G","999.9","010000"
"59417099999","2019-01-10","22.3666666","106.75","129.0","LONGZHOU, CH","  53.4"," 8","  52.8"," 8","1020.2"," 8","004.4"," 8","  3.6"," 6","  1.2"," 8","  1.9","999.9","  54.5","*","  50.5"," "," 0.19","G","999.9","010000"
"59417099999","2019-01-11","22.3666666","106.75","129.0","LONGZHOU, CH","  57.2"," 8","  56.0"," 8","1019.7"," 8","004.0"," 8","  2.7"," 7","  1.7"," 8","  1.9","999.9","  59.4","*","  53.6"," "," 0.06","G","999.9","010000"
"59417099999","2019-01-12","22.3666666","106.75","129.0","LONGZHOU, CH","  59.1"," 8","  56.9"," 8","1019.2"," 8","003.6"," 8","  3.5"," 8","  1.7"," 8","  1.9","999.9","  61.9","*","  55.8","*"," 0.06","G","999.9","010000"
"59417099999","2019-01-13","22.3666666","106.75","129.0","LONGZHOU, CH","  61.6"," 8","  58.8"," 8","1017.8"," 8","002.4"," 8","  2.6"," 7","  3.2"," 8","  3.9","999.9","  66.4","*","  58.3"," "," 0.02","G","999.9","010000"
"59417099999","2019-01-14","22.3666666","106.75","129.0","LONGZHOU, CH","  60.7"," 8","  58.6"," 8","1017.7"," 8","002.2"," 8","  2.9"," 8","  2.7"," 8","  5.8","999.9","  63.0","*","  59.0","*"," 0.00","G","999.9","000000"
"59417099999","2019-01-15","22.3666666","106.75","129.0","LONGZHOU, CH","  55.7"," 8","  52.4"," 8","1022.3"," 8","006.6"," 8","  6.3"," 7","  3.6"," 8","  5.8","999.9","  58.5","*","  52.2","*"," 0.05","G","999.9","010000"
"59417099999","2019-01-16","22.3666666","106.75","129.0","LONGZHOU, CH","  50.4"," 8","  46.9"," 8","1025.1"," 8","009.3"," 8","  6.4"," 8","  2.9"," 8","  5.8","999.9","  51.3","*","  49.3","*"," 0.05","G","999.9","010000"
"59417099999","2019-01-17","22.3666666","106.75","129.0","LONGZHOU, CH","  54.1"," 8","  46.6"," 8","1024.8"," 8","009.0"," 8","  4.4"," 8","  2.7"," 8","  3.9","999.9","  57.2","*","  49.3"," "," 0.04","G","999.9","000000"
"59417099999","2019-01-18","22.3666666","106.75","129.0","LONGZHOU, CH","  54.8"," 8","  49.6"," 8","1021.3"," 8","005.5"," 8","  2.9"," 6","  1.7"," 8","  1.9","999.9","  57.6","*","  52.2"," "," 0.00","G","999.9","000000"
"59417099999","2019-01-19","22.3666666","106.75","129.0","LONGZHOU, CH","  60.0"," 8","  57.7"," 8","1018.2"," 8","002.7"," 8","  1.2"," 8","  1.5"," 8","  1.9","999.9","  63.0","*","  51.6"," ","99.99"," ","999.9","010000"
"59417099999","2019-01-20","22.3666666","106.75","129.0","LONGZHOU, CH","  62.1"," 8","  57.7"," 8","1020.9"," 8","005.4"," 8","  4.5"," 7","  3.2"," 8","  5.8","999.9","  70.9","*","  55.4","*","99.99"," ","999.9","010000"
"59417099999","2019-01-21","22.3666666","106.75","129.0","LONGZHOU, CH","  53.7"," 8","  46.6"," 8","1026.6"," 8","010.8"," 8","  6.1"," 8","  3.6"," 8","  5.8","999.9","  55.8","*","  52.0","*"," 0.02","G","999.9","010000"
"59417099999","2019-01-22","22.3666666","106.75","129.0","LONGZHOU, CH","  54.7"," 8","  46.4"," 8","1023.8"," 8","008.1"," 8","  3.5"," 7","  2.2"," 8","  3.9","999.9","  65.5","*","  49.1","*"," 0.02","G","999.9","000000"
"59417099999","2019-01-23","22.3666666","106.75","129.0","LONGZHOU, CH","  57.2"," 8","  48.6"," 8","1021.0"," 8","005.4"," 8","  3.3"," 8","  1.7"," 8","  1.9","999.9","  62.1","*","  47.1"," "," 0.00","G","999.9","000000"
"59417099999","2019-01-24","22.3666666","106.75","129.0","LONGZHOU, CH","  60.1"," 8","  55.1"," 8","1018.7"," 8","003.2"," 8","  2.2"," 8","  1.2"," 8","  1.9","999.9","  63.7","*","  55.4"," "," 0.00","I","999.9","000000"
"59417099999","2019-01-25","22.3666666","106.75","129.0","LONGZHOU, CH","  63.7"," 8","  59.0"," 8","1022.2"," 8","006.8"," 8","  2.1"," 8","  1.5"," 8","  1.9","999.9","  72.0","*","  58.5"," "," 0.00","I","999.9","000000"
"59417099999","2019-01-26","22.3666666","106.75","129.0","LONGZHOU, CH","  63.4"," 8","  54.7"," 8","1023.2"," 8","007.7"," 8","  2.4"," 6","  2.2"," 8","  3.9","999.9","  68.9","*","  56.7","*"," 0.00","I","999.9","000000"
"59417099999","2019-01-27","22.3666666","106.75","129.0","LONGZHOU, CH","  61.3"," 8","  54.6"," 8","1020.8"," 8","005.4"," 8","  2.9"," 7","  1.9"," 8","  3.9","999.9","  72.9","*","  52.2","*"," 0.00","I","999.9","000000"
"59417099999","2019-01-28","22.3666666","106.75","129.0","LONGZHOU, CH","  64.8"," 8","  57.6"," 8","1019.0"," 8","003.6"," 8","  3.6"," 7","  1.5"," 8","  1.9","999.9","  77.4","*","  53.4"," "," 0.00","I","999.9","000000"
"59417099999","2019-01-29","22.3666666","106.75","129.0","LONGZHOU, CH","  68.0"," 8","  61.7"," 8","1018.4"," 8","003.1"," 8","  3.2"," 6","  1.7"," 8","  1.9","999.9","  75.4","*","  58.1"," "," 0.00","I","999.9","000000"
"59417099999","2019-01-30","22.3666666","106.75","129.0","LONGZHOU, CH","  67.9"," 8","  61.3"," 8","1017.5"," 8","002.3"," 8","  4.3"," 8","  2.7"," 8","  5.8","999.9","  77.9","*","  59.4","*"," 0.00","I","999.9","000000"
"59417099999","2019-01-31","22.3666666","106.75","129.0","LONGZHOU, CH","  66.6"," 8","  60.2"," 8","1020.7"," 8","005.4"," 8","  3.9"," 7","  3.2"," 8","  5.8","999.9","  73.6","*","  57.2"," "," 0.00","I","999.9","000000"
"59417099999","2019-02-01","22.3666666","106.75","129.0","LONGZHOU, CH","  62.7"," 8","  55.3"," 8","1019.6"," 8","004.2"," 8","  4.4"," 6","  1.9"," 8","  5.8","999.9","  70.0","*","  58.3","*"," 0.00","I","999.9","000000"
"59417099999","2019-02-02","22.3666666","106.75","129.0","LONGZHOU, CH","  67.9"," 8","  60.9"," 8","1015.0"," 8","999.7"," 8","  3.7"," 7","  2.2"," 8","  3.9","999.9","  73.6","*","  57.0"," "," 0.00","I","999.9","000000"
"59417099999","2019-02-03","22.3666666","106.75","129.0","LONGZHOU, CH","  70.7"," 8","  63.7"," 8","1015.9"," 8","000.7"," 8","  4.7"," 6","  2.9"," 8","  5.8","999.9","  78.1","*","  65.3"," "," 0.00","I","999.9","000000"
"59417099999","2019-02-04","22.3666666","106.75","129.0","LONGZHOU, CH","  71.1"," 8","  63.9"," 8","1015.7"," 8","000.6"," 8","  3.3"," 8","  1.7"," 8","  3.9","999.9","  83.5","*","  64.4","*"," 0.00","I","999.9","100000"
"59417099999","2019-02-05","22.3666666","106.75","129.0","LONGZHOU, CH","  71.6"," 8","  62.8"," 8","1013.8"," 8","998.7"," 8","  4.8"," 5","  2.7"," 8","  5.8","999.9","  84.6","*","  63.3"," "," 0.00","I","999.9","000000"
"59417099999","2019-02-06","22.3666666","106.75","129.0","LONGZHOU, CH","  74.3"," 8","  64.2"," 8","1010.5"," 8","995.6"," 8","  5.3"," 8","  3.6"," 8","  5.8","999.9","  84.2","*","  62.1"," "," 0.00","I","999.9","000000"
"59417099999","2019-02-07","22.3666666","106.75","129.0","LONGZHOU, CH","  76.0"," 8","  64.4"," 8","1010.1"," 8","995.2"," 8","  5.4"," 8","  3.4"," 8","  7.8","999.9","  89.1","*","  66.2"," "," 0.00","I","999.9","000000"
"59417099999","2019-02-08","22.3666666","106.75","129.0","LONGZHOU, CH","  74.1"," 8","  64.3"," 8","1009.5"," 8","994.5"," 8","  4.8"," 7","  2.7"," 8","  5.8","999.9","  88.7","*","  65.3","*"," 0.00","I","999.9","000000"
"59417099999","2019-02-09","22.3666666","106.75","129.0","LONGZHOU, CH","  72.1"," 8","  62.2"," 8","1014.5"," 8","999.5"," 8","  4.3"," 7","  3.2"," 8","  5.8","999.9","  82.8","*","  63.0","*"," 0.00","I","999.9","000000"
"59417099999","2019-02-10","22.3666666","106.75","129.0","LONGZHOU, CH","  64.6"," 8","  56.8"," 8","1020.3"," 8","004.9"," 8","  3.1"," 6","  5.3"," 8","  7.8","999.9","  74.3","*","  56.5","*"," 0.10","G","999.9","010000"
"59417099999","2019-02-11","22.3666666","106.75","129.0","LONGZHOU, CH","  53.7"," 8","  50.3"," 8","1024.9"," 8","009.2"," 8","  4.6"," 8","  4.4"," 8","  5.8","999.9","  54.9","*","  52.2","*"," 0.00","G","999.9","010000"
"59417099999","2019-02-12","22.3666666","106.75","129.0","LONGZHOU, CH","  59.4"," 8","  55.0"," 8","1022.7"," 8","007.1"," 8","  3.3"," 5","  2.4"," 8","  3.9","999.9","  62.6","*","  52.2"," "," 0.00","G","999.9","000000"
"59417099999","2019-02-13","22.3666666","106.75","129.0","LONGZHOU, CH","  63.0"," 8","  62.2"," 8","1019.1"," 8","003.7"," 8","  1.2"," 8","  0.7"," 8","  1.9","999.9","  63.9","*","  60.3"," "," 0.03","G","999.9","010000"
"59417099999","2019-02-14","22.3666666","106.75","129.0","LONGZHOU, CH","  68.7"," 8","  64.6"," 8","1017.3"," 8","002.1"," 8","  3.1"," 7","  1.2"," 8","  5.8","999.9","  77.0","*","  63.0"," ","99.99"," ","999.9","010000"
"59417099999","2019-02-15","22.3666666","106.75","129.0","LONGZHOU, CH","  69.1"," 8","  66.4"," 8","1016.5"," 8","001.3"," 8","  3.0"," 7","  1.2"," 8","  1.9","999.9","  74.3","*","  63.9"," ","99.99"," ","999.9","010000"
"59417099999","2019-02-16","22.3666666","106.75","129.0","LONGZHOU, CH","  64.8"," 8","  61.2"," 8","1015.0"," 8","999.8"," 8","  2.9"," 7","  3.2"," 8","  5.8","999.9","  69.8","*","  57.2","*"," 0.03","G","999.9","010000"
"59417099999","2019-02-17","22.3666666","106.75","129.0","LONGZHOU, CH","  54.3"," 8","  53.1"," 8","1015.0"," 8","999.4"," 8","  4.8"," 7","  4.6"," 8","  7.8","999.9","  56.5","*","  52.9","*"," 1.34","G","999.9","010000"
"59417099999","2019-02-18","22.3666666","106.75","129.0","LONGZHOU, CH","  61.3"," 8","  57.0"," 8","1012.3"," 8","996.9"," 8","  5.3"," 6","  3.6"," 8","  5.8","999.9","  72.5","*","  52.9"," "," 0.22","G","999.9","010000"
"59417099999","2019-02-19","22.3666666","106.75","129.0","LONGZHOU, CH","  60.0"," 8","  56.8"," 8","1015.6"," 8","000.1"," 8","  4.4"," 6","  2.7"," 8","  3.9","999.9","  63.5","*","  56.7","*"," 0.13","G","999.9","010000"
"59417099999","2019-02-20","22.3666666","106.75","129.0","LONGZHOU, CH","  71.5"," 8","  65.7"," 8","1014.6"," 8","999.4"," 8","  4.3"," 4","  2.7"," 8","  5.8","999.9","  84.2","*","  59.2"," "," 0.00","G","999.9","000000"
"59417099999","2019-02-21","22.3666666","106.75","129.0","LONGZHOU, CH","  65.8"," 8","  59.5"," 8","1017.2"," 8","002.0"," 8","  5.1"," 7","  5.1"," 8","  9.7","999.9","  79.7","*","  56.7","*"," 0.00","I","999.9","000000"
"59417099999","2019-02-22","22.3666666","106.75","129.0","LONGZHOU, CH","  58.0"," 8","  50.1"," 8","1017.3"," 8","001.7"," 8","  5.3"," 7","  3.6"," 8","  5.8","999.9","  61.2","*","  54.0","*"," 0.07","G","999.9","010000"
"59417099999","2019-02-23","22.3666666","106.75","129.0","LONGZHOU, CH","  54.1"," 8","  51.7"," 8","1018.4"," 8","002.7"," 8","  5.8"," 8","  3.4"," 8","  3.9","999.9","  55.8","*","  52.0","*"," 0.04","G","999.9","010000"
"59417099999","2019-02-24","22.3666666","106.75","129.0","LONGZHOU, CH","  56.1"," 8","  48.3"," 8","1018.4"," 8","002.8"," 8","  6.0"," 8","  3.4"," 8","  3.9","999.9","  59.9","*","  52.0"," "," 0.02","G","999.9","010000"
"59417099999","2019-02-25","22.3666666","106.75","129.0","LONGZHOU, CH","  56.1"," 8","  52.0"," 8","1018.4"," 8","002.8"," 8","  4.7"," 7","  2.4"," 8","  3.9","999.9","  58.5","*","  53.1"," "," 0.01","G","999.9","010000"
"59417099999","2019-02-26","22.3666666","106.75","129.0","LONGZHOU, CH","  58.3"," 8","  56.2"," 8","1015.9"," 8","000.4"," 8","  2.7"," 8","  1.7"," 8","  1.9","999.9","  60.3","*","  54.1"," "," 0.05","G","999.9","010000"
"59417099999","2019-02-27","22.3666666","106.75","129.0","LONGZHOU, CH","  63.7"," 8","  62.1"," 8","1013.3"," 8","998.0"," 8","  2.1"," 6","  1.5"," 8","  1.9","999.9","  67.5","*","  58.3"," "," 0.01","G","999.9","010000"
"59417099999","2019-02-28","22.3666666","106.75","129.0","LONGZHOU, CH","  65.3"," 8","  63.5"," 8","1013.4"," 8","998.2"," 8","  2.2"," 8","  1.9"," 8","  3.9","999.9","  68.9","*","  61.7","*"," 0.04","G","999.9","010000"
"59417099999","2019-03-01","22.3666666","106.75","129.0","LONGZHOU, CH","  66.5"," 8","  64.6"," 8","1012.5"," 8","997.2"," 8","  1.8"," 8","  1.7"," 8","  3.9","999.9","  70.0","*","  61.5"," "," 0.00","G","999.9","110000"
"59417099999","2019-03-02","22.3666666","106.75","129.0","LONGZHOU, CH","  72.9"," 8","  68.3"," 8","1009.0"," 8","994.0"," 8","  3.7"," 7","  2.7"," 8","  3.9","999.9","  79.9","*","  64.0"," "," 0.00","E","999.9","100000"
"59417099999","2019-03-03","22.3666666","106.75","129.0","LONGZHOU, CH","  68.9"," 8","  61.3"," 8","1011.2"," 8","996.1"," 8","  4.3"," 7","  4.4"," 8","  5.8","999.9","  72.9","*","  64.8","*"," 0.00","G","999.9","010000"
"59417099999","2019-03-04","22.3666666","106.75","129.0","LONGZHOU, CH","  65.8"," 8","  62.7"," 8","1009.2"," 8","994.0"," 8","  2.7"," 8","  2.2"," 8","  3.9","999.9","  70.7","*","  60.1"," "," 0.35","G","999.9","010000"
"59417099999","2019-03-05","22.3666666","106.75","129.0","LONGZHOU, CH","  74.2"," 8","  68.1"," 8","1008.7"," 8","993.7"," 8","  3.4"," 7","  2.7"," 8","  5.8","999.9","  85.3","*","  64.9"," "," 0.09","G","999.9","010000"
"59417099999","2019-03-06","22.3666666","106.75","129.0","LONGZHOU, CH","  62.9"," 8","  57.6"," 8","1015.3"," 8","000.0"," 8","  5.8"," 7","  3.6"," 8","  5.8","999.9","  65.5","*","  59.4","*"," 1.15","G","999.9","010000"
"59417099999","2019-03-07","22.3666666","106.75","129.0","LONGZHOU, CH","  58.8"," 8","  56.8"," 8","1016.6"," 8","001.1"," 8","  5.5"," 8","  2.4"," 8","  3.9","999.9","  60.1","*","  56.7","*"," 0.13","G","999.9","010000"
"59417099999","2019-03-08","22.3666666","106.75","129.0","LONGZHOU, CH","  57.8"," 8","  56.3"," 8","1014.4"," 8","998.9"," 8","  4.7"," 8","  1.9"," 8","  3.9","999.9","  59.2","*","  56.5"," "," 0.04","G","999.9","010000"
"59417099999","2019-03-09","22.3666666","106.75","129.0","LONGZHOU, CH","  58.9"," 8","  57.1"," 8","1014.4"," 8","998.9"," 8","  5.2"," 6","  2.4"," 8","  3.9","999.9","  60.8","*","  57.2"," "," 0.06","G","999.9","010000"
"59417099999","2019-03-10","22.3666666","106.75","129.0","LONGZHOU, CH","  62.9"," 8","  56.5"," 8","1015.8"," 8","000.4"," 8","  5.1"," 8","  1.7"," 8","  3.9","999.9","  70.2","*","  57.9"," "," 0.06","G","999.9","000000"
"59417099999","2019-03-11","22.3666666","106.75","129.0","LONGZHOU, CH","  65.0"," 8","  56.0"," 8","1015.6"," 8","000.2"," 8","  4.0"," 8","  1.7"," 8","  1.9","999.9","  79.0","*","  54.9","*"," 0.01","G","999.9","000000"
"59417099999","2019-03-12","22.3666666","106.75","129.0","LONGZHOU, CH","  67.1"," 8","  57.8"," 8","1014.9"," 8","999.6"," 8","  3.5"," 8","  2.2"," 8","  5.8","999.9","  79.7","*","  53.8"," "," 0.00","I","999.9","000000"
"59417099999","2019-03-13","22.3666666","106.75","129.0","LONGZHOU, CH","  68.7"," 7","  63.6"," 7","1015.5"," 7","000.3"," 7","  2.1"," 5","  1.9"," 5","  3.9","999.9","  77.0"," ","  58.3"," "," 0.00","I","999.9","000000"
"59417099999","2019-03-14","22.3666666","106.75","129.0","LONGZHOU, CH","  68.0"," 8","  64.1"," 8","1018.9"," 8","003.6"," 8","  3.2"," 7","  2.9"," 8","  3.9","999.9","  72.5","*","  64.6","*","99.99"," ","999.9","010000"
"59417099999","2019-03-15","22.3666666","106.75","129.0","LONGZHOU, CH","  63.7"," 8","  56.7"," 8","1021.5"," 8","006.0"," 8","  4.7"," 8","  2.7"," 8","  3.9","999.9","  66.6","*","  60.3","*","99.99"," ","999.9","010000"
"59417099999","2019-03-16","22.3666666","106.75","129.0","LONGZHOU, CH","  60.0"," 6","  58.8"," 6","1019.6"," 6","004.1"," 6","  2.5"," 6","  1.9"," 6","  1.9","999.9","  61.7","*","  59.2","*"," 0.08","G","999.9","010000"
"59417099999","2019-03-17","22.3666666","106.75","129.0","LONGZHOU, CH","  60.2"," 8","  59.4"," 8","1018.5"," 8","003.0"," 8","  3.2"," 8","  1.5"," 8","  1.9","999.9","  61.7","*","  59.2"," "," 0.12","G","999.9","010000"
"59417099999","2019-03-18","22.3666666","106.75","129.0","LONGZHOU, CH","  61.9"," 8","  60.6"," 8","1016.0"," 8","000.6"," 8","  3.6"," 8","  1.5"," 8","  1.9","999.9","  63.9","*","  59.4"," "," 0.06","G","999.9","010000"
"59417099999","2019-03-19","22.3666666","106.75","129.0","LONGZHOU, CH","  65.7"," 8","  64.7"," 8","1011.7"," 8","996.4"," 8","  2.5"," 6","  1.2"," 8","  1.9","999.9","  68.9","*","  61.3"," "," 0.01","G","999.9","010000"
"59417099999","2019-03-20","22.3666666","106.75","129.0","LONGZHOU, CH","  74.8"," 8","  70.6"," 8","1009.2"," 8","994.2"," 8","999.9"," 0","  1.9"," 8","  1.9","999.9","  80.1","*","  66.0"," "," 0.00","I","999.9","000000"
"59417099999","2019-03-21","22.3666666","106.75","129.0","LONGZHOU, CH","  79.2"," 8","  70.9"," 8","1007.5"," 8","992.7"," 8","999.9"," 0","  3.4"," 8","  5.8","999.9","  88.5"," ","  72.7"," "," 0.00","I","999.9","000000"
"59417099999","2019-03-22","22.3666666","106.75","129.0","LONGZHOU, CH","  79.4"," 8","  70.3"," 8","1009.5"," 8","994.7"," 8","  3.0"," 6","  2.9"," 8","  5.8","999.9","  89.6","*","  68.9","*"," 0.01","G","999.9","010000"
"59417099999","2019-03-23","22.3666666","106.75","129.0","LONGZHOU, CH","  63.3"," 8","  54.7"," 8","1018.8"," 8","003.4"," 8","  5.5"," 8","  5.3"," 8","  7.8","999.9","  66.6","*","  56.5","*"," 0.13","G","999.9","010000"
"59417099999","2019-03-24","22.3666666","106.75","129.0","LONGZHOU, CH","  57.5"," 8","  54.4"," 8","1018.6"," 8","003.0"," 8","  3.6"," 8","  3.4"," 8","  5.8","999.9","  60.8","*","  55.8","*"," 0.02","G","999.9","010000"
"59417099999","2019-03-25","22.3666666","106.75","129.0","LONGZHOU, CH","  60.7"," 8","  56.4"," 8","1018.1"," 8","002.6"," 8","  4.1"," 8","  1.5"," 8","  1.9","999.9","  64.6","*","  55.8"," "," 0.00","G","999.9","010000"
"59417099999","2019-03-26","22.3666666","106.75","129.0","LONGZHOU, CH","  65.0"," 8","  62.3"," 8","1016.8"," 8","001.4"," 8","  1.9"," 6","  1.7"," 8","  3.9","999.9","  67.5","*","  59.0"," "," 0.00","A","999.9","000000"
"59417099999","2019-03-27","22.3666666","106.75","129.0","LONGZHOU, CH","  70.5"," 8","  68.1"," 8","1013.3"," 8","998.2"," 8","  2.1"," 8","  1.2"," 8","  1.9","999.9","  74.7","*","  64.6"," "," 0.00","I","999.9","000000"
"59417099999","2019-03-28","22.3666666","106.75","129.0","LONGZHOU, CH","  74.3"," 8","  70.2"," 8","1009.8"," 8","994.8"," 8","  2.7"," 8","  1.9"," 8","  3.9","999.9","  79.7","*","  69.1"," "," 0.00","I","999.9","000000"
"59417099999","2019-03-29","22.3666666","106.75","129.0","LONGZHOU, CH","  72.5"," 8","  67.2"," 8","1009.6"," 8","994.6"," 8","  2.4"," 8","  1.7"," 8","  3.9","999.9","  83.7","*","  68.0","*"," 0.01","G","999.9","010000"
"59417099999","2019-03-30","22.3666666","106.75","129.0","LONGZHOU, CH","  76.9"," 8","  70.5"," 8","1010.6"," 8","995.7"," 8","  2.8"," 7","  1.7"," 8","  3.9","999.9","  85.5","*","  67.8"," "," 0.00","G","999.9","000000"
"59417099999","2019-03-31","22.3666666","106.75","129.0","LONGZHOU, CH","  77.2"," 8","  70.9"," 8","1009.2"," 8","997.7"," 6","  3.5"," 7","  2.7"," 8","  7.8","999.9","  85.5","*","  66.6","*"," 0.22","G","999.9","000000"
"59417099999","2019-04-01","22.3666666","106.75","129.0","LONGZHOU, CH","  63.9"," 8","  60.9"," 8","1014.3"," 8","002.9"," 7","  3.5"," 8","  3.6"," 8","  7.8","999.9","  64.4","*","  62.6","*"," 0.35","G","999.9","010000"
"59417099999","2019-04-02","22.3666666","106.75","129.0","LONGZHOU, CH","  69.2"," 8","  65.4"," 8","1014.7"," 8","999.5"," 8","  2.4"," 4","  1.9"," 8","  3.9","999.9","  74.7","*","  62.4"," "," 0.02","G","999.9","010000"
"59417099999","2019-04-03","22.3666666","106.75","129.0","LONGZHOU, CH","  70.5"," 8","  68.2"," 8","1015.6"," 8","000.4"," 8","  3.1"," 7","  2.4"," 8","  3.9","999.9","  80.1","*","  67.1","*"," 2.28","G","999.9","010000"
"59417099999","2019-04-04","22.3666666","106.75","129.0","LONGZHOU, CH","  68.8"," 8","  64.6"," 8","1015.8"," 8","000.6"," 8","  5.0"," 8","  4.4"," 8","  7.8","999.9","  74.3","*","  65.7","*"," 0.04","G","999.9","010000"
"59417099999","2019-04-05","22.3666666","106.75","129.0","LONGZHOU, CH","  69.9"," 8","  64.6"," 8","1015.6"," 8","000.4"," 8","  5.0"," 6","  1.5"," 8","  1.9","999.9","  75.2","*","  65.3"," "," 0.00","I","999.9","000000"
"59417099999","2019-04-06","22.3666666","106.75","129.0","LONGZHOU, CH","  73.8"," 8","  69.9"," 8","1012.0"," 8","997.0"," 8","  3.3"," 7","  2.2"," 8","  3.9","999.9","  78.3","*","  67.5"," "," 0.00","I","999.9","000000"
"59417099999","2019-04-07","22.3666666","106.75","129.0","LONGZHOU, CH","  79.6"," 8","  72.1"," 8","1010.2"," 8","995.3"," 8","  3.6"," 6","  2.2"," 8","  3.9","999.9","  88.7","*","  71.1"," "," 0.00","I","999.9","000000"
"59417099999","2019-04-08","22.3666666","106.75","129.0","LONGZHOU, CH","  79.2"," 8","  72.7"," 8","1007.9"," 8","993.1"," 8","999.9"," 0","  2.7"," 8","  5.8","999.9","  87.3","*","  73.9"," "," 0.07","G","999.9","010000"
"59417099999","2019-04-09","22.3666666","106.75","129.0","LONGZHOU, CH","  81.9"," 8","  74.1"," 8","1007.9"," 8","993.1"," 8","  3.0"," 7","  3.2"," 8","  5.8","999.9","  89.1","*","  76.5"," "," 0.00","I","999.9","000000"
"59417099999","2019-04-10","22.3666666","106.75","129.0","LONGZHOU, CH","  81.2"," 8","  75.3"," 8","1007.4"," 8","992.6"," 8","  2.9"," 7","  2.4"," 8","  5.8","999.9","  86.4","*","  77.5"," "," 0.00","I","999.9","000000"
"59417099999","2019-04-11","22.3666666","106.75","129.0","LONGZHOU, CH","  79.5"," 8","  72.8"," 8","1007.9"," 8","993.1"," 8","  3.2"," 6","  3.2"," 8","  5.8","999.9","  86.4","*","  71.6","*"," 0.00","I","999.9","000000"
"59417099999","2019-04-12","22.3666666","106.75","129.0","LONGZHOU, CH","  73.3"," 8","  67.1"," 8","1010.2"," 8","995.2"," 8","  3.7"," 7","  2.9"," 8","  3.9","999.9","  77.0","*","  69.3"," "," 0.02","G","999.9","010000"
"59417099999","2019-04-13","22.3666666","106.75","129.0","LONGZHOU, CH","  76.6"," 8","  72.7"," 8","1010.1"," 8","995.2"," 8","  2.7"," 6","  1.5"," 8","  1.9","999.9","  83.3","*","  69.3"," "," 0.00","G","999.9","000000"
"59417099999","2019-04-14","22.3666666","106.75","129.0","LONGZHOU, CH","  78.8"," 8","  71.4"," 8","1011.8"," 8","997.0"," 8","  3.7"," 6","  3.4"," 8","  7.8","999.9","  88.7","*","  69.1","*"," 1.07","G","999.9","010000"
"59417099999","2019-04-15","22.3666666","106.75","129.0","LONGZHOU, CH","  68.0"," 8","  66.0"," 8","1013.3"," 8","998.1"," 8","  4.6"," 6","  2.7"," 8","  3.9","999.9","  69.3","*","  67.1","*"," 0.21","G","999.9","010000"
"59417099999","2019-04-16","22.3666666","106.75","129.0","LONGZHOU, CH","  70.9"," 8","  66.7"," 8","1013.3"," 8","998.2"," 8","  3.8"," 6","  2.9"," 8","  5.8","999.9","  75.6","*","  66.7"," "," 0.07","G","999.9","010000"
"59417099999","2019-04-17","22.3666666","106.75","129.0","LONGZHOU, CH","  72.1"," 8","  69.1"," 8","1009.2"," 8","994.2"," 8","  2.2"," 8","  1.5"," 8","  1.9","999.9","  75.4","*","  68.9"," "," 0.00","G","999.9","000000"
"59417099999","2019-04-18","22.3666666","106.75","129.0","LONGZHOU, CH","  80.1"," 8","  74.9"," 8","1003.4"," 8","988.7"," 8","  1.9"," 8","  2.2"," 8","  5.8","999.9","  91.4","*","  70.7"," "," 0.00","G","999.9","000000"
"59417099999","2019-04-19","22.3666666","106.75","129.0","LONGZHOU, CH","  85.1"," 8","  73.3"," 8","1000.8"," 8","986.2"," 8","  1.8"," 8","  2.2"," 8","  5.8","999.9"," 100.8","*","  74.3","*"," 0.00","I","999.9","000000"
"59417099999","2019-04-20","22.3666666","106.75","129.0","LONGZHOU, CH","  84.0"," 8","  73.8"," 8","1001.0"," 8","986.4"," 8","  1.6"," 8","  2.2"," 8","  5.8","999.9","  99.0","*","  73.9"," "," 0.00","I","999.9","000000"
"59417099999","2019-04-21","22.3666666","106.75","129.0","LONGZHOU, CH","  84.8"," 8","  76.6"," 8","1003.9"," 8","989.3"," 8","  1.6"," 8","  2.4"," 8","  3.9","999.9","  93.6","*","  74.7"," "," 0.00","I","999.9","000000"
"59417099999","2019-04-22","22.3666666","106.75","129.0","LONGZHOU, CH","  85.1"," 8","  71.9"," 8","1004.9"," 8","990.3"," 8","  1.8"," 8","  1.9"," 8","  5.8","999.9","  97.0","*","  76.5","*"," 0.00","I","999.9","000000"
"59417099999","2019-04-23","22.3666666","106.75","129.0","LONGZHOU, CH","  83.5"," 8","  74.9"," 8","1007.3"," 8","992.6"," 8","  2.2"," 7","  3.6"," 8","  5.8","999.9","  91.4","*","  75.2"," ","99.99"," ","999.9","010000"
"59417099999","2019-04-24","22.3666666","106.75","129.0","LONGZHOU, CH","  85.0"," 8","  73.1"," 8","1005.7"," 8","991.1"," 8","  3.7"," 5","  3.2"," 8","  5.8","999.9","  94.5","*","  78.1"," "," 0.00","I","999.9","000000"
"59417099999","2019-04-25","22.3666666","106.75","129.0","LONGZHOU, CH","  84.2"," 8","  74.0"," 8","1006.9"," 8","992.3"," 8","  3.6"," 6","  2.4"," 8","  5.8","999.9","  92.5","*","  76.3"," "," 0.00","I","999.9","000000"
"59417099999","2019-04-26","22.3666666","106.75","129.0","LONGZHOU, CH","  83.3"," 8","  73.5"," 8","1007.7"," 8","993.0"," 8","  3.7"," 6","  2.4"," 8","  3.9","999.9","  90.0","*","  76.1"," "," 0.00","I","999.9","000000"
"59417099999","2019-04-27","22.3666666","106.75","129.0","LONGZHOU, CH","  84.0"," 8","  70.9"," 8","1007.8"," 8","993.2"," 8","  4.3"," 6","  3.9"," 8","  7.8","999.9","  91.4","*","  77.5"," "," 0.00","I","999.9","000000"
"59417099999","2019-04-28","22.3666666","106.75","129.0","LONGZHOU, CH","  77.6"," 8","  71.7"," 8","1008.9"," 8","994.0"," 8","  3.6"," 7","  2.4"," 8","  5.8","999.9","  82.4","*","  72.9","*"," 0.06","G","999.9","010000"
"59417099999","2019-04-29","22.3666666","106.75","129.0","LONGZHOU, CH","  83.4"," 8","  74.7"," 8","1006.6"," 8","991.9"," 8","999.9"," 0","  2.2"," 8","  5.8","999.9","  92.3","*","  72.7"," "," 0.01","A","999.9","000000"
"59417099999","2019-04-30","22.3666666","106.75","129.0","LONGZHOU, CH","  78.0"," 8","  69.5"," 8","1009.0"," 8","994.2"," 8","  3.9"," 6","  2.9"," 8","  3.9","999.9","  86.4","*","  72.0","*","99.99"," ","999.9","010000"
"59417099999","2019-05-01","22.3666666","106.75","129.0","LONGZHOU, CH","  75.9"," 8","  64.9"," 8","1010.1"," 8","995.2"," 8","  3.9"," 8","  2.2"," 8","  3.9","999.9","  84.6","*","  69.8","*"," 0.00","G","999.9","000000"
"59417099999","2019-05-02","22.3666666","106.75","129.0","LONGZHOU, CH","  77.2"," 8","  64.3"," 8","1011.9"," 8","996.9"," 8","  3.8"," 6","  2.7"," 8","  3.9","999.9","  84.2","*","  69.4"," "," 0.00","G","999.9","010000"
"59417099999","2019-05-03","22.3666666","106.75","129.0","LONGZHOU, CH","  72.1"," 8","  65.4"," 8","1012.8"," 8","997.7"," 8","  2.4"," 5","  2.7"," 8","  3.9","999.9","  75.4","*","  68.4","*"," 0.04","G","999.9","010000"
"59417099999","2019-05-04","22.3666666","106.75","129.0","LONGZHOU, CH","  70.5"," 8","  69.3"," 8","1010.1"," 8","995.0"," 8","  2.2"," 7","  2.2"," 8","  3.9","999.9","  71.6","*","  68.5"," "," 0.12","G","999.9","010000"
"59417099999","2019-05-05","22.3666666","106.75","129.0","LONGZHOU, CH","  73.4"," 8","  71.6"," 8","1006.4"," 8","991.5"," 8","  2.5"," 8","  2.2"," 8","  3.9","999.9","  76.5","*","  70.0"," "," 0.55","G","999.9","010000"
"59417099999","2019-05-06","22.3666666","106.75","129.0","LONGZHOU, CH","  73.0"," 8","  71.6"," 8","1007.0"," 8","992.1"," 8","  2.6"," 7","  2.2"," 8","  3.9","999.9","  74.7","*","  71.6","*"," 0.03","G","999.9","010000"
"59417099999","2019-05-07","22.3666666","106.75","129.0","LONGZHOU, CH","  71.2"," 8","  69.3"," 8","1007.2"," 8","992.3"," 8","  2.9"," 8","  2.9"," 8","  3.9","999.9","  72.5","*","  69.8","*"," 0.31","G","999.9","010000"
"59417099999","2019-05-08","22.3666666","106.75","129.0","LONGZHOU, CH","  70.6"," 8","  67.1"," 8","1008.7"," 8","993.7"," 8","  4.3"," 7","  2.4"," 8","  3.9","999.9","  73.6","*","  68.4","*"," 0.12","G","999.9","010000"
"59417099999","2019-05-09","22.3666666","106.75","129.0","LONGZHOU, CH","  69.5"," 8","  66.7"," 8","1010.2"," 8","995.1"," 8","  2.8"," 6","  2.4"," 8","  3.9","999.9","  72.0","*","  67.3"," "," 0.12","G","999.9","010000"
"59417099999","2019-05-10","22.3666666","106.75","129.0","LONGZHOU, CH","  73.9"," 8","  68.1"," 8","1010.8"," 8","995.9"," 8","  3.2"," 7","  1.2"," 8","  1.9","999.9","  78.3","*","  68.2"," "," 0.12","G","999.9","000000"
"59417099999","2019-05-11","22.3666666","106.75","129.0","LONGZHOU, CH","  78.5"," 8","  72.5"," 8","1009.9"," 8","995.1"," 8","  2.6"," 6","  1.7"," 8","  1.9","999.9","  84.2","*","  71.4"," "," 0.00","G","999.9","000000"
"59417099999","2019-05-12","22.3666666","106.75","129.0","LONGZHOU, CH","  81.5"," 8","  75.4"," 8","1008.1"," 8","993.4"," 8","  2.3"," 5","  1.7"," 8","  1.9","999.9","  88.7","*","  73.2"," "," 0.00","I","999.9","000000"
"59417099999","2019-05-13","22.3666666","106.75","129.0","LONGZHOU, CH","  80.9"," 8","  76.5"," 8","1007.4"," 8","992.7"," 8","  2.2"," 7","  1.5"," 8","  3.9","999.9","  86.4","*","  75.6","*"," 0.00","G","999.9","000000"
"59417099999","2019-05-14","22.3666666","106.75","129.0","LONGZHOU, CH","  81.8"," 8","  76.1"," 8","1006.4"," 8","991.6"," 8","  3.4"," 6","  1.5"," 8","  1.9","999.9","  88.9","*","  74.8"," "," 0.26","G","999.9","000000"
"59417099999","2019-05-15","22.3666666","106.75","129.0","LONGZHOU, CH","  85.3"," 8","  76.2"," 8","1005.1"," 8","990.5"," 8","  4.0"," 7","  2.7"," 8","  3.9","999.9","  96.1","*","  77.4"," "," 0.00","I","999.9","000000"
"59417099999","2019-05-16","22.3666666","106.75","129.0","LONGZHOU, CH","  86.0"," 8","  76.2"," 8","1003.0"," 8","988.4"," 8","  3.7"," 6","  2.7"," 8","  5.8","999.9","  94.5","*","  77.0"," "," 0.00","I","999.9","000000"
"59417099999","2019-05-17","22.3666666","106.75","129.0","LONGZHOU, CH","  88.1"," 8","  76.7"," 8","1000.8"," 8","986.3"," 8","  3.8"," 5","  2.4"," 8","  5.8","999.9","  99.5","*","  76.8"," "," 0.00","I","999.9","000000"
"59417099999","2019-05-18","22.3666666","106.75","129.0","LONGZHOU, CH","  89.5"," 8","  76.3"," 8"," 999.8"," 8","985.4"," 8","  4.3"," 6","  2.7"," 8","  5.8","999.9"," 101.3","*","  78.3"," "," 0.00","I","999.9","000000"
"59417099999","2019-05-19","22.3666666","106.75","129.0","LONGZHOU, CH","  90.3"," 8","  77.5"," 8","1002.6"," 8","988.2"," 8","  4.1"," 5","  2.7"," 8","  7.8","999.9"," 102.6","*","  78.8"," "," 0.00","I","999.9","000000"
"59417099999","2019-05-20","22.3666666","106.75","129.0","LONGZHOU, CH","  79.4"," 8","  72.9"," 8","1008.8"," 8","994.0"," 8","  4.2"," 7","  4.1"," 8","  7.8","999.9","  85.1","*","  75.4","*"," 0.68","G","999.9","000000"
"59417099999","2019-05-21","22.3666666","106.75","129.0","LONGZHOU, CH","  77.2"," 8","  66.7"," 8","1010.7"," 8","995.8"," 8","  4.1"," 8","  2.7"," 8","  3.9","999.9","  80.6","*","  73.8","*"," 0.00","I","999.9","000000"
"59417099999","2019-05-22","22.3666666","106.75","129.0","LONGZHOU, CH","  73.9"," 8","  66.2"," 8","1010.9"," 8","995.9"," 8","  2.9"," 8","  1.2"," 8","  1.9","999.9","  80.6","*","  67.1","*"," 0.02","G","999.9","000000"
"59417099999","2019-05-23","22.3666666","106.75","129.0","LONGZHOU, CH","  81.2"," 8","  69.7"," 8","1008.5"," 8","993.7"," 8","  3.8"," 7","  1.9"," 8","  3.9","999.9","  90.9","*","  66.9"," "," 0.00","I","999.9","000000"
"59417099999","2019-05-24","22.3666666","106.75","129.0","LONGZHOU, CH","  84.2"," 8","  74.3"," 8","1005.6"," 8","990.9"," 8","  4.1"," 6","  2.2"," 8","  3.9","999.9","  90.9","*","  76.3"," "," 0.00","I","999.9","000000"
"59417099999","2019-05-25","22.3666666","106.75","129.0","LONGZHOU, CH","  84.9"," 8","  74.9"," 8","1002.9"," 8","988.3"," 8","  4.4"," 8","  2.4"," 8","  5.8","999.9","  93.4","*","  78.3"," "," 0.00","I","999.9","000000"
"59417099999","2019-05-26","22.3666666","106.75","129.0","LONGZHOU, CH","  87.5"," 8","  76.4"," 8","1002.4"," 8","987.8"," 8","  4.5"," 7","  2.7"," 8","  3.9","999.9","  97.2","*","  77.9"," "," 0.03","G","999.9","000000"
"59417099999","2019-05-27","22.3666666","106.75","129.0","LONGZHOU, CH","  77.6"," 8","  75.9"," 8","1005.8"," 8","991.0"," 8","  3.8"," 7","  2.2"," 8","  5.8","999.9","  80.1","*","  75.2"," "," 0.65","G","999.9","010000"
"59417099999","2019-05-28","22.3666666","106.75","129.0","LONGZHOU, CH","  78.1"," 8","  75.1"," 8","1007.1"," 8","992.3"," 8","  3.5"," 7","  2.2"," 8","  3.9","999.9","  85.1","*","  74.7","*"," 0.24","G","999.9","010000"
"59417099999","2019-05-29","22.3666666","106.75","129.0","LONGZHOU, CH","  74.2"," 8","  71.7"," 8","1008.8"," 8","993.8"," 8","  4.1"," 7","  1.7"," 8","  1.9","999.9","  75.6","*","  72.9"," "," 0.15","G","999.9","010000"
"59417099999","2019-05-30","22.3666666","106.75","129.0","LONGZHOU, CH","  75.7"," 8","  72.8"," 8","1008.5"," 8","993.6"," 8","  2.6"," 6","  1.2"," 8","  1.9","999.9","  77.4","*","  73.0"," "," 0.46","G","999.9","010000"
"59417099999","2019-05-31","22.3666666","106.75","129.0","LONGZHOU, CH","  75.0"," 7","  71.2"," 7","1008.8"," 7","993.8"," 7","  3.6"," 7","  2.2"," 7","  3.9","999.9","  77.9","*","  72.5","*"," 0.07","G","999.9","010000"
"59417099999","2019-06-01","22.3666666","106.75","129.0","LONGZHOU, CH","  71.4"," 8","  70.6"," 8","1008.5"," 8","993.5"," 8","  2.4"," 6","  1.5"," 8","  1.9","999.9","  73.6","*","  68.9","*"," 1.31","G","999.9","010000"
"59417099999","2019-06-02","22.3666666","106.75","129.0","LONGZHOU, CH","  76.0"," 8","  69.6"," 8","1007.3"," 8","992.4"," 8","  4.0"," 7","  1.2"," 8","  1.9","999.9","  86.4","*","  68.7"," "," 0.80","G","999.9","000000"
"59417099999","2019-06-03","22.3666666","106.75","129.0","LONGZHOU, CH","  82.2"," 8","  75.2"," 8","1005.9"," 8","991.2"," 8","  3.4"," 6","  1.2"," 8","  1.9","999.9","  91.4","*","  69.3"," "," 0.00","G","999.9","100000"
"59417099999","2019-06-04","22.3666666","106.75","129.0","LONGZHOU, CH","  84.2"," 8","  76.0"," 8","1005.2"," 8","990.6"," 8","  3.9"," 8","  1.7"," 8","  3.9","999.9","  93.6","*","  76.1"," "," 0.00","I","999.9","000000"
"59417099999","2019-06-05","22.3666666","106.75","129.0","LONGZHOU, CH","  84.6"," 8","  76.1"," 8","1005.2"," 8","990.6"," 8","  4.8"," 8","  2.9"," 8","  5.8","999.9","  94.3","*","  75.6"," "," 0.15","G","999.9","000000"
"59417099999","2019-06-06","22.3666666","106.75","129.0","LONGZHOU, CH","  84.1"," 8","  76.2"," 8","1007.1"," 8","992.4"," 8","  4.6"," 8","  2.2"," 8","  5.8","999.9","  93.2","*","  77.2"," ","99.99"," ","999.9","010000"
"59417099999","2019-06-07","22.3666666","106.75","129.0","LONGZHOU, CH","  86.1"," 8","  77.0"," 8","1007.3"," 8","992.6"," 8","  4.5"," 7","  1.9"," 8","  3.9","999.9","  94.1","*","  77.7"," "," 0.00","I","999.9","000000"
"59417099999","2019-06-08","22.3666666","106.75","129.0","LONGZHOU, CH","  85.5"," 8","  77.4"," 8","1004.4"," 8","989.8"," 8","  3.6"," 6","  1.9"," 8","  7.8","999.9","  93.2","*","  80.1"," "," 0.00","I","999.9","000000"
"59417099999","2019-06-09","22.3666666","106.75","129.0","LONGZHOU, CH","  88.7"," 8","  77.1"," 8","1000.8"," 8","986.4"," 8","  4.8"," 8","  3.2"," 8","  5.8","999.9","  98.1","*","  80.1"," "," 0.00","I","999.9","000000"
"59417099999","2019-06-10","22.3666666","106.75","129.0","LONGZHOU, CH","  85.1"," 8","  77.4"," 8","1001.5"," 8","986.9"," 8","  4.6"," 8","  2.4"," 8","  3.9","999.9","  94.1","*","  78.1","*","99.99"," ","999.9","010000"
"59417099999","2019-06-11","22.3666666","106.75","129.0","LONGZHOU, CH","  81.3"," 8","  77.1"," 8","1002.7"," 8","988.0"," 8","  4.7"," 6","  1.7"," 8","  3.9","999.9","  87.8","*","  75.4"," "," 0.95","G","999.9","010000"
"59417099999","2019-06-12","22.3666666","106.75","129.0","LONGZHOU, CH","  84.3"," 8","  77.2"," 8","1002.2"," 8","987.7"," 8","  4.3"," 8","  3.2"," 8","  3.9","999.9","  95.9","*","  75.6","*"," 1.20","G","999.9","010000"
"59417099999","2019-06-13","22.3666666","106.75","129.0","LONGZHOU, CH","  81.9"," 8","  77.3"," 8","1003.0"," 8","988.4"," 8","  5.2"," 7","  1.7"," 8","  3.9","999.9","  87.3","*","  75.6"," "," 0.26","G","999.9","010000"
"59417099999","2019-06-14","22.3666666","106.75","129.0","LONGZHOU, CH","  83.9"," 8","  78.1"," 8","1002.7"," 8","988.1"," 8","  4.2"," 8","  1.9"," 7","  3.9","999.9","  91.8","*","  77.7"," "," 0.26","G","999.9","010000"
"59417099999","2019-06-15","22.3666666","106.75","129.0","LONGZHOU, CH","  84.3"," 8","  79.7"," 8","1001.7"," 8","987.1"," 8","  3.6"," 8","  2.5"," 7","  5.8","999.9","  89.4","*","  79.2"," "," 0.09","G","999.9","010000"
"59417099999","2019-06-16","22.3666666","106.75","129.0","LONGZHOU, CH","  84.7"," 8","  78.3"," 8","1001.8"," 8","987.2"," 8","  4.3"," 8","  2.9"," 8","  5.8","999.9","  93.6","*","  77.9","*"," 0.02","G","999.9","010000"
"59417099999","2019-06-17","22.3666666","106.75","129.0","LONGZHOU, CH","  83.9"," 8","  78.2"," 8","1003.9"," 8","989.3"," 8","  4.7"," 8","  1.9"," 8","  5.8","999.9","  89.6","*","  77.9"," "," 0.02","G","999.9","010000"
"59417099999","2019-06-18","22.3666666","106.75","129.0","LONGZHOU, CH","  84.3"," 8","  76.5"," 8","1004.9"," 8","990.3"," 8","  5.4"," 8","  2.4"," 8","  3.9","999.9","  91.8","*","  77.4","*"," 0.00","I","999.9","000000"
"59417099999","2019-06-19","22.3666666","106.75","129.0","LONGZHOU, CH","  85.6"," 8","  77.3"," 8","1004.5"," 8","989.9"," 8","  4.9"," 8","  1.9"," 8","  3.9","999.9","  94.3","*","  76.8"," "," 0.00","I","999.9","000000"
"59417099999","2019-06-20","22.3666666","106.75","129.0","LONGZHOU, CH","  87.3"," 8","  78.1"," 8","1003.1"," 8","988.6"," 8","  5.3"," 8","  2.4"," 8","  3.9","999.9","  96.8","*","  78.6"," "," 0.00","I","999.9","000000"
"59417099999","2019-06-21","22.3666666","106.75","129.0","LONGZHOU, CH","  89.8"," 8","  77.7"," 8","1001.6"," 8","987.2"," 8","  6.1"," 8","  2.4"," 8","  5.8","999.9","  99.5","*","  79.7"," "," 0.00","I","999.9","000000"
"59417099999","2019-06-22","22.3666666","106.75","129.0","LONGZHOU, CH","  90.8"," 8","  79.0"," 8","1000.4"," 8","986.0"," 8","  5.7"," 8","  3.2"," 8","  5.8","999.9"," 100.8","*","  81.0"," "," 0.00","I","999.9","000000"
"59417099999","2019-06-23","22.3666666","106.75","129.0","LONGZHOU, CH","  79.9"," 8","  76.2"," 8","1004.7"," 8","990.0"," 8","  5.0"," 8","  2.7"," 8","  3.9","999.9","  83.3","*","  76.6"," "," 0.85","G","999.9","010000"
"59417099999","2019-06-24","22.3666666","106.75","129.0","LONGZHOU, CH","  79.4"," 8","  76.1"," 8","1005.5"," 8","990.7"," 8","  4.3"," 7","  2.9"," 8","  5.8","999.9","  83.7","*","  75.2"," "," 1.63","G","999.9","010000"
"59417099999","2019-06-25","22.3666666","106.75","129.0","LONGZHOU, CH","  83.5"," 8","  78.9"," 8","1004.2"," 8","989.5"," 8","  3.9"," 5","  2.2"," 8","  3.9","999.9","  91.4","*","  77.9","*"," 0.49","G","999.9","010000"
"59417099999","2019-06-26","22.3666666","106.75","129.0","LONGZHOU, CH","  86.1"," 8","  78.3"," 8","1000.0"," 8","985.5"," 8","  5.3"," 8","  2.4"," 8","  3.9","999.9","  96.8","*","  77.7"," "," 0.48","G","999.9","000000"
"59417099999","2019-06-27","22.3666666","106.75","129.0","LONGZHOU, CH","  86.9"," 8","  78.2"," 8"," 997.2"," 8","982.8"," 8","  5.6"," 7","  1.9"," 8","  3.9","999.9","  95.0","*","  78.3"," "," 0.00","G","999.9","000000"
"59417099999","2019-06-28","22.3666666","106.75","129.0","LONGZHOU, CH","  88.5"," 8","  79.2"," 8"," 997.3"," 8","982.9"," 8","  5.7"," 8","  2.4"," 8","  3.9","999.9","  98.1","*","  79.5"," "," 0.00","G","999.9","010000"
"59417099999","2019-06-29","22.3666666","106.75","129.0","LONGZHOU, CH","  84.1"," 8","  77.0"," 8","1000.1"," 8","985.6"," 8","  4.7"," 8","  3.9"," 8"," 19.4","999.9","  97.9","*","  77.0","*"," 0.44","G","999.9","010000"
"59417099999","2019-06-30","22.3666666","106.75","129.0","LONGZHOU, CH","  82.9"," 8","  77.7"," 8","1001.9"," 8","987.3"," 8","  5.6"," 6","  1.5"," 8","  3.9","999.9","  90.5","*","  76.3"," "," 0.26","G","999.9","010000"
"59417099999","2019-07-01","22.3666666","106.75","129.0","LONGZHOU, CH","  84.7"," 8","  77.3"," 8","1002.0"," 8","987.4"," 8","  5.2"," 6","  2.7"," 8","  3.9","999.9","  94.5","*","  77.9","*"," 0.31","G","999.9","010000"
"59417099999","2019-07-02","22.3666666","106.75","129.0","LONGZHOU, CH","  80.6"," 8","  77.2"," 8","1001.6"," 8","987.0"," 8","  4.7"," 7","  1.9"," 8","  5.8","999.9","  86.4","*","  76.5","*"," 0.52","G","999.9","000000"
"59417099999","2019-07-03","22.3666666","106.75","129.0","LONGZHOU, CH","  83.7"," 8","  76.4"," 8"," 999.2"," 8","984.6"," 8","  4.3"," 8","  4.6"," 8","  7.8","999.9","  90.9","*","  76.5"," "," 0.35","G","999.9","010000"
"59417099999","2019-07-04","22.3666666","106.75","129.0","LONGZHOU, CH","  80.6"," 8","  78.3"," 8","1002.0"," 8","987.3"," 8","  4.9"," 6","  2.7"," 8","  7.8","999.9","  83.7","*","  77.9"," "," 0.28","G","999.9","010000"
"59417099999","2019-07-05","22.3666666","106.75","129.0","LONGZHOU, CH","  83.6"," 8","  78.5"," 8","1001.6"," 8","987.0"," 8","  4.9"," 7","  1.9"," 8","  3.9","999.9","  91.6","*","  77.7"," "," 0.27","G","999.9","000000"
"59417099999","2019-07-06","22.3666666","106.75","129.0","LONGZHOU, CH","  86.1"," 8","  79.4"," 8"," 999.8"," 8","985.3"," 8","  5.6"," 7","  1.9"," 8","  3.9","999.9","  93.6","*","  78.8"," "," 0.00","G","999.9","000000"
"59417099999","2019-07-07","22.3666666","106.75","129.0","LONGZHOU, CH","  84.0"," 8","  79.2"," 8","1000.7"," 8","986.1"," 8","  4.6"," 8","  1.2"," 8","  1.9","999.9","  91.6","*","  79.2","*"," 0.04","G","999.9","010000"
"59417099999","2019-07-08","22.3666666","106.75","129.0","LONGZHOU, CH","  87.8"," 8","  78.9"," 8","1000.1"," 8","985.6"," 8","  5.8"," 7","  2.4"," 8","  5.8","999.9","  96.8","*","  79.0"," "," 0.00","I","999.9","000000"
"59417099999","2019-07-09","22.3666666","106.75","129.0","LONGZHOU, CH","  77.6"," 8","  75.4"," 8","1003.3"," 8","988.5"," 8","  4.4"," 7","  2.2"," 8","  3.9","999.9","  81.9","*","  75.2","*"," 0.46","G","999.9","010000"
"59417099999","2019-07-10","22.3666666","106.75","129.0","LONGZHOU, CH","  78.1"," 8","  75.7"," 8","1004.6"," 8","989.8"," 8","  4.3"," 7","  1.7"," 8","  1.9","999.9","  79.9","*","  75.0"," "," 0.09","G","999.9","010000"
"59417099999","2019-07-11","22.3666666","106.75","129.0","LONGZHOU, CH","  83.1"," 8","  77.9"," 8","1004.6"," 8","989.9"," 8","  4.7"," 6","  2.4"," 8","  3.9","999.9","  90.9","*","  77.0"," "," 0.00","E","999.9","010000"
"59417099999","2019-07-12","22.3666666","106.75","129.0","LONGZHOU, CH","  83.2"," 8","  80.0"," 8","1003.1"," 8","988.5"," 8","  3.8"," 8","  1.2"," 8","  1.9","999.9","  88.2","*","  78.1"," "," 0.01","G","999.9","010000"
"59417099999","2019-07-13","22.3666666","106.75","129.0","LONGZHOU, CH","  83.5"," 8","  78.6"," 8","1001.5"," 8","986.9"," 8","  4.3"," 5","  1.5"," 8","  1.9","999.9","  91.8","*","  77.0","*"," 0.32","G","999.9","010000"
"59417099999","2019-07-14","22.3666666","106.75","129.0","LONGZHOU, CH","  79.2"," 8","  78.2"," 8","1002.1"," 8","987.4"," 8","  2.9"," 8","  1.7"," 8","  3.9","999.9","  81.5","*","  76.3"," "," 0.98","G","999.9","010000"
"59417099999","2019-07-15","22.3666666","106.75","129.0","LONGZHOU, CH","  81.7"," 8","  78.8"," 8","1002.5"," 8","987.8"," 8","  3.6"," 8","  1.0"," 8","  1.9","999.9","  87.1","*","  77.2","*"," 0.77","G","999.9","010000"
"59417099999","2019-07-16","22.3666666","106.75","129.0","LONGZHOU, CH","  84.0"," 8","  78.5"," 8","1003.0"," 8","988.4"," 8","  4.2"," 7","  1.9"," 8","  3.9","999.9","  93.2","*","  77.0"," "," 0.13","G","999.9","000000"
"59417099999","2019-07-17","22.3666666","106.75","129.0","LONGZHOU, CH","  86.8"," 8","  78.9"," 8","1001.9"," 8","987.3"," 8","  4.6"," 7","  2.4"," 8","  3.9","999.9","  96.1","*","  77.9"," "," 0.00","G","999.9","100000"
"59417099999","2019-07-18","22.3666666","106.75","129.0","LONGZHOU, CH","  87.0"," 8","  79.7"," 8"," 999.9"," 8","985.5"," 8","  4.7"," 6","  1.7"," 8","  3.9","999.9","  94.5","*","  80.1"," "," 0.00","I","999.9","000000"
"59417099999","2019-07-19","22.3666666","106.75","129.0","LONGZHOU, CH","  83.8"," 8","  77.0"," 8","1001.4"," 8","986.9"," 8","  4.5"," 6","  1.5"," 8","  1.9","999.9","  96.8","*","  75.2","*"," 0.66","G","999.9","010000"
"59417099999","2019-07-20","22.3666666","106.75","129.0","LONGZHOU, CH","  85.9"," 8","  76.9"," 8","1003.5"," 8","988.9"," 8","  5.9"," 8","  1.7"," 8","  1.9","999.9","  95.4","*","  74.7"," "," 0.08","E","999.9","000000"
"59417099999","2019-07-21","22.3666666","106.75","129.0","LONGZHOU, CH","  87.8"," 8","  76.9"," 8","1003.2"," 8","988.7"," 8","  5.9"," 8","  2.7"," 8","  3.9","999.9","  98.1","*","  79.0","*"," 0.00","I","999.9","000000"
"59417099999","2019-07-22","22.3666666","106.75","129.0","LONGZHOU, CH","  79.3"," 8","  75.0"," 8","1002.5"," 8","987.9"," 8","  4.5"," 6","  2.7"," 8","  7.8","999.9","  89.1","*","  76.1","*"," 0.70","G","999.9","010000"
"59417099999","2019-07-23","22.3666666","106.75","129.0","LONGZHOU, CH","  80.1"," 8","  76.1"," 8","1002.2"," 8","987.5"," 8","  4.4"," 6","  2.2"," 8","  3.9","999.9","  89.8","*","  75.6"," "," 1.25","G","999.9","010000"
"59417099999","2019-07-24","22.3666666","106.75","129.0","LONGZHOU, CH","  80.5"," 8","  77.7"," 8","1004.5"," 8","989.7"," 8","  4.8"," 6","  1.9"," 8","  3.9","999.9","  86.0","*","  76.5"," "," 0.19","G","999.9","010000"
"59417099999","2019-07-25","22.3666666","106.75","129.0","LONGZHOU, CH","  81.7"," 8","  77.2"," 8","1005.9"," 8","991.1"," 8","  4.9"," 7","  2.2"," 8","  5.8","999.9","  87.3","*","  77.0"," "," 0.16","G","999.9","000000"
"59417099999","2019-07-26","22.3666666","106.75","129.0","LONGZHOU, CH","  83.9"," 8","  77.9"," 8","1004.8"," 8","990.2"," 8","  4.4"," 7","  1.9"," 8","  3.9","999.9","  90.7","*","  77.5"," "," 0.04","G","999.9","000000"
"59417099999","2019-07-27","22.3666666","106.75","129.0","LONGZHOU, CH","  87.1"," 8","  78.3"," 8","1003.8"," 8","989.3"," 8","  5.5"," 8","  1.9"," 8","  3.9","999.9","  95.4","*","  78.6"," "," 0.00","I","999.9","000000"
"59417099999","2019-07-28","22.3666666","106.75","129.0","LONGZHOU, CH","  87.3"," 8","  76.3"," 8","1004.3"," 8","989.8"," 8","  5.8"," 8","  2.2"," 8","  3.9","999.9","  95.4","*","  79.5"," "," 0.00","I","999.9","000000"
"59417099999","2019-07-29","22.3666666","106.75","129.0","LONGZHOU, CH","  84.9"," 8","  75.7"," 8","1004.4"," 8","989.9"," 8","  5.4"," 8","  1.9"," 8","  3.9","999.9","  95.4","*","  76.5","*"," 0.00","I","999.9","000000"
"59417099999","2019-07-30","22.3666666","106.75","129.0","LONGZHOU, CH","  81.6"," 8","  75.0"," 8","1004.0"," 8","989.4"," 8","  5.8"," 5","  2.2"," 8","  3.9","999.9","  94.1","*","  75.4","*"," 0.24","G","999.9","010000"
"59417099999","2019-07-31","22.3666666","106.75","129.0","LONGZHOU, CH","  81.7"," 8","  75.9"," 8","1002.4"," 8","987.8"," 8","  4.8"," 8","  2.2"," 8","  3.9","999.9","  90.5","*","  75.2"," "," 0.41","G","999.9","010000"
"59417099999","2019-08-01","22.3666666","106.75","129.0","LONGZHOU, CH","  77.9"," 8","  75.9"," 8"," 999.0"," 8","984.4"," 8","  3.7"," 6","  2.4"," 8","  3.9","999.9","  83.7","*","  74.7"," "," 1.40","G","999.9","010000"
"59417099999","2019-08-02","22.3666666","106.75","129.0","LONGZHOU, CH","  79.2"," 8","  77.0"," 8"," 997.1"," 8","982.4"," 8","  3.6"," 7","  2.9"," 8","  5.8","999.9","  84.4","*","  74.8"," "," 2.11","G","999.9","010000"
"59417099999","2019-08-03","22.3666666","106.75","129.0","LONGZHOU, CH","  78.0"," 8","  76.1"," 8"," 999.2"," 8","984.5"," 8","  3.3"," 8","  2.7"," 8","  3.9","999.9","  78.3","*","  77.0"," "," 0.82","G","999.9","010000"
"59417099999","2019-08-04","22.3666666","106.75","129.0","LONGZHOU, CH","  80.2"," 8","  76.6"," 8","1002.3"," 8","987.6"," 8","  4.3"," 7","  2.7"," 8","  5.8","999.9","  86.4","*","  76.5","*"," 0.18","G","999.9","010000"
"59417099999","2019-08-05","22.3666666","106.75","129.0","LONGZHOU, CH","  81.3"," 8","  76.8"," 8","1004.0"," 8","989.3"," 8","  4.0"," 7","  1.7"," 8","  3.9","999.9","  90.0","*","  76.3"," "," 0.00","G","999.9","000000"
"59417099999","2019-08-06","22.3666666","106.75","129.0","LONGZHOU, CH","  84.5"," 8","  76.5"," 8","1003.1"," 8","988.5"," 8","  4.3"," 6","  1.7"," 8","  3.9","999.9","  95.9","*","  76.3"," "," 0.00","E","999.9","000000"
"59417099999","2019-08-07","22.3666666","106.75","129.0","LONGZHOU, CH","  86.8"," 8","  77.1"," 8","1000.0"," 8","985.5"," 8","  5.2"," 7","  2.2"," 8","  3.9","999.9","  99.5","*","  76.6"," "," 0.00","G","999.9","000000"
"59417099999","2019-08-08","22.3666666","106.75","129.0","LONGZHOU, CH","  82.7"," 8","  76.6"," 8","1000.6"," 8","986.0"," 8","  3.3"," 7","  1.7"," 8","  3.9","999.9","  95.9","*","  75.4","*"," 1.34","G","999.9","010000"
"59417099999","2019-08-09","22.3666666","106.75","129.0","LONGZHOU, CH","  80.5"," 8","  76.5"," 8","1000.5"," 8","985.8"," 8","  4.8"," 6","  2.2"," 8","  5.8","999.9","  94.1","*","  74.7"," "," 0.85","G","999.9","010000"
"59417099999","2019-08-10","22.3666666","106.75","129.0","LONGZHOU, CH","  85.8"," 8","  77.5"," 8","1000.4"," 8","985.9"," 8","  4.7"," 7","  1.5"," 8","  1.9","999.9","  97.7","*","  75.4"," "," 0.00","I","999.9","000000"
"59417099999","2019-08-11","22.3666666","106.75","129.0","LONGZHOU, CH","  84.9"," 8","  76.9"," 8","1000.6"," 8","986.1"," 8","  4.9"," 8","  1.5"," 8","  1.9","999.9","  95.4","*","  77.4","*"," 0.00","I","999.9","000000"
"59417099999","2019-08-12","22.3666666","106.75","129.0","LONGZHOU, CH","  88.2"," 8","  79.2"," 8","1000.7"," 8","986.3"," 8","  5.4"," 7","  2.2"," 8","  3.9","999.9","  98.6","*","  77.2"," "," 0.00","I","999.9","000000"
"59417099999","2019-08-13","22.3666666","106.75","129.0","LONGZHOU, CH","  88.5"," 8","  77.1"," 8","1000.6"," 8","986.2"," 8","  5.9"," 8","  1.7"," 8","  1.9","999.9"," 100.8","*","  79.7","*"," 0.00","I","999.9","000000"
"59417099999","2019-08-14","22.3666666","106.75","129.0","LONGZHOU, CH","  87.4"," 8","  75.6"," 8","1002.0"," 8","987.5"," 8","  5.6"," 8","  2.4"," 8","  3.9","999.9"," 101.3","*","  78.3"," "," 0.00","I","999.9","000000"
"59417099999","2019-08-15","22.3666666","106.75","129.0","LONGZHOU, CH","  81.7"," 7","  75.6"," 7","1002.9"," 7","988.2"," 7","  4.6"," 5","  2.5"," 7","  7.8","999.9","  96.1","*","  75.6","*"," 1.72","G","999.9","010000"
"59417099999","2019-08-16","22.3666666","106.75","129.0","LONGZHOU, CH","  81.2"," 8","  75.6"," 8","1002.7"," 8","988.0"," 8","  5.2"," 7","  2.4"," 8","  3.9","999.9","  91.4","*","  75.4"," "," 1.34","E","999.9","000000"
"59417099999","2019-08-17","22.3666666","106.75","129.0","LONGZHOU, CH","  84.6"," 8","  76.0"," 8","1003.6"," 8","989.0"," 8","  4.7"," 8","  2.9"," 8","  3.9","999.9","  92.3","*","  76.5"," "," 0.00","I","999.9","000000"
"59417099999","2019-08-18","22.3666666","106.75","129.0","LONGZHOU, CH","  84.4"," 8","  78.1"," 8","1003.1"," 8","988.5"," 8","  4.7"," 7","  2.7"," 8","  3.9","999.9","  91.8","*","  78.3","*"," 0.30","G","999.9","000000"
"59417099999","2019-08-19","22.3666666","106.75","129.0","LONGZHOU, CH","  86.2"," 8","  78.0"," 8","1003.0"," 8","988.5"," 8","  4.7"," 7","  2.9"," 8","  5.8","999.9","  95.0","*","  78.3"," "," 0.00","I","999.9","000000"
"59417099999","2019-08-20","22.3666666","106.75","129.0","LONGZHOU, CH","  84.4"," 8","  76.8"," 8","1003.7"," 8","989.1"," 8","  4.7"," 6","  3.2"," 8","  7.8","999.9","  93.4","*","  78.3"," "," 0.06","G","999.9","010000"
"59417099999","2019-08-21","22.3666666","106.75","129.0","LONGZHOU, CH","  81.7"," 8","  77.7"," 8","1005.5"," 8","990.8"," 8","  4.0"," 7","  2.2"," 8","  3.9","999.9","  88.9","*","  78.1"," "," 0.30","G","999.9","010000"
"59417099999","2019-08-22","22.3666666","106.75","129.0","LONGZHOU, CH","  76.5"," 8","  74.8"," 8","1007.4"," 8","992.6"," 8","  4.3"," 7","  1.9"," 8","  1.9","999.9","  83.3","*","  74.3","*"," 1.46","G","999.9","010000"
"59417099999","2019-08-23","22.3666666","106.75","129.0","LONGZHOU, CH","  82.5"," 8","  74.8"," 8","1007.5"," 8","992.7"," 8","  4.9"," 8","  2.2"," 8","  5.8","999.9","  93.6","*","  74.1"," "," 1.30","G","999.9","000000"
"59417099999","2019-08-24","22.3666666","106.75","129.0","LONGZHOU, CH","  80.3"," 8","  75.1"," 8","1005.5"," 8","990.7"," 8","  3.8"," 7","  2.2"," 8","  3.9","999.9","  94.1","*","  75.2","*"," 0.31","G","999.9","010000"
"59417099999","2019-08-25","22.3666666","106.75","129.0","LONGZHOU, CH","  85.6"," 8","  79.1"," 8","1003.1"," 8","988.5"," 8","  3.7"," 7","  2.2"," 8","  3.9","999.9","  95.4","*","  75.0"," "," 0.00","E","999.9","000000"
"59417099999","2019-08-26","22.3666666","106.75","129.0","LONGZHOU, CH","  80.5"," 8","  77.2"," 8","1003.7"," 8","989.0"," 8","  2.4"," 6","  1.5"," 8","  3.9","999.9","  87.3","*","  75.2","*"," 0.54","G","999.9","010000"
"59417099999","2019-08-27","22.3666666","106.75","129.0","LONGZHOU, CH","  82.0"," 8","  76.4"," 8","1006.6"," 8","991.9"," 8","  5.4"," 7","  2.7"," 8","  7.8","999.9","  88.0","*","  74.8"," "," 0.01","G","999.9","010000"
"59417099999","2019-08-28","22.3666666","106.75","129.0","LONGZHOU, CH","  83.5"," 8","  77.4"," 8","1007.0"," 8","992.3"," 8","  4.5"," 8","  1.9"," 8","  3.9","999.9","  94.1","*","  77.4","*"," 0.00","G","999.9","000000"
"59417099999","2019-08-29","22.3666666","106.75","129.0","LONGZHOU, CH","  85.6"," 8","  76.1"," 8","1004.1"," 8","989.6"," 8","  5.6"," 8","  2.9"," 8","  5.8","999.9","  98.1","*","  77.0"," "," 0.45","G","999.9","010000"
"59417099999","2019-08-30","22.3666666","106.75","129.0","LONGZHOU, CH","  79.0"," 8","  76.2"," 8","1005.7"," 8","990.9"," 8","  4.3"," 7","  2.9"," 8","  5.8","999.9","  81.9","*","  76.3"," "," 1.91","G","999.9","010000"
"59417099999","2019-08-31","22.3666666","106.75","129.0","LONGZHOU, CH","  77.0"," 8","  75.9"," 8","1007.3"," 8","992.4"," 8","  2.6"," 7","  1.2"," 8","  1.9","999.9","  80.8","*","  75.2","*"," 3.52","G","999.9","010000"
"59417099999","2019-09-01","22.3666666","106.75","129.0","LONGZHOU, CH","  77.9"," 8","  75.9"," 8","1008.1"," 8","993.2"," 8","  3.0"," 6","  1.0"," 8","  1.9","999.9","  82.8","*","  74.8"," "," 0.44","G","999.9","010000"
"59417099999","2019-09-02","22.3666666","106.75","129.0","LONGZHOU, CH","  79.2"," 8","  73.6"," 8","1007.7"," 8","992.9"," 8","  4.3"," 7","  2.4"," 8","  7.8","999.9","  86.0","*","  75.0"," "," 0.00","G","999.9","000000"
"59417099999","2019-09-03","22.3666666","106.75","129.0","LONGZHOU, CH","  81.6"," 8","  73.5"," 8","1005.8"," 8","991.1"," 8","  5.3"," 6","  2.2"," 8","  5.8","999.9","  90.0","*","  76.1","*"," 0.00","E","999.9","000000"
"59417099999","2019-09-04","22.3666666","106.75","129.0","LONGZHOU, CH","  82.7"," 8","  73.6"," 8","1004.1"," 8","989.4"," 8","  5.3"," 7","  2.7"," 8","  5.8","999.9","  91.4","*","  75.7"," "," 0.00","I","999.9","000000"
"59417099999","2019-09-05","22.3666666","106.75","129.0","LONGZHOU, CH","  83.8"," 8","  74.6"," 8","1003.4"," 8","988.8"," 8","  4.7"," 6","  2.4"," 8","  5.8","999.9","  93.4","*","  75.2"," "," 0.00","I","999.9","000000"
"59417099999","2019-09-06","22.3666666","106.75","129.0","LONGZHOU, CH","  85.1"," 8","  75.3"," 8","1003.2"," 8","988.7"," 8","  4.7"," 7","  2.4"," 8","  3.9","999.9","  96.1","*","  75.0"," "," 0.00","I","999.9","000000"
"59417099999","2019-09-07","22.3666666","106.75","129.0","LONGZHOU, CH","  86.2"," 8","  77.0"," 8","1003.8"," 8","989.3"," 8","  4.5"," 7","  2.2"," 8","  3.9","999.9","  96.1","*","  77.4"," "," 0.00","I","999.9","000000"
"59417099999","2019-09-08","22.3666666","106.75","129.0","LONGZHOU, CH","  86.4"," 8","  77.7"," 8","1002.7"," 8","988.2"," 8","  5.3"," 7","  2.4"," 8","  3.9","999.9","  95.9","*","  78.3"," "," 0.00","I","999.9","000000"
"59417099999","2019-09-09","22.3666666","106.75","129.0","LONGZHOU, CH","  80.3"," 8","  77.0"," 8","1003.4"," 8","988.7"," 8","  3.4"," 7","  2.2"," 8","  3.9","999.9","  90.0","*","  76.3","*"," 1.96","G","999.9","010000"
"59417099999","2019-09-10","22.3666666","106.75","129.0","LONGZHOU, CH","  76.0"," 8","  74.8"," 8","1008.4"," 8","993.5"," 8","  3.7"," 7","  1.5"," 8","  1.9","999.9","  77.9","*","  74.7"," "," 1.34","G","999.9","010000"
"59417099999","2019-09-11","22.3666666","106.75","129.0","LONGZHOU, CH","  78.3"," 8","  75.9"," 8","1011.7"," 8","996.9"," 8","  4.1"," 7","  1.9"," 8","  3.9","999.9","  86.9","*","  75.0"," "," 0.16","G","999.9","010000"
"59417099999","2019-09-12","22.3666666","106.75","129.0","LONGZHOU, CH","  80.7"," 8","  75.9"," 8","1010.5"," 8","995.7"," 8","  4.2"," 7","  1.5"," 8","  3.9","999.9","  90.5","*","  75.4","*"," 0.00","A","999.9","100000"
"59417099999","2019-09-13","22.3666666","106.75","129.0","LONGZHOU, CH","  83.1"," 8","  75.6"," 8","1008.8"," 8","994.0"," 8","  4.3"," 7","  1.7"," 8","  1.9","999.9","  94.3","*","  75.0"," "," 0.00","I","999.9","100000"
"59417099999","2019-09-14","22.3666666","106.75","129.0","LONGZHOU, CH","  84.5"," 8","  75.0"," 8","1008.5"," 8","993.8"," 8","  5.2"," 8","  1.9"," 8","  1.9","999.9","  96.3","*","  75.7"," "," 0.00","I","999.9","000000"
"59417099999","2019-09-15","22.3666666","106.75","129.0","LONGZHOU, CH","  84.0"," 8","  75.4"," 8","1008.1"," 8","993.5"," 8","  4.6"," 7","  1.7"," 8","  3.9","999.9","  94.5","*","  75.9"," "," 0.00","I","999.9","000000"
"59417099999","2019-09-16","22.3666666","106.75","129.0","LONGZHOU, CH","  82.0"," 8","  75.3"," 8","1008.2"," 8","993.5"," 8","  3.8"," 7","  1.9"," 8","  3.9","999.9","  93.6","*","  75.7"," "," 0.00","I","999.9","000000"
"59417099999","2019-09-17","22.3666666","106.75","129.0","LONGZHOU, CH","  78.7"," 8","  75.5"," 8","1010.7"," 8","995.8"," 8","  3.6"," 7","  1.7"," 8","  3.9","999.9","  85.3","*","  75.6"," "," 0.65","G","999.9","010000"
"59417099999","2019-09-18","22.3666666","106.75","129.0","LONGZHOU, CH","  80.5"," 8","  75.2"," 8","1012.7"," 8","997.9"," 8","  3.6"," 8","  3.4"," 8"," 11.7","999.9","  91.8","*","  74.5","*"," 1.43","G","999.9","010000"
"59417099999","2019-09-19","22.3666666","106.75","129.0","LONGZHOU, CH","  81.0"," 8","  74.4"," 8","1012.8"," 8","998.0"," 8","  3.4"," 7","  1.7"," 8","  1.9","999.9","  89.1","*","  74.1"," "," 0.87","A","999.9","000000"
"59417099999","2019-09-20","22.3666666","106.75","129.0","LONGZHOU, CH","  80.4"," 8","  70.9"," 8","1011.9"," 8","997.1"," 8","  4.1"," 7","  2.9"," 8","  5.8","999.9","  90.0","*","  72.0","*"," 0.00","I","999.9","000000"
"59417099999","2019-09-21","22.3666666","106.75","129.0","LONGZHOU, CH","  77.1"," 8","  65.4"," 8","1014.0"," 8","999.0"," 8","  6.6"," 6","  2.9"," 8","  5.8","999.9","  86.2","*","  67.5","*"," 0.00","I","999.9","000000"
"59417099999","2019-09-22","22.3666666","106.75","129.0","LONGZHOU, CH","  76.2"," 8","  62.6"," 8","1016.5"," 8","001.5"," 8","  5.5"," 6","  3.2"," 8","  7.8","999.9","  88.0","*","  66.2","*"," 0.00","I","999.9","000000"
"59417099999","2019-09-23","22.3666666","106.75","129.0","LONGZHOU, CH","  74.8"," 8","  62.0"," 8","1018.6"," 8","003.6"," 8","  4.9"," 8","  2.4"," 8","  5.8","999.9","  87.8","*","  64.8","*"," 0.00","I","999.9","000000"
"59417099999","2019-09-24","22.3666666","106.75","129.0","LONGZHOU, CH","  75.4"," 8","  63.8"," 8","1018.7"," 8","003.6"," 8","  4.8"," 6","  2.7"," 8","  5.8","999.9","  88.7","*","  64.4"," "," 0.00","I","999.9","000000"
"59417099999","2019-09-25","22.3666666","106.75","129.0","LONGZHOU, CH","  76.7"," 8","  65.5"," 8","1018.5"," 8","003.5"," 8","  4.3"," 7","  1.9"," 8","  3.9","999.9","  90.0","*","  65.7"," "," 0.00","I","999.9","000000"
"59417099999","2019-09-26","22.3666666","106.75","129.0","LONGZHOU, CH","  76.6"," 8","  64.9"," 8","1018.5"," 8","003.4"," 8","  4.5"," 8","  1.9"," 8","  3.9","999.9","  87.8","*","  67.3"," "," 0.00","I","999.9","000000"
"59417099999","2019-09-27","22.3666666","106.75","129.0","LONGZHOU, CH","  75.9"," 8","  64.1"," 8","1017.6"," 8","002.6"," 8","  4.5"," 6","  2.7"," 8","  3.9","999.9","  89.1","*","  66.4"," "," 0.00","I","999.9","000000"
"59417099999","2019-09-28","22.3666666","106.75","129.0","LONGZHOU, CH","  76.8"," 8","  65.0"," 8","1016.1"," 8","001.1"," 8","  4.5"," 7","  2.4"," 8","  3.9","999.9","  90.9","*","  65.3"," "," 0.00","I","999.9","000000"
"59417099999","2019-09-29","22.3666666","106.75","129.0","LONGZHOU, CH","  77.5"," 8","  64.3"," 8","1013.7"," 8","998.7"," 8","  5.0"," 6","  1.9"," 8","  3.9","999.9","  92.5","*","  66.4"," "," 0.00","I","999.9","000000"
"59417099999","2019-09-30","22.3666666","106.75","129.0","LONGZHOU, CH","  78.2"," 8","  66.3"," 8","1010.8"," 8","995.9"," 8","  4.1"," 7","  2.4"," 8","  3.9","999.9","  92.3","*","  67.1"," "," 0.00","I","999.9","000000"
"59417099999","2019-10-01","22.3666666","106.75","129.0","LONGZHOU, CH","  79.6"," 8","  68.8"," 8","1010.3"," 8","995.5"," 8","  3.5"," 8","  1.9"," 8","  3.9","999.9","  93.2","*","  67.3"," "," 0.00","I","999.9","000000"
"59417099999","2019-10-02","22.3666666","106.75","129.0","LONGZHOU, CH","  81.2"," 8","  71.7"," 8","1010.6"," 8","995.8"," 8","  3.7"," 7","  1.9"," 8","  3.9","999.9","  91.4","*","  70.3"," "," 0.00","I","999.9","000000"
"59417099999","2019-10-03","22.3666666","106.75","129.0","LONGZHOU, CH","  82.0"," 8","  72.4"," 8","1010.8"," 8","996.1"," 8","  4.8"," 7","  2.4"," 8","  3.9","999.9","  92.3","*","  75.2","*"," 0.00","I","999.9","000000"
"59417099999","2019-10-04","22.3666666","106.75","129.0","LONGZHOU, CH","  80.6"," 8","  72.9"," 8","1010.9"," 8","996.1"," 8","  4.8"," 7","  2.4"," 8","  3.9","999.9","  90.9","*","  73.8"," "," 0.00","I","999.9","000000"
"59417099999","2019-10-05","22.3666666","106.75","129.0","LONGZHOU, CH","  79.2"," 8","  71.3"," 8","1013.0"," 8","998.1"," 8","  4.7"," 6","  2.7"," 8","  7.8","999.9","  89.8","*","  71.1","*"," 0.00","I","999.9","000000"
"59417099999","2019-10-06","22.3666666","106.75","129.0","LONGZHOU, CH","  80.1"," 8","  69.6"," 8","1013.8"," 8","999.0"," 8","  5.2"," 7","  2.4"," 8","  5.8","999.9","  92.3","*","  70.5"," "," 0.00","I","999.9","000000"
"59417099999","2019-10-07","22.3666666","106.75","129.0","LONGZHOU, CH","  80.3"," 8","  71.1"," 8","1014.7"," 8","999.8"," 8","  4.7"," 8","  2.9"," 8","  3.9","999.9","  89.1","*","  72.5"," "," 0.00","G","999.9","010000"
"59417099999","2019-10-08","22.3666666","106.75","129.0","LONGZHOU, CH","  75.6"," 8","  73.7"," 8","1016.2"," 8","001.1"," 8","  2.4"," 8","  1.5"," 8","  1.9","999.9","  79.7","*","  73.8","*"," 0.45","G","999.9","010000"
"59417099999","2019-10-09","22.3666666","106.75","129.0","LONGZHOU, CH","  76.1"," 8","  71.7"," 8","1014.1"," 8","999.1"," 8","  2.4"," 8","  3.2"," 8","  9.7","999.9","  87.3","*","  71.6","*"," 1.07","G","999.9","010000"
"59417099999","2019-10-10","22.3666666","106.75","129.0","LONGZHOU, CH","  76.0"," 8","  73.2"," 8","1013.0"," 8","998.0"," 8","  3.4"," 5","  1.5"," 8","  3.9","999.9","  85.5","*","  71.2"," "," 0.02","G","999.9","010000"
"59417099999","2019-10-11","22.3666666","106.75","129.0","LONGZHOU, CH","  79.7"," 8","  72.4"," 8","1011.5"," 8","996.7"," 8","  4.6"," 8","  2.2"," 8","  3.9","999.9","  90.5","*","  72.0"," "," 0.01","G","999.9","100000"
"59417099999","2019-10-12","22.3666666","106.75","129.0","LONGZHOU, CH","  78.9"," 8","  72.4"," 8","1012.6"," 8","997.7"," 8","  4.1"," 8","  2.4"," 8","  5.8","999.9","  89.8","*","  72.5"," "," 1.34","G","999.9","010000"
"59417099999","2019-10-13","22.3666666","106.75","129.0","LONGZHOU, CH","  76.3"," 8","  71.6"," 8","1016.3"," 8","001.3"," 8","  4.6"," 7","  2.7"," 8","  3.9","999.9","  83.3","*","  71.8","*"," 0.13","G","999.9","010000"
"59417099999","2019-10-14","22.3666666","106.75","129.0","LONGZHOU, CH","  74.4"," 8","  70.1"," 8","1019.8"," 8","004.7"," 8","  3.6"," 8","  2.4"," 8","  5.8","999.9","  77.9","*","  71.6"," "," 0.01","G","999.9","000000"
"59417099999","2019-10-15","22.3666666","106.75","129.0","LONGZHOU, CH","  73.3"," 8","  68.7"," 8","1019.8"," 8","004.7"," 8","  4.4"," 7","  1.9"," 8","  3.9","999.9","  77.9","*","  69.8","*"," 0.01","E","999.9","000000"
"59417099999","2019-10-16","22.3666666","106.75","129.0","LONGZHOU, CH","  76.3"," 8","  70.2"," 8","1018.0"," 8","003.0"," 8","  4.5"," 4","  1.2"," 8","  1.9","999.9","  84.2","*","  69.4"," "," 0.00","I","999.9","000000"
"59417099999","2019-10-17","22.3666666","106.75","129.0","LONGZHOU, CH","  76.3"," 8","  66.9"," 8","1018.4"," 8","003.4"," 8","  5.3"," 8","  3.4"," 8","  5.8","999.9","  85.1","*","  69.1","*"," 0.00","I","999.9","000000"
"59417099999","2019-10-18","22.3666666","106.75","129.0","LONGZHOU, CH","  70.1"," 8","  63.4"," 8","1019.7"," 8","004.5"," 8","  5.8"," 8","  1.9"," 8","  3.9","999.9","  76.1","*","  64.8","*","99.99"," ","999.9","010000"
"59417099999","2019-10-19","22.3666666","106.75","129.0","LONGZHOU, CH","  70.9"," 8","  64.2"," 8","1018.5"," 8","003.3"," 8","  5.0"," 6","  2.2"," 8","  3.9","999.9","  80.6","*","  64.0"," "," 0.00","I","999.9","000000"
"59417099999","2019-10-20","22.3666666","106.75","129.0","LONGZHOU, CH","  75.5"," 8","  68.0"," 8","1015.8"," 8","000.8"," 8","  5.3"," 5","  2.2"," 8","  3.9","999.9","  84.6","*","  63.9"," "," 0.00","I","999.9","000000"
"59417099999","2019-10-21","22.3666666","106.75","129.0","LONGZHOU, CH","  77.5"," 8","  70.2"," 8","1011.8"," 8","996.9"," 8","  3.9"," 6","  1.7"," 8","  3.9","999.9","  86.0","*","  71.1"," "," 0.00","I","999.9","000000"
"59417099999","2019-10-22","22.3666666","106.75","129.0","LONGZHOU, CH","  79.8"," 8","  71.6"," 8","1008.6"," 8","993.9"," 8","  4.5"," 7","  1.9"," 8","  3.9","999.9","  86.9","*","  72.0"," "," 0.00","I","999.9","000000"
"59417099999","2019-10-23","22.3666666","106.75","129.0","LONGZHOU, CH","  74.8"," 8","  69.8"," 8","1011.9"," 8","996.9"," 8","  5.4"," 7","  2.4"," 8","  3.9","999.9","  85.5"," ","  70.2","*"," 0.50","G","999.9","010000"
"59417099999","2019-10-24","22.3666666","106.75","129.0","LONGZHOU, CH","  68.4"," 8","  64.9"," 8","1017.1"," 8","001.9"," 8","  4.9"," 8","  2.9"," 8","  3.9","999.9","  70.7"," ","  67.5","*"," 0.11","G","999.9","010000"
"59417099999","2019-10-25","22.3666666","106.75","129.0","LONGZHOU, CH","  72.6"," 8","  67.4"," 8","1017.3"," 8","002.1"," 8","  4.0"," 6","  1.9"," 7","  1.9","999.9","  77.9"," ","  67.5"," "," 0.00","I","999.9","000000"
"59417099999","2019-10-26","22.3666666","106.75","129.0","LONGZHOU, CH","  74.4"," 8","  68.9"," 8","1016.9"," 8","001.8"," 8","  2.8"," 4","  2.4"," 8","  3.9","999.9","  79.2"," ","  71.2"," "," 0.00","G","999.9","000000"
"59417099999","2019-10-27","22.3666666","106.75","129.0","LONGZHOU, CH","  72.2"," 8","  65.6"," 8","1015.8"," 8","000.7"," 8","  3.7"," 6","  3.2"," 8","  5.8","999.9","  79.7"," ","  67.3","*"," 0.03","G","999.9","010000"
"59417099999","2019-10-28","22.3666666","106.75","129.0","LONGZHOU, CH","  65.4"," 8","  60.6"," 8","1019.9"," 8","004.5"," 8","  5.6"," 8","  2.7"," 5","  3.9","999.9","  69.8"," ","  60.4","*"," 0.12","G","999.9","010000"
"59417099999","2019-10-29","22.3666666","106.75","129.0","LONGZHOU, CH","  67.0"," 8","  54.8"," 8","1018.5"," 8","003.2"," 8","  5.5"," 6","  2.5"," 7","  3.9","999.9","  83.5"," ","  55.0","*"," 0.00","G","999.9","000000"
"59417099999","2019-10-30","22.3666666","106.75","129.0","LONGZHOU, CH","  66.8"," 8","  54.7"," 8","1018.0"," 8","002.7"," 8","  5.2"," 6","  2.4"," 8","  5.8","999.9","  84.9"," ","  54.5"," "," 0.00","E","999.9","000000"
"59417099999","2019-10-31","22.3666666","106.75","129.0","LONGZHOU, CH","  69.1"," 8","  56.3"," 8","1017.7"," 8","002.5"," 8","  5.1"," 8","  2.4"," 8","  5.8","999.9","  80.2"," ","  53.6"," ","99.99"," ","999.9","010000"
"59417099999","2019-11-01","22.3666666","106.75","129.0","LONGZHOU, CH","  69.0"," 8","  65.3"," 8","1016.6"," 8","001.4"," 8","  3.5"," 8","  1.9"," 6","  1.9","999.9","  76.6"," ","  63.5"," "," 0.05","G","999.9","010000"
"59417099999","2019-11-02","22.3666666","106.75","129.0","LONGZHOU, CH","  72.6"," 8","  67.8"," 8","1016.0"," 8","000.9"," 8","  4.4"," 7","  2.3"," 5","  3.9","999.9","  79.0"," ","  66.9"," "," 0.00","G","999.9","000000"
"59417099999","2019-11-03","22.3666666","106.75","129.0","LONGZHOU, CH","  71.5"," 8","  66.1"," 8","1017.0"," 8","001.9"," 8","  3.7"," 8","  3.1"," 5","  3.9","999.9","  79.0"," ","  64.8","*"," 0.00","G","999.9","100000"
"59417099999","2019-11-04","22.3666666","106.75","129.0","LONGZHOU, CH","  69.8"," 8","  58.2"," 8","1017.1"," 8","001.9"," 8","  4.4"," 8","  2.6"," 7","  4.9"," 11.1","  84.7"," ","  57.2","*"," 0.00","G","999.9","100000"
"59417099999","2019-11-05","22.3666666","106.75","129.0","LONGZHOU, CH","  67.5"," 8","  55.9"," 8","1014.4"," 8","999.1"," 8","  3.9"," 8","  2.5"," 7","  5.8","999.9","  81.9"," ","  56.3"," "," 0.00","I","999.9","000000"
"59417099999","2019-11-06","22.3666666","106.75","129.0","LONGZHOU, CH","  70.4"," 8","  59.1"," 8","1013.2"," 8","998.1"," 8","  3.6"," 5","  2.2"," 8","  3.9","999.9","  81.5"," ","  57.7"," "," 0.00","I","999.9","000000"
"59417099999","2019-11-07","22.3666666","106.75","129.0","LONGZHOU, CH","  71.0"," 6","  57.3"," 6","1017.2"," 6","002.0"," 6","  4.0"," 6","  3.2"," 6","  5.8","999.9","  80.2","*","  58.5","*"," 0.00","I","999.9","000000"
"59417099999","2019-11-08","22.3666666","106.75","129.0","LONGZHOU, CH","  66.5"," 8","  55.2"," 8","1019.5"," 8","004.2"," 8","  4.2"," 7","  2.9"," 6","  5.8","999.9","  81.0"," ","  56.7","*"," 0.00","I","999.9","000000"
"59417099999","2019-11-09","22.3666666","106.75","129.0","LONGZHOU, CH","  65.8"," 8","  55.7"," 8","1018.6"," 8","003.2"," 8","  3.3"," 7","  2.3"," 8","  3.9","999.9","  80.6"," ","  54.5"," "," 0.00","I","999.9","000000"
"59417099999","2019-11-10","22.3666666","106.75","129.0","LONGZHOU, CH","  67.2"," 8","  57.1"," 8","1016.4"," 8","001.1"," 8","  3.5"," 7","  2.3"," 5","  3.9","999.9","  83.1"," ","  55.6"," "," 0.00","I","999.9","000000"
"59417099999","2019-11-11","22.3666666","106.75","129.0","LONGZHOU, CH","  68.4"," 8","  58.9"," 8","1014.0"," 8","998.9"," 8","  3.2"," 7","  1.8"," 7","  1.9","999.9","  84.0"," ","  56.7"," "," 0.00","I","999.9","000000"
"59417099999","2019-11-12","22.3666666","106.75","129.0","LONGZHOU, CH","  74.8"," 8","  65.7"," 8","1014.5"," 8","999.5"," 8","  4.0"," 7","  2.9"," 6","  3.9","999.9","  85.8"," ","  57.9"," "," 0.07","G","999.9","010000"
"59417099999","2019-11-13","22.3666666","106.75","129.0","LONGZHOU, CH","  69.6"," 8","  68.2"," 8","1021.3"," 8","006.0"," 8","  2.6"," 8","  2.2"," 8","  3.9","999.9","  75.0"," ","  64.4","*"," 0.73","G","999.9","010000"
"59417099999","2019-11-14","22.3666666","106.75","129.0","LONGZHOU, CH","  66.8"," 8","  59.7"," 8","1020.2"," 8","004.9"," 8","  5.3"," 8","  2.2"," 7","  3.9","999.9","  73.9"," ","  61.5","*"," 0.59","G","999.9","000000"
"59417099999","2019-11-15","22.3666666","106.75","129.0","LONGZHOU, CH","  69.4"," 8","  63.5"," 8","1015.1"," 8","999.9"," 8","  3.8"," 7","  1.9"," 7","  1.9","999.9","  79.7"," ","  61.3"," "," 0.00","G","999.9","000000"
"59417099999","2019-11-16","22.3666666","106.75","129.0","LONGZHOU, CH","  71.5"," 8","  68.0"," 8","1012.0"," 8","996.9"," 8","  2.0"," 6","  1.9"," 5","  1.9","999.9","  76.3"," ","  64.9"," ","99.99"," ","999.9","010000"
"59417099999","2019-11-17","22.3666666","106.75","129.0","LONGZHOU, CH","  75.5"," 8","  69.9"," 8","1012.4"," 8","997.4"," 8","  4.3"," 7","  1.9"," 7","  1.9","999.9","  85.3"," ","  69.6"," "," 0.00","G","999.9","010000"
"59417099999","2019-11-18","22.3666666","106.75","129.0","LONGZHOU, CH","  68.4"," 8","  58.0"," 8","1019.9"," 8","004.6"," 8","  6.8"," 8","  4.4"," 7","  5.8","999.9","  82.6"," ","  62.2","*"," 0.00","B","999.9","010000"
"59417099999","2019-11-19","22.3666666","106.75","129.0","LONGZHOU, CH","  64.3"," 8","  53.9"," 8","1020.9"," 8","005.5"," 8","  5.8"," 8","  2.3"," 6","  3.9","999.9","  67.8"," ","  61.5"," "," 0.00","G","999.9","000000"
"59417099999","2019-11-20","22.3666666","106.75","129.0","LONGZHOU, CH","  63.8"," 8","  56.7"," 8","1020.3"," 8","004.9"," 8","  4.3"," 7","  2.5"," 7","  3.9","999.9","  71.8"," ","  57.7","*"," 0.00","I","999.9","000000"
"59417099999","2019-11-21","22.3666666","106.75","129.0","LONGZHOU, CH","  62.3"," 8","  58.0"," 8","1020.2"," 8","004.8"," 8","  2.9"," 6","  1.9"," 7","  1.9","999.9","  69.8"," ","  56.7","*"," 0.00","I","999.9","000000"
"59417099999","2019-11-22","22.3666666","106.75","129.0","LONGZHOU, CH","  67.9"," 8","  61.2"," 8","1016.7"," 8","001.4"," 8","  2.7"," 7","  2.0"," 7","  2.3","999.9","  78.1"," ","  56.5"," "," 0.00","I","999.9","100000"
"59417099999","2019-11-23","22.3666666","106.75","129.0","LONGZHOU, CH","  71.6"," 8","  64.1"," 8","1015.4"," 8","000.2"," 8","  3.4"," 8","  2.2"," 8","  3.9","999.9","  80.1"," ","  61.7"," "," 0.00","I","999.9","000000"
"59417099999","2019-11-24","22.3666666","106.75","129.0","LONGZHOU, CH","  72.6"," 8","  67.1"," 8","1017.7"," 8","002.6"," 8","  3.0"," 7","  2.0"," 5","  2.3","999.9","  81.5"," ","  67.5"," "," 0.00","G","999.9","010000"
"59417099999","2019-11-25","22.3666666","106.75","129.0","LONGZHOU, CH","  71.4"," 8","  60.2"," 8","1020.8"," 8","005.6"," 8","  4.4"," 8","  4.3"," 8","  8.5"," 14.8","  84.9"," ","  63.0","*"," 0.00","E","999.9","000000"
"59417099999","2019-11-26","22.3666666","106.75","129.0","LONGZHOU, CH","  67.9"," 8","  57.5"," 8","1020.0"," 8","004.6"," 8","  4.0"," 8","  2.3"," 8","  3.9","999.9","  84.9"," ","  62.1"," "," 0.00","G","999.9","000000"
"59417099999","2019-11-27","22.3666666","106.75","129.0","LONGZHOU, CH","  67.1"," 8","  57.7"," 8","1022.2"," 8","006.9"," 8","  3.9"," 8","  3.8"," 8","  5.4"," 14.6","  73.6"," ","  62.1","*"," 0.00","G","999.9","000000"
"59417099999","2019-11-28","22.3666666","106.75","129.0","LONGZHOU, CH","  62.9"," 8","  48.9"," 8","1023.9"," 8","008.4"," 8","  5.6"," 8","  3.6"," 8","  4.3"," 14.6","  73.6"," ","  59.2","*"," 0.00","G","999.9","000000"
"59417099999","2019-11-29","22.3666666","106.75","129.0","LONGZHOU, CH","  60.9"," 8","  51.4"," 8","1021.5"," 8","005.9"," 8","  4.1"," 8","  2.2"," 8","  3.7","999.9","  68.9"," ","  55.8","*"," 0.00","G","999.9","000000"
"59417099999","2019-11-30","22.3666666","106.75","129.0","LONGZHOU, CH","  65.3"," 8","  56.1"," 8","1019.1"," 8","003.7"," 8","  3.6"," 8","  2.5"," 8","  3.7","999.9","  70.9"," ","  55.0"," "," 0.00","G","999.9","000000"
"59417099999","2019-12-01","22.3666666","106.75","129.0","LONGZHOU, CH","  61.7"," 8","  49.8"," 8","1023.8"," 8","008.2"," 8","  5.8"," 8","  3.7"," 8","  4.5"," 11.3","  70.9"," ","  59.2"," "," 0.00","G","999.9","000000"
"59417099999","2019-12-02","22.3666666","106.75","129.0","LONGZHOU, CH","  62.9"," 8","  40.5"," 8","1025.9"," 8","010.3"," 8","  6.5"," 8","  3.7"," 8","  6.4"," 15.2","  70.9"," ","  58.1"," "," 0.00","G","999.9","000000"
"59417099999","2019-12-03","22.3666666","106.75","129.0","LONGZHOU, CH","  60.1"," 8","  40.6"," 8","1024.9"," 8","009.3"," 8","  5.5"," 8","  2.9"," 8","  4.3"," 13.8","  70.9"," ","  54.5"," "," 0.00","G","999.9","000000"
"59417099999","2019-12-04","22.3666666","106.75","129.0","LONGZHOU, CH","  57.5"," 8","  40.7"," 8","1026.1"," 8","010.4"," 8","  4.9"," 8","  2.6"," 8","  5.4"," 13.4","  73.9"," ","  44.1","*"," 0.00","G","999.9","000000"
"59417099999","2019-12-05","22.3666666","106.75","129.0","LONGZHOU, CH","  58.3"," 8","  38.3"," 8","1028.5"," 8","012.7"," 8","  5.4"," 8","  3.0"," 8","  6.2"," 17.3","  73.9"," ","  42.8"," "," 0.00","G","999.9","000000"
"59417099999","2019-12-06","22.3666666","106.75","129.0","LONGZHOU, CH","  54.2"," 8","  37.0"," 8","1028.7"," 8","012.9"," 8","  5.0"," 8","  2.5"," 8","  6.2"," 16.5","  73.0"," ","  41.4"," "," 0.00","G","999.9","000000"
"59417099999","2019-12-07","22.3666666","106.75","129.0","LONGZHOU, CH","  51.9"," 8","  37.3"," 8","1027.6"," 8","011.6"," 8","  4.7"," 8","  1.7"," 8","  2.9","999.9","  72.3"," ","  38.7","*"," 0.00","G","999.9","000000"
"59417099999","2019-12-08","22.3666666","106.75","129.0","LONGZHOU, CH","  53.8"," 8","  38.5"," 8","1025.8"," 8","009.9"," 8","  4.4"," 8","  2.2"," 8","  4.3"," 10.3","  72.3"," ","  37.0"," "," 0.00","G","999.9","000000"
"59417099999","2019-12-09","22.3666666","106.75","129.0","LONGZHOU, CH","  53.2"," 8","  39.3"," 8","1022.0"," 8","006.3"," 8","  4.2"," 8","  1.7"," 8","  4.1","999.9","  71.8"," ","  38.5"," "," 0.00","G","999.9","000000"
"59417099999","2019-12-10","22.3666666","106.75","129.0","LONGZHOU, CH","  52.9"," 8","  37.9"," 8","1019.9"," 8","004.1"," 8","  4.5"," 8","  1.7"," 8","  2.9","999.9","  73.6"," ","  37.9"," "," 0.00","G","999.9","000000"
"59417099999","2019-12-11","22.3666666","106.75","129.0","LONGZHOU, CH","  53.4"," 8","  39.3"," 8","1020.0"," 8","004.2"," 8","  4.0"," 8","  1.5"," 8","  3.3","999.9","  73.8"," ","  39.2"," "," 0.00","G","999.9","000000"
"59417099999","2019-12-12","22.3666666","106.75","129.0","LONGZHOU, CH","  57.2"," 8","  45.5"," 8","1020.5"," 8","004.8"," 8","  3.7"," 8","  1.6"," 8","  2.7","999.9","  75.9"," ","  40.5"," "," 0.00","G","999.9","000000"
"59417099999","2019-12-13","22.3666666","106.75","129.0","LONGZHOU, CH","  61.3"," 8","  53.4"," 8","1021.7"," 8","006.1"," 8","  3.1"," 8","  1.6"," 8","  2.1","999.9","  76.1"," ","  42.3"," "," 0.00","G","999.9","000000"
"59417099999","2019-12-14","22.3666666","106.75","129.0","LONGZHOU, CH","  65.7"," 8","  58.9"," 8","1019.3"," 8","003.9"," 8","  2.8"," 8","  1.3"," 8","  2.3","999.9","  78.6"," ","  48.9"," "," 0.00","G","999.9","000000"
"59417099999","2019-12-15","22.3666666","106.75","129.0","LONGZHOU, CH","  69.9"," 7","  62.2"," 7","1016.3"," 7","001.1"," 7","  4.5"," 7","  2.1"," 7","  4.3"," 11.1","  81.7"," ","  54.3"," "," 0.00","G","999.9","000000"
"59417099999","2019-12-16","22.3666666","106.75","129.0","LONGZHOU, CH","  67.9"," 8","  62.8"," 8","1015.8"," 8","000.6"," 8","  2.8"," 8","  1.8"," 8","  3.7","999.9","  81.7"," ","  61.0"," "," 0.00","G","999.9","000000"
"59417099999","2019-12-17","22.3666666","106.75","129.0","LONGZHOU, CH","  69.9"," 8","  63.8"," 8","1015.8"," 8","000.6"," 8","  3.3"," 8","  1.6"," 8","  2.3","999.9","  83.1"," ","  61.0"," "," 0.00","G","999.9","000000"
"59417099999","2019-12-18","22.3666666","106.75","129.0","LONGZHOU, CH","  71.8"," 8","  64.1"," 8","1016.6"," 8","001.4"," 8","  3.4"," 8","  2.8"," 8","  6.6"," 12.0","  85.1"," ","  63.5"," "," 0.00","G","999.9","010000"
"59417099999","2019-12-19","22.3666666","106.75","129.0","LONGZHOU, CH","  60.4"," 8","  52.0"," 8","1020.8"," 8","005.3"," 8","  4.6"," 8","  4.4"," 8","  5.4"," 14.8","  85.1"," ","  57.2"," "," 0.00","G","999.9","000000"
"59417099999","2019-12-20","22.3666666","106.75","129.0","LONGZHOU, CH","  56.3"," 8","  50.1"," 8","1020.3"," 8","004.6"," 8","  3.8"," 8","  3.2"," 8","  4.1"," 10.9","  65.3"," ","  54.0"," "," 0.00","G","999.9","010000"
"59417099999","2019-12-21","22.3666666","106.75","129.0","LONGZHOU, CH","  55.0"," 7","  53.1"," 7","1019.2"," 7","003.5"," 7","  2.8"," 7","  2.9"," 7","  3.7","999.9","  58.1"," ","  53.6"," "," 0.11","G","999.9","010000"
"59417099999","2019-12-22","22.3666666","106.75","129.0","LONGZHOU, CH","  56.9"," 8","  53.1"," 8","1016.5"," 8","000.9"," 8","  4.1"," 8","  2.3"," 8","  3.7","999.9","  59.9"," ","  53.8"," "," 0.02","G","999.9","010000"
"59417099999","2019-12-23","22.3666666","106.75","129.0","LONGZHOU, CH","  60.2"," 8","  57.4"," 8","1015.8"," 8","000.3"," 8","  2.4"," 8","  1.7"," 8","  2.7","999.9","  63.0"," ","  54.5"," "," 0.01","G","999.9","010000"
"59417099999","2019-12-24","22.3666666","106.75","129.0","LONGZHOU, CH","  61.5"," 8","  58.0"," 8","1016.7"," 8","001.3"," 8","  2.8"," 8","  3.0"," 8","  4.5"," 10.3","  63.3"," ","  56.1"," "," 0.00","G","999.9","010000"
"59417099999","2019-12-25","22.3666666","106.75","129.0","LONGZHOU, CH","  68.3"," 8","  62.8"," 8","1013.4"," 8","998.1"," 8","  3.3"," 8","  1.8"," 8","  2.9"," 10.5","  79.5"," ","  60.3"," "," 0.00","G","999.9","000000"
"59417099999","2019-12-26","22.3666666","106.75","129.0","LONGZHOU, CH","  61.5"," 8","  52.3"," 8","1020.9"," 8","005.4"," 8","  5.4"," 8","  3.8"," 8","  7.0"," 16.3","  79.5"," ","  57.2"," "," 0.00","G","999.9","010000"
"59417099999","2019-12-27","22.3666666","106.75","129.0","LONGZHOU, CH","  57.6"," 8","  46.2"," 8","1022.2"," 8","006.5"," 8","  5.6"," 8","  2.3"," 8","  4.1"," 10.7","  70.2"," ","  55.9"," "," 0.00","G","999.9","000000"
"59417099999","2019-12-28","22.3666666","106.75","129.0","LONGZHOU, CH","  57.7"," 8","  49.7"," 8","1020.4"," 8","004.7"," 8","  3.1"," 8","  1.6"," 8","  2.1","999.9","  61.3"," ","  55.4"," "," 0.00","G","999.9","000000"
"59417099999","2019-12-29","22.3666666","106.75","129.0","LONGZHOU, CH","  64.0"," 8","  56.7"," 8","1018.0"," 8","002.6"," 8","  3.0"," 8","  1.3"," 8","  2.1","999.9","  75.7"," ","  55.4"," "," 0.00","G","999.9","000000"
"59417099999","2019-12-30","22.3666666","106.75","129.0","LONGZHOU, CH","  67.5"," 8","  60.7"," 8","1021.4"," 8","006.0"," 8","  2.6"," 8","  1.2"," 8","  2.1","999.9","  75.7"," ","  57.2"," "," 0.00","G","999.9","000000"
"59417099999","2019-12-31","22.3666666","106.75","129.0","LONGZHOU, CH","  67.1"," 8","  58.1"," 8","1024.6"," 8","009.2"," 8","  3.7"," 8","  1.8"," 8","  2.9","999.9","  75.6"," ","  60.4"," "," 0.00","G","999.9","000000"
