"STATION","DATE","LATITUDE","LONGITUDE","ELEVATION","NAME","TEMP","TEMP_ATTRIBUTES","DEWP","DEWP_ATTRIBUTES","SLP","SLP_ATTRIBUTES","STP","STP_ATTRIBUTES","VISIB","VISIB_ATTRIBUTES","WDSP","WDSP_ATTRIBUTES","MXSPD","GUST","MAX","MAX_ATTRIBUTES","MIN","MIN_ATTRIBUTES","PRCP","PRCP_ATTRIBUTES","SNDP","FRSHTT"
"37409099999","2024-01-01","42.0333333","43.4833333","1245.0","MTA SABUETI, GG","  36.2"," 8","  27.8"," 8","9999.9"," 0","884.9"," 8"," 12.4"," 8","  6.3"," 8"," 11.7","999.9","  45.9"," ","  29.8","*"," 0.00","I","999.9","000000"
"37409099999","2024-01-02","42.0333333","43.4833333","1245.0","MTA SABUETI, GG","  33.9"," 8","  27.2"," 8","9999.9"," 0","883.3"," 8"," 12.4"," 8"," 11.7"," 8"," 15.5","999.9","  38.8"," ","  25.7"," "," 0.00","I","999.9","000000"
"37409099999","2024-01-03","42.0333333","43.4833333","1245.0","MTA SABUETI, GG","  33.0"," 6","  30.4"," 6","9999.9"," 0","880.7"," 6","  4.2"," 6"," 11.0"," 6"," 15.5","999.9","  35.2","*","  29.8","*","99.99"," ","999.9","110000"
"37409099999","2024-01-04","42.0333333","43.4833333","1245.0","MTA SABUETI, GG","  32.5"," 7","  32.3"," 7","9999.9"," 0","876.4"," 7","  0.9"," 7","  8.3"," 7"," 11.7","999.9","  35.1"," ","  29.3"," ","99.99"," ","999.9","110000"
"37409099999","2024-01-05","42.0333333","43.4833333","1245.0","MTA SABUETI, GG","  30.9"," 7","  30.7"," 7","9999.9"," 0","871.0"," 7","  0.9"," 7","  6.7"," 7","  7.8","999.9","  33.3","*","  29.1"," ","99.99"," ","999.9","101000"
"37409099999","2024-01-06","42.0333333","43.4833333","1245.0","MTA SABUETI, GG","  29.0"," 6","  29.0"," 6","9999.9"," 0","878.6"," 6","  0.0"," 6","  8.4"," 6"," 11.7","999.9","  31.3"," ","  27.5"," ","99.99"," ","999.9","101000"
"37409099999","2024-01-07","42.0333333","43.4833333","1245.0","MTA SABUETI, GG","  31.3"," 8","  26.9"," 8","9999.9"," 0","877.8"," 8","  9.3"," 8"," 11.7"," 8"," 11.7","999.9","  37.0"," ","  24.4"," "," 0.00","I","999.9","100000"
"37409099999","2024-01-08","42.0333333","43.4833333","1245.0","MTA SABUETI, GG","  35.4"," 8","  27.7"," 8","9999.9"," 0","872.4"," 8","  9.8"," 7","  4.9"," 8"," 11.7","999.9","  40.8","*","  32.0"," "," 0.00","I","999.9","000000"
"37409099999","2024-01-09","42.0333333","43.4833333","1245.0","MTA SABUETI, GG","  34.2"," 6","  34.2"," 6","9999.9"," 0","873.0"," 6","  0.0"," 6","  6.5"," 6","  7.8","999.9","  37.8"," ","  32.0","*","99.99"," ","999.9","110000"
"37409099999","2024-01-10","42.0333333","43.4833333","1245.0","MTA SABUETI, GG","  30.2"," 6","  30.2"," 6","9999.9"," 0","874.0"," 6","  0.0"," 6","  7.1"," 6","  7.8","999.9","  34.9"," ","  25.9","*","99.99"," ","999.9","111000"
"37409099999","2024-01-11","42.0333333","43.4833333","1245.0","MTA SABUETI, GG","  28.6"," 6","  28.6"," 6","9999.9"," 0","876.3"," 6","  0.0"," 6","  7.1"," 6","  9.7","999.9","  31.3"," ","  24.4"," ","99.99"," ","999.9","101000"
"37409099999","2024-01-12","42.0333333","43.4833333","1245.0","MTA SABUETI, GG","  29.0"," 8","  29.0"," 8","9999.9"," 0","872.6"," 8","  0.0"," 8","  8.7"," 8"," 11.7","999.9","  31.5"," ","  27.0"," ","99.99"," ","999.9","101000"
"37409099999","2024-01-13","42.0333333","43.4833333","1245.0","MTA SABUETI, GG","  20.5"," 6","  20.5"," 6","9999.9"," 0","868.9"," 6","  0.0"," 6"," 12.6"," 6"," 13.6","999.9","  25.3","*","  16.5","*","99.99"," ","999.9","101000"
"37409099999","2024-01-14","42.0333333","43.4833333","1245.0","MTA SABUETI, GG","  19.8"," 7","  18.6"," 7","9999.9"," 0","875.2"," 7","  5.3"," 7"," 11.1"," 7"," 13.6","999.9","  24.3"," ","  14.7"," "," 0.00","I","999.9","100000"
"37409099999","2024-01-15","42.0333333","43.4833333","1245.0","MTA SABUETI, GG","  22.2"," 8","  17.0"," 8","9999.9"," 0","878.5"," 8","  7.8"," 8"," 12.6"," 8"," 15.5","999.9","  29.1"," ","  14.0"," "," 0.00","I","999.9","100000"
"37409099999","2024-01-16","42.0333333","43.4833333","1245.0","MTA SABUETI, GG","  27.1"," 8","  19.6"," 8","9999.9"," 0","878.9"," 8"," 12.4"," 8"," 11.9"," 8"," 13.6","999.9","  34.3","*","  18.9"," "," 0.00","I","999.9","000000"
"37409099999","2024-01-17","42.0333333","43.4833333","1245.0","MTA SABUETI, GG","  32.5"," 7","  32.2"," 7","9999.9"," 0","878.0"," 7","  3.6"," 7","  8.3"," 7"," 11.7","999.9","  35.1"," ","  29.1"," ","99.99"," ","999.9","110000"
"37409099999","2024-01-18","42.0333333","43.4833333","1245.0","MTA SABUETI, GG","  30.9"," 8","  30.9"," 8","9999.9"," 0","882.0"," 8","  0.0"," 7"," 10.7"," 8"," 19.4","999.9","  37.0"," ","  27.0"," "," 0.00","I","999.9","100000"
"37409099999","2024-01-19","42.0333333","43.4833333","1245.0","MTA SABUETI, GG","  32.2"," 8","  32.2"," 8","9999.9"," 0","883.0"," 8","  0.1"," 8","  4.9"," 8","  7.8","999.9","  38.1"," ","  27.0"," "," 0.00","I","999.9","100000"
"37409099999","2024-01-20","42.0333333","43.4833333","1245.0","MTA SABUETI, GG","  30.9"," 8","  30.9"," 8","9999.9"," 0","883.3"," 8","  0.0"," 8","  8.3"," 8"," 11.7","999.9","  33.4"," ","  28.0"," "," 0.00","I","999.9","100000"
"37409099999","2024-01-21","42.0333333","43.4833333","1245.0","MTA SABUETI, GG","  32.0"," 8","  31.7"," 8","9999.9"," 0","882.6"," 8","  0.0"," 6"," 10.9"," 8"," 15.5","999.9","  41.5","*","  28.0","*"," 0.00","I","999.9","100000"
"37409099999","2024-01-22","42.0333333","43.4833333","1245.0","MTA SABUETI, GG","  26.6"," 6","  26.6"," 6","9999.9"," 0","883.8"," 6","  0.0"," 5"," 11.0"," 6"," 15.5","999.9","  28.2","*","  22.6","*","99.99"," ","999.9","101000"
"37409099999","2024-01-23","42.0333333","43.4833333","1245.0","MTA SABUETI, GG","  23.3"," 8","  23.3"," 8","9999.9"," 0","880.9"," 8","  0.0"," 8"," 14.1"," 8"," 19.4","999.9","  27.1"," ","  21.2","*"," 0.00","I","999.9","100000"
"37409099999","2024-01-24","42.0333333","43.4833333","1245.0","MTA SABUETI, GG","  22.3"," 8","  22.3"," 8","9999.9"," 0","879.4"," 8","  0.0"," 8"," 16.0"," 8"," 23.3","999.9","  25.3"," ","  20.1"," "," 0.00","I","999.9","100000"
"37409099999","2024-01-25","42.0333333","43.4833333","1245.0","MTA SABUETI, GG","  22.4"," 8","  20.8"," 8","9999.9"," 0","880.4"," 8","  6.2"," 8"," 11.2"," 8"," 15.5","999.9","  27.9"," ","  18.3","*"," 0.00","I","999.9","100000"
"37409099999","2024-01-26","42.0333333","43.4833333","1245.0","MTA SABUETI, GG","  26.7"," 8","  21.3"," 8","9999.9"," 0","880.6"," 8"," 12.4"," 8","  9.7"," 8"," 11.7","999.9","  34.7"," ","  19.4","*"," 0.00","I","999.9","000000"
"37409099999","2024-01-27","42.0333333","43.4833333","1245.0","MTA SABUETI, GG","  26.0"," 7","  26.0"," 7","9999.9"," 0","876.8"," 7","  0.0"," 7"," 15.0"," 7"," 15.5","999.9","  29.1"," ","  23.9"," ","99.99"," ","999.9","001000"
"37409099999","2024-01-28","42.0333333","43.4833333","1245.0","MTA SABUETI, GG","  26.6"," 6","  26.6"," 6","9999.9"," 0","875.2"," 6","  0.1"," 6"," 11.0"," 6"," 15.5","999.9","  30.2"," ","  24.1"," ","99.99"," ","999.9","101000"
"37409099999","2024-01-29","42.0333333","43.4833333","1245.0","MTA SABUETI, GG","  26.9"," 7","  25.2"," 7","9999.9"," 0","877.1"," 7","  0.2"," 7","  5.5"," 7","  7.8","999.9","  31.3"," ","  23.7"," ","99.99"," ","999.9","101000"
"37409099999","2024-01-30","42.0333333","43.4833333","1245.0","MTA SABUETI, GG","  23.4"," 8","  19.2"," 8","9999.9"," 0","884.2"," 8","  4.7"," 8","  5.3"," 8","  7.8","999.9","  29.3"," ","  19.0"," "," 0.00","I","999.9","000000"
"37409099999","2024-01-31","42.0333333","43.4833333","1245.0","MTA SABUETI, GG","  23.2"," 8","  18.3"," 8","9999.9"," 0","885.0"," 8","  4.7"," 8","  7.3"," 8"," 15.5","999.9","  29.8"," ","  18.0"," "," 0.00","I","999.9","000000"
"37409099999","2024-02-01","42.0333333","43.4833333","1245.0","MTA SABUETI, GG","  25.9"," 8","  19.8"," 8","9999.9"," 0","882.0"," 8","  8.6"," 8","  8.7"," 8"," 15.5","999.9","  35.6"," ","  19.0"," "," 0.00","I","999.9","000000"
"37409099999","2024-02-02","42.0333333","43.4833333","1245.0","MTA SABUETI, GG","  27.5"," 8","  25.8"," 8","9999.9"," 0","875.1"," 8","  9.3"," 8","  6.3"," 8","  7.8","999.9","  32.0"," ","  23.7"," "," 0.00","I","999.9","000000"
"37409099999","2024-02-03","42.0333333","43.4833333","1245.0","MTA SABUETI, GG","  26.4"," 7","  26.4"," 7","9999.9"," 0","875.0"," 7","  0.0"," 7","  7.2"," 7","  7.8","999.9","  29.8"," ","  24.4"," ","99.99"," ","999.9","001000"
"37409099999","2024-02-04","42.0333333","43.4833333","1245.0","MTA SABUETI, GG","  27.4"," 6","  27.4"," 6","9999.9"," 0","874.2"," 6","  0.0"," 5","  6.5"," 6","  7.8","999.9","  30.2"," ","  23.0"," ","99.99"," ","999.9","101000"
"37409099999","2024-02-05","42.0333333","43.4833333","1245.0","MTA SABUETI, GG","  28.3"," 6","  28.3"," 6","9999.9"," 0","870.2"," 6","  0.0"," 6","  6.5"," 6","  7.8","999.9","  30.7"," ","  25.2"," ","99.99"," ","999.9","101000"
"37409099999","2024-02-06","42.0333333","43.4833333","1245.0","MTA SABUETI, GG","  28.4"," 6","  28.4"," 6","9999.9"," 0","865.4"," 6","  0.0"," 6"," 19.4"," 6"," 27.2","999.9","  30.2"," ","  25.7"," ","99.99"," ","999.9","001000"
"37409099999","2024-02-07","42.0333333","43.4833333","1245.0","MTA SABUETI, GG","  31.9"," 7","  31.9"," 7","9999.9"," 0","872.8"," 7","  0.0"," 7"," 10.5"," 7"," 19.4","999.9","  35.6"," ","  24.8"," ","99.99"," ","999.9","101000"
"37409099999","2024-02-08","42.0333333","43.4833333","1245.0","MTA SABUETI, GG","  39.2"," 8","  33.7"," 8","9999.9"," 0","876.0"," 8","  9.3"," 8","  7.3"," 8"," 11.7","999.9","  48.7"," ","  28.8"," "," 0.00","I","999.9","100000"
"37409099999","2024-02-09","42.0333333","43.4833333","1245.0","MTA SABUETI, GG","  42.6"," 8","  38.6"," 8","9999.9"," 0","875.2"," 8"," 12.4"," 7","  8.0"," 8","  9.7","999.9","  48.6"," ","  37.9"," "," 0.00","I","999.9","000000"
"37409099999","2024-02-10","42.0333333","43.4833333","1245.0","MTA SABUETI, GG","  44.8"," 8","  37.7"," 8","9999.9"," 0","879.2"," 8"," 12.4"," 8","  9.2"," 8","  9.7","999.9","  51.8"," ","  39.4"," "," 0.00","I","999.9","000000"
"37409099999","2024-02-11","42.0333333","43.4833333","1245.0","MTA SABUETI, GG","  45.7"," 8","  35.2"," 8","9999.9"," 0","883.0"," 8"," 12.4"," 8","  9.0"," 8","  9.7","999.9","  54.7"," ","  40.6"," "," 0.00","I","999.9","000000"
"37409099999","2024-02-12","42.0333333","43.4833333","1245.0","MTA SABUETI, GG","  42.3"," 8","  34.5"," 8","9999.9"," 0","881.8"," 8"," 12.4"," 8"," 10.2"," 8"," 11.7","999.9","  49.5"," ","  36.0","*"," 0.00","I","999.9","000000"
"37409099999","2024-02-13","42.0333333","43.4833333","1245.0","MTA SABUETI, GG","  42.5"," 8","  34.6"," 8","9999.9"," 0","878.3"," 8"," 12.4"," 8"," 10.9"," 8"," 13.6","999.9","  51.3"," ","  35.1"," "," 0.00","I","999.9","000000"
"37409099999","2024-02-14","42.0333333","43.4833333","1245.0","MTA SABUETI, GG","  41.1"," 8","  34.5"," 8","9999.9"," 0","875.9"," 8"," 12.4"," 8"," 10.2"," 8"," 11.7","999.9","  45.3"," ","  37.9","*"," 0.00","I","999.9","000000"
"37409099999","2024-02-15","42.0333333","43.4833333","1245.0","MTA SABUETI, GG","  39.3"," 7","  37.5"," 7","9999.9"," 0","873.5"," 7"," 10.7"," 7","  9.4"," 7"," 11.7","999.9","  41.0","*","  37.4","*"," 0.00","I","999.9","100000"
"37409099999","2024-02-16","42.0333333","43.4833333","1245.0","MTA SABUETI, GG","  35.8"," 8","  35.4"," 8","9999.9"," 0","872.7"," 8","  1.6"," 8"," 13.6"," 8"," 19.4","999.9","  41.5"," ","  31.3","*"," 0.00","I","999.9","100000"
"37409099999","2024-02-17","42.0333333","43.4833333","1245.0","MTA SABUETI, GG","  32.6"," 8","  32.6"," 8","9999.9"," 0","875.5"," 8","  0.0"," 8"," 13.6"," 8"," 19.4","999.9","  36.1"," ","  29.8"," "," 0.00","I","999.9","100000"
"37409099999","2024-02-18","42.0333333","43.4833333","1245.0","MTA SABUETI, GG","  31.7"," 8","  31.7"," 8","9999.9"," 0","876.9"," 8","  0.0"," 8"," 13.6"," 8"," 15.5","999.9","  33.6"," ","  30.4"," ","99.99"," ","999.9","110000"
"37409099999","2024-02-19","42.0333333","43.4833333","1245.0","MTA SABUETI, GG","  31.1"," 5","  31.1"," 5","9999.9"," 0","877.4"," 5","  0.0"," 5"," 13.2"," 5"," 15.5","999.9","  33.8","*","  29.1","*","99.99"," ","999.9","111000"
"37409099999","2024-02-20","42.0333333","43.4833333","1245.0","MTA SABUETI, GG","  30.7"," 6","  30.7"," 6","9999.9"," 0","877.1"," 6","  0.0"," 6","  9.1"," 6"," 11.7","999.9","  34.3"," ","  28.4","*","99.99"," ","999.9","101000"
"37409099999","2024-02-21","42.0333333","43.4833333","1245.0","MTA SABUETI, GG","  32.0"," 8","  27.5"," 8","9999.9"," 0","879.3"," 8","  7.1"," 7","  5.3"," 8"," 11.7","999.9","  37.9"," ","  27.7"," "," 0.00","I","999.9","100000"
"37409099999","2024-02-22","42.0333333","43.4833333","1245.0","MTA SABUETI, GG","  30.8"," 8","  30.3"," 8","9999.9"," 0","880.8"," 8","  3.1"," 8"," 10.2"," 8"," 15.5","999.9","  33.8"," ","  27.9"," "," 0.00","I","999.9","100000"
"37409099999","2024-02-23","42.0333333","43.4833333","1245.0","MTA SABUETI, GG","  32.1"," 7","  30.3"," 7","9999.9"," 0","881.6"," 7","  3.6"," 7","  5.5"," 7","  7.8","999.9","  37.8"," ","  28.4"," ","99.99"," ","999.9","101000"
"37409099999","2024-02-24","42.0333333","43.4833333","1245.0","MTA SABUETI, GG","  30.4"," 8","  29.3"," 8","9999.9"," 0","883.1"," 8","  3.1"," 8"," 11.2"," 8"," 19.4","999.9","  34.9"," ","  27.3"," "," 0.00","I","999.9","100000"
"37409099999","2024-02-25","42.0333333","43.4833333","1245.0","MTA SABUETI, GG","  30.7"," 8","  29.3"," 8","9999.9"," 0","883.0"," 8","  4.7"," 8"," 18.9"," 8"," 19.4","999.9","  37.0"," ","  26.6"," "," 0.00","I","999.9","100000"
"37409099999","2024-02-26","42.0333333","43.4833333","1245.0","MTA SABUETI, GG","  27.4"," 8","  26.3"," 8","9999.9"," 0","882.8"," 8","  4.7"," 8"," 18.9"," 8"," 23.3","999.9","  33.8"," ","  21.4","*"," 0.00","I","999.9","100000"
"37409099999","2024-02-27","42.0333333","43.4833333","1245.0","MTA SABUETI, GG","  25.9"," 8","  23.7"," 8","9999.9"," 0","882.0"," 8","  6.2"," 8"," 20.9"," 8"," 23.3","999.9","  32.7"," ","  19.0"," "," 0.00","I","999.9","000000"
"37409099999","2024-02-28","42.0333333","43.4833333","1245.0","MTA SABUETI, GG","  29.4"," 7","  26.2"," 7","9999.9"," 0","882.0"," 7","  7.1"," 7"," 12.2"," 7"," 15.5","999.9","  37.4"," ","  23.4"," "," 0.00","I","999.9","000000"
"37409099999","2024-02-29","42.0333333","43.4833333","1245.0","MTA SABUETI, GG","  30.4"," 8","  22.0"," 7","9999.9"," 0","882.5"," 8","  8.9"," 7"," 10.9"," 8"," 17.5","999.9","  39.2"," ","  19.6"," "," 0.00","I","999.9","000000"
"37409099999","2024-03-01","42.0333333","43.4833333","1245.0","MTA SABUETI, GG","  30.0"," 7","  24.6"," 7","9999.9"," 0","881.6"," 7"," 12.4"," 7"," 13.3"," 7"," 15.5","999.9","  40.6"," ","  21.2"," "," 0.00","I","999.9","000000"
"37409099999","2024-03-02","42.0333333","43.4833333","1245.0","MTA SABUETI, GG","  28.0"," 8","  23.7"," 8","9999.9"," 0","879.1"," 8"," 12.4"," 6"," 14.8"," 8"," 25.3","999.9","  35.6"," ","  23.7"," "," 0.00","I","999.9","000000"
"37409099999","2024-03-03","42.0333333","43.4833333","1245.0","MTA SABUETI, GG","  29.9"," 8","  25.1"," 8","9999.9"," 0","873.3"," 8"," 12.4"," 8"," 15.5"," 8"," 23.3","999.9","  39.2"," ","  22.6"," "," 0.00","I","999.9","000000"
"37409099999","2024-03-04","42.0333333","43.4833333","1245.0","MTA SABUETI, GG","  32.6"," 8","  27.3"," 8","9999.9"," 0","874.5"," 8"," 12.4"," 8","  7.8"," 8"," 11.7","999.9","  40.6"," ","  25.0"," "," 0.00","I","999.9","000000"
"37409099999","2024-03-05","42.0333333","43.4833333","1245.0","MTA SABUETI, GG","  37.2"," 8","  29.1"," 8","9999.9"," 0","874.5"," 8"," 12.4"," 8","  6.3"," 8","  7.8","999.9","  48.2"," ","  26.2"," "," 0.00","I","999.9","000000"
"37409099999","2024-03-06","42.0333333","43.4833333","1245.0","MTA SABUETI, GG","  36.5"," 8","  32.2"," 8","9999.9"," 0","871.1"," 8","  9.3"," 8","  7.8"," 8"," 11.7","999.9","  43.2"," ","  29.5"," "," 0.00","I","999.9","100000"
"37409099999","2024-03-07","42.0333333","43.4833333","1245.0","MTA SABUETI, GG","  32.3"," 6","  32.3"," 6","9999.9"," 0","870.2"," 6","  0.0"," 6","  8.1"," 6","  9.7","999.9","  34.9"," ","  29.5","*"," 0.24","E","999.9","111000"
"37409099999","2024-03-08","42.0333333","43.4833333","1245.0","MTA SABUETI, GG","  29.4"," 6","  29.4"," 6","9999.9"," 0","875.0"," 6","  0.0"," 6"," 11.3"," 6"," 11.7","999.9","  31.5"," ","  28.0"," ","99.99"," ","999.9","101000"
"37409099999","2024-03-09","42.0333333","43.4833333","1245.0","MTA SABUETI, GG","  30.0"," 8","  28.5"," 8","9999.9"," 0","876.2"," 8","  4.7"," 8","  9.7"," 8"," 11.7","999.9","  34.7"," ","  26.6"," "," 0.00","I","999.9","100000"
"37409099999","2024-03-10","42.0333333","43.4833333","1245.0","MTA SABUETI, GG","  27.4"," 6","  27.4"," 6","9999.9"," 0","877.1"," 6","  0.0"," 6"," 11.3"," 6"," 13.6","999.9","  29.1"," ","  26.6"," ","99.99"," ","999.9","101000"
"37409099999","2024-03-11","42.0333333","43.4833333","1245.0","MTA SABUETI, GG","  28.9"," 8","  26.3"," 8","9999.9"," 0","880.9"," 8","  6.3"," 8"," 10.7"," 8"," 11.7","999.9","  33.6"," ","  24.8"," "," 0.00","I","999.9","100000"
"37409099999","2024-03-12","42.0333333","43.4833333","1245.0","MTA SABUETI, GG","  32.1"," 7","  24.6"," 7","9999.9"," 0","884.0"," 7"," 12.4"," 7"," 11.9"," 7"," 13.6","999.9","  42.3"," ","  25.3"," "," 0.00","I","999.9","000000"
"37409099999","2024-03-13","42.0333333","43.4833333","1245.0","MTA SABUETI, GG","  33.3"," 8","  28.7"," 8","9999.9"," 0","880.8"," 8"," 12.4"," 8"," 14.3"," 8"," 19.4","999.9","  44.2"," ","  25.0"," "," 0.00","I","999.9","000000"
"37409099999","2024-03-14","42.0333333","43.4833333","1245.0","MTA SABUETI, GG","  33.4"," 8","  30.1"," 8","9999.9"," 0","878.8"," 8","  9.3"," 8"," 17.7"," 8"," 21.4","999.9","  37.0"," ","  28.9"," "," 0.00","I","999.9","100000"
"37409099999","2024-03-15","42.0333333","43.4833333","1245.0","MTA SABUETI, GG","  36.1"," 8","  30.5"," 8","9999.9"," 0","879.8"," 8","  9.3"," 8","  9.2"," 8"," 11.7","999.9","  41.9"," ","  32.5"," ","99.99"," ","999.9","010000"
"37409099999","2024-03-16","42.0333333","43.4833333","1245.0","MTA SABUETI, GG","  31.2"," 6","  31.2"," 6","9999.9"," 0","878.3"," 6","  0.0"," 6"," 13.6"," 6"," 15.5","999.9","  33.1","*","  29.8","*","99.99"," ","999.9","110000"
"37409099999","2024-03-17","42.0333333","43.4833333","1245.0","MTA SABUETI, GG","  31.6"," 8","  29.5"," 8","9999.9"," 0","879.7"," 8","  7.8"," 8","  7.8"," 8"," 11.7","999.9","  36.5"," ","  27.5"," "," 0.00","I","999.9","100000"
"37409099999","2024-03-18","42.0333333","43.4833333","1245.0","MTA SABUETI, GG","  31.1"," 8","  31.0"," 8","9999.9"," 0","881.1"," 8","  1.6"," 8"," 13.6"," 8"," 19.4","999.9","  34.7"," ","  28.6"," "," 0.00","I","999.9","100000"
"37409099999","2024-03-19","42.0333333","43.4833333","1245.0","MTA SABUETI, GG","  30.4"," 8","  30.4"," 8","9999.9"," 0","880.0"," 8","  0.0"," 8"," 18.5"," 8"," 23.3","999.9","  32.9"," ","  28.8"," ","99.99"," ","999.9","110000"
"37409099999","2024-03-20","42.0333333","43.4833333","1245.0","MTA SABUETI, GG","  28.6"," 4","  28.6"," 4","9999.9"," 0","875.1"," 4","  0.0"," 4"," 12.6"," 4"," 15.5","999.9","  30.2","*","  25.9","*"," 0.00","I","999.9","100000"
"37409099999","2024-03-21","42.0333333","43.4833333","1245.0","MTA SABUETI, GG","  34.5"," 8","  32.0"," 8","9999.9"," 0","875.9"," 8","  7.8"," 8","  8.3"," 8"," 11.7","999.9","  43.2"," ","  25.0"," ","99.99"," ","999.9","110000"
"37409099999","2024-03-22","42.0333333","43.4833333","1245.0","MTA SABUETI, GG","  35.3"," 6","  35.3"," 6","9999.9"," 0","876.0"," 6","  0.1"," 6"," 11.7"," 6"," 19.4","999.9","  38.1"," ","  30.6","*","99.99"," ","999.9","111000"
"37409099999","2024-03-23","42.0333333","43.4833333","1245.0","MTA SABUETI, GG","  32.2"," 6","  32.2"," 6","9999.9"," 0","874.3"," 6","  0.1"," 6","  8.4"," 6"," 11.7","999.9","  37.0"," ","  27.7"," ","99.99"," ","999.9","111000"
"37409099999","2024-03-24","42.0333333","43.4833333","1245.0","MTA SABUETI, GG","  37.7"," 7","  34.0"," 7","9999.9"," 0","874.6"," 7","  5.4"," 7","  3.9"," 7","  3.9","999.9","  44.2"," ","  27.0"," ","99.99"," ","999.9","101000"
"37409099999","2024-03-25","42.0333333","43.4833333","1245.0","MTA SABUETI, GG","  37.2"," 8","  35.0"," 7","9999.9"," 0","872.2"," 8","  1.7"," 8","  3.9"," 8","  3.9","999.9","  43.5"," ","  33.8"," "," 0.00","I","999.9","100000"
"37409099999","2024-03-26","42.0333333","43.4833333","1245.0","MTA SABUETI, GG","  33.2"," 5","  32.5"," 5","9999.9"," 0","870.7"," 5","  2.5"," 5"," 11.7"," 5"," 23.3","999.9","  37.0","*","  28.0","*","99.99"," ","999.9","011000"
"37409099999","2024-04-03","42.0333333","43.4833333","1245.0","MTA SABUETI, GG","  50.7"," 8","  42.7"," 8","9999.9"," 0","877.2"," 8"," 10.9"," 8"," 16.3"," 8"," 23.3","999.9","  69.1"," ","  39.6"," "," 0.00","I","999.9","100000"
"37409099999","2024-04-04","42.0333333","43.4833333","1245.0","MTA SABUETI, GG","  44.9"," 7","  39.3"," 7","9999.9"," 0","879.5"," 7","  8.9"," 7"," 12.8"," 7"," 19.4","999.9","  50.7"," ","  37.8"," "," 0.00","I","999.9","100000"
"37409099999","2024-04-05","42.0333333","43.4833333","1245.0","MTA SABUETI, GG","  40.6"," 8","  38.0"," 8","9999.9"," 0","880.9"," 8","  7.1"," 7"," 17.2"," 8"," 23.3","999.9","  50.9"," ","  36.7","*","99.99"," ","999.9","110000"
"37409099999","2024-04-06","42.0333333","43.4833333","1245.0","MTA SABUETI, GG","  40.8"," 7","  37.7"," 7","9999.9"," 0","882.7"," 7","  5.3"," 7"," 11.1"," 7"," 15.5","999.9","  48.6"," ","  35.6","*"," 0.00","I","999.9","100000"
"37409099999","2024-04-07","42.0333333","43.4833333","1245.0","MTA SABUETI, GG","  41.5"," 8","  38.3"," 8","9999.9"," 0","882.7"," 8","  4.7"," 8"," 14.6"," 8"," 19.4","999.9","  49.6"," ","  36.3"," "," 0.00","I","999.9","100000"
"37409099999","2024-04-08","42.0333333","43.4833333","1245.0","MTA SABUETI, GG","  41.8"," 8","  40.5"," 8","9999.9"," 0","880.9"," 8","  3.2"," 8"," 23.3"," 8"," 23.3","999.9","  48.9"," ","  37.4"," "," 0.00","I","999.9","100000"
"37409099999","2024-04-09","42.0333333","43.4833333","1245.0","MTA SABUETI, GG","  47.8"," 8","  41.4"," 8","9999.9"," 0","880.6"," 8","  4.7"," 8"," 18.9"," 8"," 23.3","999.9","  59.4"," ","  37.4"," "," 0.00","I","999.9","100000"
"37409099999","2024-04-10","42.0333333","43.4833333","1245.0","MTA SABUETI, GG","  47.4"," 8","  42.6"," 8","9999.9"," 0","876.7"," 8","  6.2"," 8"," 14.1"," 8"," 19.4","999.9","  55.0"," ","  41.0"," "," 0.00","I","999.9","100000"
"37409099999","2024-04-11","42.0333333","43.4833333","1245.0","MTA SABUETI, GG","  43.9"," 7","  43.9"," 7","9999.9"," 0","877.1"," 7","  0.0"," 6","  7.2"," 7"," 11.7","999.9","  48.6"," ","  40.6"," ","99.99"," ","999.9","110000"
"37409099999","2024-04-12","42.0333333","43.4833333","1245.0","MTA SABUETI, GG","  50.0"," 8","  45.0"," 8","9999.9"," 0","881.0"," 8","  4.7"," 8"," 10.2"," 8"," 15.5","999.9","  64.2"," ","  40.6"," "," 0.00","I","999.9","100000"
"37409099999","2024-04-13","42.0333333","43.4833333","1245.0","MTA SABUETI, GG","  43.8"," 8","  43.6"," 8","9999.9"," 0","882.1"," 8","  0.8"," 8"," 10.2"," 8"," 13.6","999.9","  47.7"," ","  40.5"," ","99.99"," ","999.9","110000"
"37409099999","2024-04-14","42.0333333","43.4833333","1245.0","MTA SABUETI, GG","  43.4"," 6","  43.4"," 6","9999.9"," 0","879.0"," 6","  0.0"," 6"," 10.0"," 6"," 11.7","999.9","  46.2"," ","  40.1"," ","99.99"," ","999.9","110000"
"37409099999","2024-04-15","42.0333333","43.4833333","1245.0","MTA SABUETI, GG","  46.8"," 7","  39.7"," 7","9999.9"," 0","877.8"," 7","  8.9"," 7"," 10.0"," 7"," 11.7","999.9","  56.3"," ","  38.8"," ","99.99"," ","999.9","110000"
"37409099999","2024-04-16","42.0333333","43.4833333","1245.0","MTA SABUETI, GG","  53.3"," 8","  40.7"," 8","9999.9"," 0","880.8"," 8"," 12.4"," 7"," 12.4"," 8"," 15.5","999.9","  67.3","*","  39.6"," "," 0.00","I","999.9","000000"
"37409099999","2024-04-17","42.0333333","43.4833333","1245.0","MTA SABUETI, GG","  57.8"," 8","  47.6"," 8","9999.9"," 0","881.7"," 8"," 10.9"," 8"," 13.6"," 8"," 15.5","999.9","  72.3"," ","  43.3"," "," 0.00","I","999.9","100000"
"37409099999","2024-04-18","42.0333333","43.4833333","1245.0","MTA SABUETI, GG","  59.1"," 8","  50.8"," 8","9999.9"," 0","878.8"," 8","  6.2"," 8"," 13.1"," 8"," 19.4","999.9","  68.4"," ","  46.2"," "," 0.00","I","999.9","000000"
"37409099999","2024-04-19","42.0333333","43.4833333","1245.0","MTA SABUETI, GG","  57.6"," 8","  50.6"," 8","9999.9"," 0","876.8"," 8","  4.2"," 6","  9.2"," 8"," 11.7","999.9","  69.4"," ","  50.7","*"," 0.00","I","999.9","100000"
"37409099999","2024-04-20","42.0333333","43.4833333","1245.0","MTA SABUETI, GG","  58.7"," 8","  54.9"," 8","9999.9"," 0","875.9"," 8","  6.2"," 8"," 10.7"," 8"," 15.5","999.9","  72.0"," ","  48.2"," "," 0.00","I","999.9","100000"
"37409099999","2024-04-21","42.0333333","43.4833333","1245.0","MTA SABUETI, GG","  56.3"," 8","  50.9"," 8","9999.9"," 0","874.1"," 8","  7.0"," 8"," 11.7"," 8"," 15.5","999.9","  70.0"," ","  45.3","*"," 0.00","I","999.9","100000"
"37409099999","2024-04-22","42.0333333","43.4833333","1245.0","MTA SABUETI, GG","  55.7"," 8","  43.6"," 8","9999.9"," 0","878.1"," 8","  9.3"," 8","  7.8"," 8"," 11.7","999.9","  70.9"," ","  42.1"," "," 0.00","I","999.9","100000"
"37409099999","2024-04-23","42.0333333","43.4833333","1245.0","MTA SABUETI, GG","  55.1"," 8","  42.4"," 8","9999.9"," 0","881.7"," 8","  9.3"," 8","  9.7"," 8"," 15.5","999.9","  69.4"," ","  42.1"," "," 0.00","I","999.9","100000"
"37409099999","2024-04-24","42.0333333","43.4833333","1245.0","MTA SABUETI, GG","  50.5"," 8","  40.4"," 8","9999.9"," 0","880.5"," 8"," 12.4"," 8"," 12.1"," 8"," 15.5","999.9","  56.8"," ","  45.0"," "," 0.00","I","999.9","000000"
"37409099999","2024-04-25","42.0333333","43.4833333","1245.0","MTA SABUETI, GG","  56.1"," 8","  44.2"," 8","9999.9"," 0","878.0"," 8"," 12.4"," 8"," 16.0"," 8"," 23.3","999.9","  68.9"," ","  43.9"," "," 0.00","I","999.9","000000"
"37409099999","2024-04-26","42.0333333","43.4833333","1245.0","MTA SABUETI, GG","  59.9"," 8","  47.9"," 8","9999.9"," 0","878.2"," 8"," 12.4"," 8"," 19.2"," 8"," 23.3","999.9","  71.1"," ","  50.7"," "," 0.00","I","999.9","000000"
"37409099999","2024-04-27","42.0333333","43.4833333","1245.0","MTA SABUETI, GG","  59.4"," 8","  48.2"," 8","9999.9"," 0","880.6"," 8"," 12.4"," 8"," 16.8"," 8"," 17.5","999.9","  70.7"," ","  48.2"," "," 0.00","I","999.9","000000"
"37409099999","2024-04-28","42.0333333","43.4833333","1245.0","MTA SABUETI, GG","  63.7"," 8","  50.0"," 8","9999.9"," 0","882.4"," 8"," 12.4"," 8"," 20.4"," 8"," 21.4","999.9","  73.6"," ","  53.1"," "," 0.00","I","999.9","000000"
"37409099999","2024-04-29","42.0333333","43.4833333","1245.0","MTA SABUETI, GG","  68.1"," 8","  50.8"," 8","9999.9"," 0","883.8"," 8","  8.9"," 7","  9.2"," 8"," 19.4","999.9","  82.8"," ","  52.2","*"," 0.00","I","999.9","100000"
"37409099999","2024-04-30","42.0333333","43.4833333","1245.0","MTA SABUETI, GG","  57.2"," 8","  56.4"," 8","9999.9"," 0","882.9"," 8","  1.6"," 8"," 12.1"," 8"," 19.4","999.9","  68.4"," ","  48.2"," "," 0.00","I","999.9","100000"
"37409099999","2024-05-02","42.0333333","43.4833333","1245.0","MTA SABUETI, GG","  54.6"," 7","  54.6"," 7","9999.9"," 0","875.9"," 7","  0.1"," 7","  5.5"," 7"," 11.7","999.9","  66.2"," ","  50.0"," ","99.99"," ","999.9","110000"
"37409099999","2024-05-03","42.0333333","43.4833333","1245.0","MTA SABUETI, GG","  49.1"," 6","  49.1"," 6","9999.9"," 0","868.7"," 6","  0.0"," 6","  8.4"," 6"," 11.7","999.9","  52.9"," ","  45.7","*","99.99"," ","999.9","010000"
"37409099999","2024-05-04","42.0333333","43.4833333","1245.0","MTA SABUETI, GG","  48.0"," 6","  48.0"," 6","9999.9"," 0","867.5"," 6","  0.0"," 6","  6.5"," 6","  7.8","999.9","  51.8"," ","  44.2"," ","99.99"," ","999.9","110000"
"37409099999","2024-05-05","42.0333333","43.4833333","1245.0","MTA SABUETI, GG","  45.9"," 6","  45.8"," 6","9999.9"," 0","870.8"," 6","  0.0"," 4","  8.1"," 6"," 11.7","999.9","  50.7"," ","  41.5","*","99.99"," ","999.9","110000"
"37409099999","2024-05-06","42.0333333","43.4833333","1245.0","MTA SABUETI, GG","  46.6"," 7","  46.6"," 7","9999.9"," 0","874.2"," 6","  0.0"," 6","  8.0"," 7","  9.7","999.9","  51.4"," ","  41.9","*","99.99"," ","999.9","110000"
"37409099999","2024-05-07","42.0333333","43.4833333","1245.0","MTA SABUETI, GG","  44.5"," 6","  44.5"," 6","9999.9"," 0","875.1"," 6","  0.0"," 6"," 10.4"," 6"," 11.7","999.9","  47.5","*","  39.9","*","99.99"," ","999.9","110000"
"37409099999","2024-05-08","42.0333333","43.4833333","1245.0","MTA SABUETI, GG","  44.2"," 5","  43.8"," 5","9999.9"," 0","876.0"," 5","  2.5"," 5"," 15.5"," 5"," 19.4","999.9","  49.5"," ","  38.7"," "," 0.00","I","999.9","100000"
"37409099999","2024-05-09","42.0333333","43.4833333","1245.0","MTA SABUETI, GG","  49.9"," 8","  42.1"," 8","9999.9"," 0","879.2"," 8","  9.3"," 8"," 12.1"," 8"," 15.5","999.9","  62.6"," ","  38.5"," "," 0.00","I","999.9","100000"
"37409099999","2024-05-10","42.0333333","43.4833333","1245.0","MTA SABUETI, GG","  53.5"," 8","  49.1"," 8","9999.9"," 0","878.7"," 8"," 12.4"," 8"," 11.9"," 8"," 13.6","999.9","  63.0","*","  45.7"," "," 0.00","I","999.9","000000"
"37409099999","2024-05-11","42.0333333","43.4833333","1245.0","MTA SABUETI, GG","  51.7"," 8","  50.0"," 8","9999.9"," 0","877.8"," 8","  5.5"," 8"," 14.6"," 8"," 15.5","999.9","  59.2"," ","  45.0"," ","99.99"," ","999.9","110000"
"37409099999","2024-05-12","42.0333333","43.4833333","1245.0","MTA SABUETI, GG","  51.1"," 6","  51.1"," 6","9999.9"," 0","874.2"," 6","  0.0"," 6"," 13.3"," 6"," 15.5","999.9","  59.4"," ","  46.8"," ","99.99"," ","999.9","110000"
"37409099999","2024-05-13","42.0333333","43.4833333","1245.0","MTA SABUETI, GG","  48.8"," 6","  48.8"," 6","9999.9"," 0","874.7"," 6","  0.2"," 6","  8.4"," 6"," 11.7","999.9","  57.9"," ","  44.2","*","99.99"," ","999.9","110000"
"37409099999","2024-05-14","42.0333333","43.4833333","1245.0","MTA SABUETI, GG","  41.3"," 8","  41.3"," 8","9999.9"," 0","874.8"," 8","  0.0"," 6"," 11.7"," 8"," 15.5","999.9","  46.4"," ","  37.6","*","99.99"," ","999.9","010000"
"37409099999","2024-05-15","42.0333333","43.4833333","1245.0","MTA SABUETI, GG","  49.7"," 7","  46.1"," 7","9999.9"," 0","876.8"," 7","  6.2"," 6","  6.4"," 7","  7.8","999.9","  58.3","*","  38.8","*","99.99"," ","999.9","110000"
"37409099999","2024-05-16","42.0333333","43.4833333","1245.0","MTA SABUETI, GG","  44.8"," 7","  44.8"," 7","9999.9"," 0","878.4"," 7","  0.0"," 7","  8.9"," 7"," 15.5","999.9","  52.9"," ","  38.5","*","99.99"," ","999.9","110000"
"37409099999","2024-05-17","42.0333333","43.4833333","1245.0","MTA SABUETI, GG","  43.1"," 7","  41.0"," 7","9999.9"," 0","878.5"," 7","  4.4"," 7"," 11.7"," 7"," 11.7","999.9","  50.0"," ","  36.7"," "," 0.00","I","999.9","100000"
"37409099999","2024-05-18","42.0333333","43.4833333","1245.0","MTA SABUETI, GG","  45.8"," 8","  38.1"," 8","9999.9"," 0","879.1"," 8"," 10.9"," 8"," 12.1"," 8"," 15.5","999.9","  54.9"," ","  37.8"," "," 0.00","I","999.9","000000"
"37409099999","2024-05-19","42.0333333","43.4833333","1245.0","MTA SABUETI, GG","  46.1"," 8","  43.7"," 8","9999.9"," 0","878.8"," 8","  7.8"," 8"," 13.8"," 8"," 15.5","999.9","  56.7"," ","  36.9"," "," 0.00","I","999.9","100000"
"37409099999","2024-05-20","42.0333333","43.4833333","1245.0","MTA SABUETI, GG","  51.6"," 8","  47.5"," 8","9999.9"," 0","879.6"," 8","  4.7"," 8"," 13.1"," 8"," 15.5","999.9","  63.9"," ","  40.5"," "," 0.00","I","999.9","100000"
"37409099999","2024-05-21","42.0333333","43.4833333","1245.0","MTA SABUETI, GG","  56.5"," 8","  48.9"," 8","9999.9"," 0","882.6"," 8","  9.3"," 8"," 15.1"," 8"," 19.4","999.9","  65.8"," ","  43.0"," "," 0.00","I","999.9","100000"
"37409099999","2024-05-22","42.0333333","43.4833333","1245.0","MTA SABUETI, GG","  58.2"," 7","  48.6"," 7","9999.9"," 0","884.2"," 7"," 12.4"," 7"," 10.5"," 7"," 15.5","999.9","  65.7"," ","  51.6"," "," 0.00","I","999.9","000000"
"37409099999","2024-05-23","42.0333333","43.4833333","1245.0","MTA SABUETI, GG","  60.8"," 8","  52.6"," 8","9999.9"," 0","884.2"," 8"," 10.9"," 8"," 12.6"," 8"," 19.4","999.9","  69.6"," ","  52.2","*"," 0.00","I","999.9","100000"
"37409099999","2024-05-24","42.0333333","43.4833333","1245.0","MTA SABUETI, GG","  52.3"," 8","  52.3"," 8","9999.9"," 0","879.4"," 8","  0.0"," 8"," 19.4"," 8"," 23.3","999.9","  58.3"," ","  49.3"," ","99.99"," ","999.9","110000"
"37409099999","2024-05-25","42.0333333","43.4833333","1245.0","MTA SABUETI, GG","  48.5"," 6","  48.5"," 6","9999.9"," 0","878.1"," 6","  0.1"," 6"," 23.3"," 6"," 27.2","999.9","  55.0"," ","  43.7","*","99.99"," ","999.9","110000"
"37409099999","2024-05-26","42.0333333","43.4833333","1245.0","MTA SABUETI, GG","  47.9"," 7","  47.9"," 7","9999.9"," 0","877.6"," 7","  0.1"," 6"," 20.0"," 7"," 27.2","999.9","  55.0"," ","  41.0"," ","99.99"," ","999.9","110000"
"37409099999","2024-05-27","42.0333333","43.4833333","1245.0","MTA SABUETI, GG","  57.8"," 8","  54.3"," 8","9999.9"," 0","878.4"," 8","  7.8"," 8","  6.8"," 8"," 11.7","999.9","  69.6"," ","  44.6"," "," 0.00","I","999.9","100000"
"37409099999","2024-05-28","42.0333333","43.4833333","1245.0","MTA SABUETI, GG","  55.7"," 8","  55.7"," 8","9999.9"," 0","879.7"," 8","  0.0"," 8"," 14.6"," 8"," 23.3","999.9","  60.4","*","  51.3"," "," 0.00","I","999.9","100000"
"37409099999","2024-05-29","42.0333333","43.4833333","1245.0","MTA SABUETI, GG","  59.3"," 8","  55.8"," 8","9999.9"," 0","878.6"," 8","  5.3"," 7"," 11.2"," 8"," 23.3","999.9","  65.7"," ","  53.1"," "," 0.00","I","999.9","100000"
"37409099999","2024-05-30","42.0333333","43.4833333","1245.0","MTA SABUETI, GG","  55.9"," 8","  53.7"," 8","9999.9"," 0","876.9"," 8","  5.3"," 7"," 10.9"," 8"," 13.6","999.9","  62.4"," ","  52.7","*"," 0.00","I","999.9","100000"
"37409099999","2024-05-31","42.0333333","43.4833333","1245.0","MTA SABUETI, GG","  57.9"," 8","  56.3"," 8","9999.9"," 0","877.3"," 8","  3.1"," 8"," 12.1"," 8"," 15.5","999.9","  70.5"," ","  50.7"," ","99.99"," ","999.9","110000"
"37409099999","2024-06-01","42.0333333","43.4833333","1245.0","MTA SABUETI, GG","  53.2"," 7","  53.2"," 7","9999.9"," 0","881.5"," 7","  0.0"," 7"," 13.9"," 7"," 15.5","999.9","  58.3"," ","  49.5"," ","99.99"," ","999.9","110000"
"37409099999","2024-06-02","42.0333333","43.4833333","1245.0","MTA SABUETI, GG","  59.8"," 8","  54.1"," 8","9999.9"," 0","882.7"," 8","  9.3"," 8"," 10.4"," 8"," 11.7","999.9","  68.4"," ","  49.5"," "," 0.00","I","999.9","100000"
"37409099999","2024-06-03","42.0333333","43.4833333","1245.0","MTA SABUETI, GG","  64.8"," 8","  59.0"," 8","9999.9"," 0","881.1"," 8"," 12.4"," 8"," 10.7"," 8"," 11.7","999.9","  73.4"," ","  54.7"," "," 0.00","I","999.9","000000"
"37409099999","2024-06-04","42.0333333","43.4833333","1245.0","MTA SABUETI, GG","  65.8"," 8","  59.4"," 8","9999.9"," 0","879.9"," 8","  9.3"," 8"," 12.1"," 8"," 15.5","999.9","  77.4"," ","  55.0"," "," 0.00","I","999.9","000000"
"37409099999","2024-06-05","42.0333333","43.4833333","1245.0","MTA SABUETI, GG","  67.8"," 8","  59.4"," 8","9999.9"," 0","879.3"," 8","  6.2"," 8"," 13.6"," 8"," 15.5","999.9","  78.4"," ","  57.9"," "," 0.00","I","999.9","000000"
"37409099999","2024-06-06","42.0333333","43.4833333","1245.0","MTA SABUETI, GG","  67.4"," 8","  57.2"," 8","9999.9"," 0","880.1"," 8","  7.8"," 8","  7.8"," 8"," 15.5","999.9","  79.2"," ","  57.2"," "," 0.00","I","999.9","000000"
"37409099999","2024-06-07","42.0333333","43.4833333","1245.0","MTA SABUETI, GG","  63.6"," 8","  58.6"," 8","9999.9"," 0","880.0"," 8","  7.8"," 8","  9.7"," 8"," 11.7","999.9","  73.4"," ","  55.4"," "," 0.00","I","999.9","100000"
"37409099999","2024-06-08","42.0333333","43.4833333","1245.0","MTA SABUETI, GG","  61.0"," 8","  59.1"," 8","9999.9"," 0","877.6"," 8","  7.8"," 8","  9.7"," 8"," 11.7","999.9","  66.9"," ","  55.8"," "," 0.00","I","999.9","100000"
"37409099999","2024-06-09","42.0333333","43.4833333","1245.0","MTA SABUETI, GG","  60.1"," 7","  57.2"," 7","9999.9"," 0","873.5"," 7","  4.5"," 7"," 11.7"," 7"," 11.7","999.9","  68.4"," ","  55.4"," ","99.99"," ","999.9","110000"
"37409099999","2024-06-10","42.0333333","43.4833333","1245.0","MTA SABUETI, GG","  58.5"," 7","  57.0"," 7","9999.9"," 0","876.2"," 7","  4.5"," 7","  5.0"," 7","  7.8","999.9","  62.6"," ","  53.2"," "," 0.00","I","999.9","100000"
"37409099999","2024-06-11","42.0333333","43.4833333","1245.0","MTA SABUETI, GG","  61.6"," 8","  58.6"," 8","9999.9"," 0","876.3"," 8","  7.8"," 8","  7.3"," 8","  9.7","999.9","  70.9"," ","  54.0"," ","99.99"," ","999.9","110000"
"37409099999","2024-06-12","42.0333333","43.4833333","1245.0","MTA SABUETI, GG","  65.6"," 7","  57.3"," 7","9999.9"," 0","878.8"," 7"," 12.4"," 6"," 12.5"," 7"," 13.6","999.9","  72.9"," ","  56.1"," "," 0.00","I","999.9","100000"
"37409099999","2024-06-13","42.0333333","43.4833333","1245.0","MTA SABUETI, GG","  64.2"," 8","  53.4"," 8","9999.9"," 0","879.5"," 8"," 12.4"," 8"," 12.4"," 8"," 13.6","999.9","  72.1"," ","  58.6"," "," 0.00","I","999.9","000000"
"37409099999","2024-06-14","42.0333333","43.4833333","1245.0","MTA SABUETI, GG","  67.2"," 8","  55.6"," 8","9999.9"," 0","880.2"," 8"," 12.4"," 8","  8.3"," 8"," 11.7","999.9","  74.1","*","  58.3"," "," 0.00","I","999.9","000000"
"37409099999","2024-06-15","42.0333333","43.4833333","1245.0","MTA SABUETI, GG","  66.1"," 8","  59.3"," 8","9999.9"," 0","880.8"," 8","  9.3"," 8","  7.3"," 8"," 11.7","999.9","  74.5"," ","  57.7","*"," 0.00","I","999.9","100000"
"37409099999","2024-06-16","42.0333333","43.4833333","1245.0","MTA SABUETI, GG","  61.6"," 8","  61.0"," 8","9999.9"," 0","879.7"," 8","  1.6"," 8"," 11.2"," 8"," 15.5","999.9","  68.2"," ","  56.3"," "," 0.00","I","999.9","100000"
"37409099999","2024-06-17","42.0333333","43.4833333","1245.0","MTA SABUETI, GG","  62.2"," 8","  61.1"," 8","9999.9"," 0","880.0"," 8","  1.6"," 8"," 11.2"," 8"," 15.5","999.9","  73.8","*","  57.4","*"," 0.00","I","999.9","100000"
"37409099999","2024-06-18","42.0333333","43.4833333","1245.0","MTA SABUETI, GG","  62.9"," 8","  61.7"," 8","9999.9"," 0","880.8"," 8","  1.7"," 8","  4.9"," 8","  7.8","999.9","  75.2"," ","  55.4"," "," 0.00","I","999.9","100000"
"37409099999","2024-06-19","42.0333333","43.4833333","1245.0","MTA SABUETI, GG","  64.9"," 8","  62.6"," 8","9999.9"," 0","882.0"," 8","  6.2"," 8","  3.9"," 8","  3.9","999.9","  72.0"," ","  56.8"," "," 0.00","I","999.9","100000"
"37409099999","2024-06-20","42.0333333","43.4833333","1245.0","MTA SABUETI, GG","  64.5"," 7","  62.8"," 7","9999.9"," 0","880.1"," 7","  1.8"," 7","  7.8"," 7"," 15.5","999.9","  76.6"," ","  57.9"," ","99.99"," ","999.9","110000"
"37409099999","2024-06-21","42.0333333","43.4833333","1245.0","MTA SABUETI, GG","  60.4"," 8","  60.0"," 8","9999.9"," 0","877.0"," 8","  0.1"," 8","  7.8"," 8"," 11.7","999.9","  65.8"," ","  57.2"," ","99.99"," ","999.9","110000"
"37409099999","2024-06-22","42.0333333","43.4833333","1245.0","MTA SABUETI, GG","  59.5"," 6","  55.5"," 6","9999.9"," 0","875.5"," 6","  8.7"," 5","  7.8"," 6"," 11.7","999.9","  69.1"," ","  52.9","*"," 0.00","I","999.9","100000"
"37409099999","2024-06-23","42.0333333","43.4833333","1245.0","MTA SABUETI, GG","  62.1"," 8","  57.0"," 8","9999.9"," 0","876.3"," 8","  9.3"," 8","  9.7"," 8"," 11.7","999.9","  72.9"," ","  51.4","*"," 0.00","I","999.9","100000"
"37409099999","2024-06-24","42.0333333","43.4833333","1245.0","MTA SABUETI, GG","  65.6"," 8","  62.4"," 8","9999.9"," 0","877.3"," 8","  7.8"," 8"," 12.6"," 8"," 13.6","999.9","  78.4"," ","  55.4"," "," 0.00","I","999.9","100000"
"37409099999","2024-06-25","42.0333333","43.4833333","1245.0","MTA SABUETI, GG","  62.4"," 8","  62.2"," 8","9999.9"," 0","876.0"," 8","  0.8"," 8"," 11.4"," 8"," 11.7","999.9","  68.4"," ","  59.0"," "," 0.00","I","999.9","100000"
"37409099999","2024-06-26","42.0333333","43.4833333","1245.0","MTA SABUETI, GG","  57.8"," 5","  57.2"," 5","9999.9"," 0","874.9"," 5","  2.5"," 5","  9.7"," 5"," 15.5","999.9","  64.8","*","  50.0","*","99.99"," ","999.9","110000"
"37409099999","2024-06-27","42.0333333","43.4833333","1245.0","MTA SABUETI, GG","  55.1"," 7","  55.1"," 7","9999.9"," 0","875.9"," 7","  0.0"," 7"," 12.2"," 7"," 19.4","999.9","  63.3"," ","  49.1"," ","99.99"," ","999.9","110000"
"37409099999","2024-06-28","42.0333333","43.4833333","1245.0","MTA SABUETI, GG","  58.3"," 8","  53.9"," 8","9999.9"," 0","877.4"," 8","  4.7"," 8","  8.7"," 8"," 11.7","999.9","  68.2"," ","  49.3"," "," 0.00","I","999.9","100000"
"37409099999","2024-06-29","42.0333333","43.4833333","1245.0","MTA SABUETI, GG","  61.6"," 8","  57.7"," 8","9999.9"," 0","878.2"," 8","  4.7"," 8","  7.8"," 8"," 11.7","999.9","  69.3"," ","  51.8"," "," 0.00","I","999.9","100000"
"37409099999","2024-06-30","42.0333333","43.4833333","1245.0","MTA SABUETI, GG","  63.7"," 8","  57.9"," 8","9999.9"," 0","878.1"," 8","  7.8"," 8"," 11.2"," 8"," 19.4","999.9","  75.2"," ","  58.6","*"," 0.00","I","999.9","000000"
"37409099999","2024-07-01","42.0333333","43.4833333","1245.0","MTA SABUETI, GG","  61.3"," 8","  58.1"," 8","9999.9"," 0","877.4"," 8","  7.8"," 8"," 21.4"," 8"," 23.3","999.9","  68.4"," ","  55.4"," ","99.99"," ","999.9","110000"
"37409099999","2024-07-02","42.0333333","43.4833333","1245.0","MTA SABUETI, GG","  61.9"," 7","  55.6"," 7","9999.9"," 0","874.3"," 7"," 10.7"," 7"," 16.1"," 7"," 23.3","999.9","  68.9"," ","  55.8","*"," 0.00","I","999.9","100000"
"37409099999","2024-07-03","42.0333333","43.4833333","1245.0","MTA SABUETI, GG","  62.3"," 8","  56.5"," 8","9999.9"," 0","871.3"," 8","  9.3"," 8"," 13.6"," 8"," 13.6","999.9","  69.8"," ","  53.1"," "," 0.00","I","999.9","100000"
"37409099999","2024-07-04","42.0333333","43.4833333","1245.0","MTA SABUETI, GG","  68.4"," 8","  59.5"," 8","9999.9"," 0","873.4"," 8","  9.3"," 8"," 12.1"," 8"," 13.6","999.9","  78.6"," ","  56.7"," "," 0.00","I","999.9","100000"
"37409099999","2024-07-05","42.0333333","43.4833333","1245.0","MTA SABUETI, GG","  71.6"," 8","  64.5"," 8","9999.9"," 0","875.8"," 8","  9.3"," 8","  8.7"," 8"," 11.7","999.9","  86.0"," ","  59.0","*"," 0.00","I","999.9","100000"
"37409099999","2024-07-06","42.0333333","43.4833333","1245.0","MTA SABUETI, GG","  67.2"," 8","  65.6"," 8","9999.9"," 0","875.0"," 8","  3.1"," 8","  6.3"," 8","  7.8","999.9","  75.2"," ","  62.6"," ","99.99"," ","999.9","110000"
"37409099999","2024-07-07","42.0333333","43.4833333","1245.0","MTA SABUETI, GG","  66.2"," 7","  62.2"," 7","9999.9"," 0","875.1"," 7","  8.3"," 6"," 10.5"," 7"," 11.7","999.9","  75.2"," ","  58.3"," ","99.99"," ","999.9","110000"
"37409099999","2024-07-08","42.0333333","43.4833333","1245.0","MTA SABUETI, GG","  65.6"," 8","  61.6"," 8","9999.9"," 0","875.3"," 8"," 12.4"," 8","  8.7"," 8"," 11.7","999.9","  71.1"," ","  60.8"," "," 0.00","I","999.9","000000"
"37409099999","2024-07-09","42.0333333","43.4833333","1245.0","MTA SABUETI, GG","  66.2"," 8","  59.8"," 8","9999.9"," 0","874.6"," 8"," 12.4"," 7","  8.5"," 8"," 11.7","999.9","  70.0"," ","  60.3"," "," 0.00","I","999.9","000000"
"37409099999","2024-07-10","42.0333333","43.4833333","1245.0","MTA SABUETI, GG","  66.7"," 8","  62.3"," 8","9999.9"," 0","875.4"," 8","  7.8"," 8"," 13.6"," 8"," 15.5","999.9","  73.4"," ","  62.2","*","99.99"," ","999.9","110000"
"37409099999","2024-07-11","42.0333333","43.4833333","1245.0","MTA SABUETI, GG","  71.0"," 7","  66.0"," 7","9999.9"," 0","877.0"," 7","  8.0"," 7"," 11.1"," 7"," 15.5","999.9","  82.0"," ","  61.0"," "," 0.00","I","999.9","100000"
"37409099999","2024-07-12","42.0333333","43.4833333","1245.0","MTA SABUETI, GG","  65.2"," 7","  64.3"," 7","9999.9"," 0","876.6"," 7","  1.8"," 7","  4.7"," 7","  7.8","999.9","  75.6"," ","  60.4"," ","99.99"," ","999.9","110000"
"37409099999","2024-07-13","42.0333333","43.4833333","1245.0","MTA SABUETI, GG","  62.9"," 4","  61.6"," 4","9999.9"," 0","874.4"," 4","  4.7"," 4","  9.2"," 4","  9.7","999.9","  72.3"," ","  59.0"," "," 0.00","I","999.9","100000"
"37409099999","2024-07-14","42.0333333","43.4833333","1245.0","MTA SABUETI, GG","  69.0"," 8","  63.7"," 8","9999.9"," 0","873.3"," 8","  9.3"," 8","  8.3"," 8"," 11.7","999.9","  77.0"," ","  60.4"," "," 0.00","I","999.9","100000"
"37409099999","2024-07-15","42.0333333","43.4833333","1245.0","MTA SABUETI, GG","  71.0"," 8","  62.6"," 8","9999.9"," 0","874.6"," 8"," 12.4"," 7"," 15.1"," 8"," 21.4","999.9","  79.9"," ","  63.0","*"," 0.00","I","999.9","000000"
"37409099999","2024-07-16","42.0333333","43.4833333","1245.0","MTA SABUETI, GG","  68.2"," 8","  60.1"," 8","9999.9"," 0","875.6"," 8"," 12.4"," 8"," 16.0"," 8"," 19.4","999.9","  76.3"," ","  60.8"," "," 0.00","I","999.9","000000"
"37409099999","2024-07-17","42.0333333","43.4833333","1245.0","MTA SABUETI, GG","  72.5"," 8","  64.1"," 8","9999.9"," 0","875.2"," 8"," 12.4"," 8"," 17.0"," 8"," 19.4","999.9","  84.6"," ","  61.5"," "," 0.00","I","999.9","000000"
"37409099999","2024-07-18","42.0333333","43.4833333","1245.0","MTA SABUETI, GG","  67.5"," 8","  64.8"," 8","9999.9"," 0","877.2"," 8","  9.3"," 8"," 17.5"," 8"," 19.4","999.9","  74.7"," ","  61.5"," "," 0.00","I","999.9","100000"
"37409099999","2024-07-19","42.0333333","43.4833333","1245.0","MTA SABUETI, GG","  62.9"," 8","  62.8"," 8","9999.9"," 0","878.0"," 8","  2.4"," 8"," 13.1"," 8"," 15.5","999.9","  67.1"," ","  60.3"," "," 0.00","I","999.9","100000"
"37409099999","2024-07-20","42.0333333","43.4833333","1245.0","MTA SABUETI, GG","  61.8"," 5","  60.6"," 5","9999.9"," 0","875.4"," 5","  2.5"," 5"," 11.7"," 5"," 19.4","999.9","  73.0"," ","  56.7"," ","99.99"," ","999.9","110000"
"37409099999","2024-07-21","42.0333333","43.4833333","1245.0","MTA SABUETI, GG","  62.9"," 6","  60.2"," 6","9999.9"," 0","875.5"," 6","  2.2"," 6","  7.8"," 6"," 11.7","999.9","  70.2"," ","  56.8"," ","99.99"," ","999.9","110000"
"37409099999","2024-07-22","42.0333333","43.4833333","1245.0","MTA SABUETI, GG","  64.9"," 8","  58.3"," 8","9999.9"," 0","876.2"," 8","  7.8"," 8","  8.7"," 8"," 11.7","999.9","  74.1"," ","  59.0"," "," 0.00","I","999.9","100000"
"37409099999","2024-07-23","42.0333333","43.4833333","1245.0","MTA SABUETI, GG","  66.3"," 8","  59.9"," 8","9999.9"," 0","876.0"," 8","  6.3"," 8","  8.3"," 8"," 15.5","999.9","  77.4"," ","  59.4"," "," 0.00","I","999.9","100000"
"37409099999","2024-07-24","42.0333333","43.4833333","1245.0","MTA SABUETI, GG","  63.2"," 7","  60.8"," 7","9999.9"," 0","874.7"," 7","  5.4"," 7","  8.9"," 7"," 11.7","999.9","  73.0"," ","  59.0"," ","99.99"," ","999.9","110000"
"37409099999","2024-07-25","42.0333333","43.4833333","1245.0","MTA SABUETI, GG","  64.7"," 6","  59.5"," 6","9999.9"," 0","873.3"," 6","  6.2"," 6","  3.9"," 6","  3.9","999.9","  73.4"," ","  56.8"," ","99.99"," ","999.9","010000"
"37409099999","2024-07-26","42.0333333","43.4833333","1245.0","MTA SABUETI, GG","  63.5"," 7","  62.1"," 7","9999.9"," 0","871.0"," 7","  2.1"," 6"," 11.9"," 7"," 21.4","999.9","  70.9"," ","  58.5","*","99.99"," ","999.9","110000"
"37409099999","2024-07-27","42.0333333","43.4833333","1245.0","MTA SABUETI, GG","  62.0"," 6","  61.9"," 6","9999.9"," 0","872.9"," 6","  1.1"," 6","  5.8"," 6","  7.8","999.9","  67.6"," ","  58.3","*","99.99"," ","999.9","110000"
"37409099999","2024-07-28","42.0333333","43.4833333","1245.0","MTA SABUETI, GG","  60.8"," 6","  60.8"," 6","9999.9"," 0","877.3"," 6","  0.0"," 5","  7.4"," 6","  7.8","999.9","  65.5"," ","  56.8"," ","99.99"," ","999.9","110000"
"37409099999","2024-07-29","42.0333333","43.4833333","1245.0","MTA SABUETI, GG","  65.7"," 7","  60.4"," 7","9999.9"," 0","878.4"," 7"," 10.7"," 7","  7.8"," 7","  9.7","999.9","  75.2"," ","  55.8"," "," 0.00","I","999.9","100000"
"37409099999","2024-07-30","42.0333333","43.4833333","1245.0","MTA SABUETI, GG","  65.4"," 7","  62.6"," 7","9999.9"," 0","873.8"," 7","  2.1"," 6"," 11.4"," 7"," 15.5","999.9","  75.4","*","  59.4"," "," 0.00","I","999.9","100000"
"37409099999","2024-07-31","42.0333333","43.4833333","1245.0","MTA SABUETI, GG","  60.7"," 6","  60.4"," 6","9999.9"," 0","874.9"," 6","  1.1"," 6"," 10.0"," 6"," 13.6","999.9","  65.7","*","  57.9","*","99.99"," ","999.9","110000"
"37409099999","2024-08-01","42.0333333","43.4833333","1245.0","MTA SABUETI, GG","  63.6"," 8","  58.4"," 8","9999.9"," 0","878.8"," 8","  5.3"," 7"," 11.9"," 8"," 13.6","999.9","  78.6"," ","  56.3"," "," 0.00","I","999.9","100000"
"37409099999","2024-08-02","42.0333333","43.4833333","1245.0","MTA SABUETI, GG","  61.6"," 7","  61.6"," 7","9999.9"," 0","880.9"," 7","  0.0"," 7","  8.3"," 7"," 11.7","999.9","  78.6"," ","  55.9"," "," 0.00","I","999.9","100000"
"37409099999","2024-08-03","42.0333333","43.4833333","1245.0","MTA SABUETI, GG","  66.4"," 7","  63.4"," 7","9999.9"," 0","882.2"," 6","  8.3"," 6","  9.4"," 7"," 15.5","999.9","  74.7"," ","  58.5"," "," 0.00","I","999.9","100000"
"37409099999","2024-08-04","42.0333333","43.4833333","1245.0","MTA SABUETI, GG","  69.6"," 8","  64.8"," 8","9999.9"," 0","882.2"," 7","  7.1"," 7","  7.5"," 8"," 13.6","999.9","  82.4"," ","  61.5"," "," 0.00","I","999.9","100000"
"37409099999","2024-08-05","42.0333333","43.4833333","1245.0","MTA SABUETI, GG","  66.0"," 8","  63.1"," 8","9999.9"," 0","877.0"," 8","  4.7"," 8","  5.8"," 8","  7.8","999.9","  75.9"," ","  60.8"," "," 0.00","I","999.9","100000"
"37409099999","2024-08-06","42.0333333","43.4833333","1245.0","MTA SABUETI, GG","  65.6"," 8","  61.9"," 8","9999.9"," 0","875.0"," 8","  4.7"," 8","  7.8"," 8"," 11.7","999.9","  74.5"," ","  59.4"," "," 0.00","I","999.9","100000"
"37409099999","2024-08-07","42.0333333","43.4833333","1245.0","MTA SABUETI, GG","  65.9"," 8","  60.6"," 8","9999.9"," 0","875.4"," 8","  7.8"," 8","  7.8"," 8"," 11.7","999.9","  75.9"," ","  57.6"," "," 0.00","I","999.9","100000"
"37409099999","2024-08-08","42.0333333","43.4833333","1245.0","MTA SABUETI, GG","  65.1"," 6","  63.4"," 6","9999.9"," 0","877.1"," 6","  6.2"," 6","  5.2"," 6"," 11.7","999.9","  70.2"," ","  60.1"," "," 0.00","I","999.9","100000"
"37409099999","2024-08-09","42.0333333","43.4833333","1245.0","MTA SABUETI, GG","  69.5"," 8","  65.8"," 8","9999.9"," 0","877.6"," 8","  4.7"," 8","  7.3"," 8"," 11.7","999.9","  79.5"," ","  61.9"," "," 0.00","I","999.9","100000"
"37409099999","2024-08-10","42.0333333","43.4833333","1245.0","MTA SABUETI, GG","  63.7"," 7","  63.7"," 7","9999.9"," 0","877.7"," 7","  0.0"," 7"," 10.3"," 7"," 13.6","999.9","  68.4"," ","  59.9","*"," 0.00","I","999.9","100000"
"37409099999","2024-08-11","42.0333333","43.4833333","1245.0","MTA SABUETI, GG","  63.7"," 7","  61.6"," 7","9999.9"," 0","880.3"," 7","  4.5"," 7"," 11.7"," 7"," 13.6","999.9","  68.9"," ","  58.5"," "," 0.00","I","999.9","100000"
"37409099999","2024-08-13","42.0333333","43.4833333","1245.0","MTA SABUETI, GG","  64.5"," 7","  59.6"," 7","9999.9"," 0","880.5"," 7","  7.1"," 7"," 10.8"," 7"," 11.7","999.9","  71.8"," ","  57.6","*","99.99"," ","999.9","110000"
"37409099999","2024-08-14","42.0333333","43.4833333","1245.0","MTA SABUETI, GG","  65.5"," 8","  62.5"," 8","9999.9"," 0","882.1"," 8","  7.8"," 8","  9.7"," 8"," 15.5","999.9","  74.7"," ","  57.2"," "," 0.00","I","999.9","100000"
"37409099999","2024-08-15","42.0333333","43.4833333","1245.0","MTA SABUETI, GG","  62.8"," 8","  56.9"," 8","9999.9"," 0","883.4"," 8","  7.8"," 8","  7.8"," 8","  7.8","999.9","  72.5"," ","  54.9"," "," 0.00","I","999.9","100000"
"37409099999","2024-08-16","42.0333333","43.4833333","1245.0","MTA SABUETI, GG","  63.9"," 8","  57.1"," 8","9999.9"," 0","883.6"," 8","  7.8"," 8"," 10.7"," 8"," 19.4","999.9","  76.6"," ","  52.9"," "," 0.00","I","999.9","100000"
"37409099999","2024-08-17","42.0333333","43.4833333","1245.0","MTA SABUETI, GG","  66.0"," 8","  58.7"," 8","9999.9"," 0","881.4"," 8","  7.8"," 8"," 11.7"," 8"," 15.5","999.9","  74.5"," ","  59.0"," "," 0.00","I","999.9","000000"
"37409099999","2024-08-18","42.0333333","43.4833333","1245.0","MTA SABUETI, GG","  65.7"," 8","  55.7"," 8","9999.9"," 0","878.9"," 8","  7.8"," 8"," 23.3"," 8"," 23.3","999.9","  75.9"," ","  59.4"," "," 0.00","I","999.9","000000"
"37409099999","2024-08-19","42.0333333","43.4833333","1245.0","MTA SABUETI, GG","  67.0"," 8","  57.1"," 8","9999.9"," 0","878.0"," 8"," 10.9"," 8"," 12.6"," 8"," 23.3","999.9","  78.4"," ","  57.9"," "," 0.00","I","999.9","000000"
"37409099999","2024-08-20","42.0333333","43.4833333","1245.0","MTA SABUETI, GG","  69.6"," 6","  58.5"," 6","9999.9"," 0","876.0"," 6"," 12.4"," 6","  5.2"," 6","  7.8","999.9","  79.5"," ","  59.0"," "," 0.00","I","999.9","000000"
"37409099999","2024-08-21","42.0333333","43.4833333","1245.0","MTA SABUETI, GG","  67.7"," 8","  58.8"," 8","9999.9"," 0","876.2"," 8"," 12.4"," 8","  9.2"," 8"," 11.7","999.9","  77.4"," ","  60.8"," "," 0.00","I","999.9","000000"
"37409099999","2024-08-22","42.0333333","43.4833333","1245.0","MTA SABUETI, GG","  68.6"," 8","  62.4"," 8","9999.9"," 0","875.1"," 8"," 10.9"," 8"," 11.9"," 8"," 15.5","999.9","  78.1"," ","  62.2"," "," 0.00","I","999.9","100000"
"37409099999","2024-08-23","42.0333333","43.4833333","1245.0","MTA SABUETI, GG","  69.0"," 8","  65.2"," 8","9999.9"," 0","877.2"," 8","  6.2"," 8"," 12.1"," 8"," 13.6","999.9","  78.3"," ","  62.2"," "," 0.00","I","999.9","100000"
"37409099999","2024-08-24","42.0333333","43.4833333","1245.0","MTA SABUETI, GG","  65.9"," 8","  61.8"," 8","9999.9"," 0","877.4"," 8","  6.2"," 8"," 13.1"," 8"," 17.5","999.9","  75.6"," ","  59.4","*","99.99"," ","999.9","110000"
"37409099999","2024-08-25","42.0333333","43.4833333","1245.0","MTA SABUETI, GG","  64.7"," 7","  61.5"," 7","9999.9"," 0","875.7"," 7","  6.2"," 6"," 14.4"," 7"," 19.4","999.9","  73.8"," ","  57.7"," ","99.99"," ","999.9","110000"
"37409099999","2024-08-26","42.0333333","43.4833333","1245.0","MTA SABUETI, GG","  65.7"," 6","  64.7"," 6","9999.9"," 0","875.2"," 5","  4.2"," 6"," 10.4"," 6"," 15.5","999.9","  71.8"," ","  61.9","*","99.99"," ","999.9","110000"
"37409099999","2024-08-27","42.0333333","43.4833333","1245.0","MTA SABUETI, GG","  67.7"," 7","  61.9"," 7","9999.9"," 0","877.1"," 7"," 10.7"," 7"," 12.2"," 7"," 15.5","999.9","  75.6"," ","  58.5"," "," 0.00","I","999.9","100000"
"37409099999","2024-08-28","42.0333333","43.4833333","1245.0","MTA SABUETI, GG","  66.0"," 8","  59.2"," 8","9999.9"," 0","878.9"," 8","  4.7"," 8"," 15.5"," 8"," 19.4","999.9","  75.6"," ","  57.0"," "," 0.00","I","999.9","100000"
"37409099999","2024-08-29","42.0333333","43.4833333","1245.0","MTA SABUETI, GG","  65.5"," 8","  57.7"," 8","9999.9"," 0","878.8"," 8","  7.8"," 8"," 18.0"," 8"," 23.3","999.9","  75.2"," ","  56.8"," "," 0.00","I","999.9","000000"
"37409099999","2024-08-30","42.0333333","43.4833333","1245.0","MTA SABUETI, GG","  65.7"," 8","  58.9"," 8","9999.9"," 0","877.9"," 8","  7.8"," 8"," 19.4"," 8"," 23.3","999.9","  75.6"," ","  57.2"," "," 0.00","I","999.9","100000"
"37409099999","2024-08-31","42.0333333","43.4833333","1245.0","MTA SABUETI, GG","  66.1"," 8","  60.7"," 8","9999.9"," 0","877.2"," 8","  9.4"," 8"," 17.0"," 8"," 23.3","999.9","  75.2"," ","  57.2"," "," 0.00","I","999.9","100000"
"37409099999","2024-09-01","42.0333333","43.4833333","1245.0","MTA SABUETI, GG","  67.5"," 8","  60.4"," 8","9999.9"," 0","876.9"," 8"," 12.4"," 8"," 16.0"," 8"," 19.4","999.9","  74.1","*","  61.5"," "," 0.00","I","999.9","000000"
"37409099999","2024-09-02","42.0333333","43.4833333","1245.0","MTA SABUETI, GG","  66.8"," 8","  55.8"," 8","9999.9"," 0","876.8"," 8"," 12.4"," 8"," 21.4"," 8"," 27.2","999.9","  73.8"," ","  60.8"," "," 0.00","I","999.9","000000"
"37409099999","2024-09-03","42.0333333","43.4833333","1245.0","MTA SABUETI, GG","  67.9"," 8","  56.7"," 8","9999.9"," 0","877.3"," 8"," 12.4"," 8"," 11.2"," 8"," 15.5","999.9","  79.2"," ","  59.0"," "," 0.00","I","999.9","000000"
"37409099999","2024-09-04","42.0333333","43.4833333","1245.0","MTA SABUETI, GG","  65.8"," 8","  63.5"," 8","9999.9"," 0","878.1"," 8","  4.7"," 8","  7.0"," 8","  9.7","999.9","  73.0"," ","  60.4"," ","99.99"," ","999.9","110000"
"37409099999","2024-09-05","42.0333333","43.4833333","1245.0","MTA SABUETI, GG","  65.8"," 7","  63.7"," 7","9999.9"," 0","877.8"," 7","  5.3"," 7"," 10.8"," 7"," 11.7","999.9","  73.6"," ","  58.6"," "," 0.00","I","999.9","100000"
"37409099999","2024-09-06","42.0333333","43.4833333","1245.0","MTA SABUETI, GG","  57.7"," 6","  53.7"," 6","9999.9"," 0","879.4"," 6","  4.2"," 6"," 15.9"," 6"," 21.4","999.9","  61.3","*","  55.4","*","99.99"," ","999.9","110000"
"37409099999","2024-09-07","42.0333333","43.4833333","1245.0","MTA SABUETI, GG","  61.9"," 8","  51.4"," 8","9999.9"," 0","881.3"," 8"," 12.4"," 8"," 20.2"," 8"," 21.4","999.9","  71.2"," ","  53.1"," "," 0.00","I","999.9","000000"
"37409099999","2024-09-08","42.0333333","43.4833333","1245.0","MTA SABUETI, GG","  62.4"," 8","  58.1"," 8","9999.9"," 0","878.6"," 8","  9.3"," 8"," 15.5"," 8"," 19.4","999.9","  68.9"," ","  55.4"," ","99.99"," ","999.9","110000"
"37409099999","2024-09-09","42.0333333","43.4833333","1245.0","MTA SABUETI, GG","  66.3"," 7","  58.8"," 7","9999.9"," 0","878.3"," 7"," 10.7"," 7"," 15.0"," 7"," 19.4","999.9","  72.9"," ","  61.2","*"," 0.00","I","999.9","100000"
"37409099999","2024-09-10","42.0333333","43.4833333","1245.0","MTA SABUETI, GG","  64.6"," 8","  59.3"," 8","9999.9"," 0","879.6"," 8"," 12.4"," 8"," 13.1"," 8"," 23.3","999.9","  69.3"," ","  58.8"," "," 0.00","I","999.9","000000"
"37409099999","2024-09-11","42.0333333","43.4833333","1245.0","MTA SABUETI, GG","  68.2"," 8","  60.4"," 8","9999.9"," 0","879.2"," 8"," 10.9"," 8","  9.2"," 8"," 11.7","999.9","  77.9"," ","  60.8"," ","99.99"," ","999.9","010000"
"37409099999","2024-09-12","42.0333333","43.4833333","1245.0","MTA SABUETI, GG","  68.8"," 8","  63.9"," 8","9999.9"," 0","878.1"," 8","  6.2"," 8","  9.2"," 8"," 11.7","999.9","  80.2"," ","  61.7"," "," 0.00","I","999.9","100000"
"37409099999","2024-09-13","42.0333333","43.4833333","1245.0","MTA SABUETI, GG","  63.3"," 4","  60.7"," 4","9999.9"," 0","877.6"," 4","  6.2"," 4","  7.8"," 4","  7.8","999.9","  67.6","*","  57.2"," ","99.99"," ","999.9","110000"
"37409099999","2024-09-14","42.0333333","43.4833333","1245.0","MTA SABUETI, GG","  62.5"," 8","  54.6"," 8","9999.9"," 0","875.2"," 8"," 12.4"," 8"," 21.9"," 8"," 27.2","999.9","  71.2","*","  56.1"," "," 0.00","I","999.9","000000"
"37409099999","2024-09-15","42.0333333","43.4833333","1245.0","MTA SABUETI, GG","  60.5"," 8","  50.0"," 8","9999.9"," 0","874.7"," 8"," 12.4"," 7"," 24.5"," 8"," 36.9","999.9","  72.0"," ","  52.2"," "," 0.00","I","999.9","000000"
"37409099999","2024-09-16","42.0333333","43.4833333","1245.0","MTA SABUETI, GG","  57.6"," 8","  51.4"," 8","9999.9"," 0","873.9"," 8","  9.3"," 8"," 25.3"," 8"," 29.1","999.9","  66.0"," ","  50.7"," ","99.99"," ","999.9","010000"
"37409099999","2024-09-17","42.0333333","43.4833333","1245.0","MTA SABUETI, GG","  55.6"," 7","  53.1"," 7","9999.9"," 0","878.2"," 7","  7.1"," 7"," 14.7"," 7"," 23.3","999.9","  59.9"," ","  49.6"," "," 0.00","I","999.9","100000"
"37409099999","2024-09-18","42.0333333","43.4833333","1245.0","MTA SABUETI, GG","  56.5"," 8","  54.5"," 8","9999.9"," 0","881.1"," 8","  4.7"," 8"," 14.1"," 8"," 17.5","999.9","  65.1"," ","  51.3"," "," 0.00","I","999.9","100000"
"37409099999","2024-09-19","42.0333333","43.4833333","1245.0","MTA SABUETI, GG","  54.7"," 8","  51.4"," 8","9999.9"," 0","880.0"," 8"," 10.9"," 8"," 19.9"," 8"," 21.4","999.9","  60.8"," ","  49.5"," "," 0.00","I","999.9","100000"
"37409099999","2024-09-20","42.0333333","43.4833333","1245.0","MTA SABUETI, GG","  51.2"," 7","  51.2"," 7","9999.9"," 0","877.6"," 7","  0.0"," 7"," 14.7"," 7"," 21.4","999.9","  54.3"," ","  48.9","*","99.99"," ","999.9","110000"
"37409099999","2024-09-21","42.0333333","43.4833333","1245.0","MTA SABUETI, GG","  58.8"," 6","  52.7"," 6","9999.9"," 0","877.4"," 6","  8.3"," 6","  9.7"," 6"," 15.5","999.9","  69.6"," ","  47.5","*"," 0.00","I","999.9","100000"
"37409099999","2024-09-22","42.0333333","43.4833333","1245.0","MTA SABUETI, GG","  55.0"," 8","  54.7"," 8","9999.9"," 0","878.1"," 8","  1.8"," 7"," 12.6"," 8"," 23.3","999.9","  61.7"," ","  48.9"," "," 0.00","I","999.9","100000"
"37409099999","2024-09-23","42.0333333","43.4833333","1245.0","MTA SABUETI, GG","  58.2"," 8","  55.8"," 8","9999.9"," 0","879.4"," 8","  3.6"," 7"," 10.9"," 8"," 17.5","999.9","  67.8"," ","  49.8"," "," 0.00","I","999.9","100000"
"37409099999","2024-09-24","42.0333333","43.4833333","1245.0","MTA SABUETI, GG","  56.2"," 8","  54.3"," 8","9999.9"," 0","880.2"," 8","  3.9"," 8","  8.3"," 8"," 11.7","999.9","  63.9"," ","  51.4","*","99.99"," ","999.9","110000"
"37409099999","2024-09-25","42.0333333","43.4833333","1245.0","MTA SABUETI, GG","  59.7"," 7","  55.1"," 7","9999.9"," 0","881.9"," 7","  7.1"," 7","  5.5"," 7","  7.8","999.9","  72.3"," ","  50.5"," "," 0.00","I","999.9","100000"
"37409099999","2024-09-26","42.0333333","43.4833333","1245.0","MTA SABUETI, GG","  58.9"," 8","  55.6"," 8","9999.9"," 0","880.9"," 8","  7.8"," 8","  5.8"," 8","  7.8","999.9","  67.3"," ","  52.2"," "," 0.00","I","999.9","100000"
"37409099999","2024-09-27","42.0333333","43.4833333","1245.0","MTA SABUETI, GG","  56.9"," 8","  54.8"," 8","9999.9"," 0","881.3"," 8","  7.1"," 7"," 12.1"," 8"," 23.3","999.9","  66.2"," ","  50.4","*"," 0.00","I","999.9","100000"
"37409099999","2024-09-28","42.0333333","43.4833333","1245.0","MTA SABUETI, GG","  55.9"," 8","  52.8"," 8","9999.9"," 0","880.7"," 8","  7.8"," 8"," 16.3"," 8"," 21.4","999.9","  66.0"," ","  48.2","*"," 0.00","I","999.9","100000"
"37409099999","2024-09-29","42.0333333","43.4833333","1245.0","MTA SABUETI, GG","  55.5"," 7","  43.2"," 7","9999.9"," 0","881.4"," 7"," 12.4"," 7"," 20.5"," 7"," 23.3","999.9","  62.1"," ","  49.5"," "," 0.00","I","999.9","000000"
"37409099999","2024-09-30","42.0333333","43.4833333","1245.0","MTA SABUETI, GG","  54.5"," 8","  42.7"," 8","9999.9"," 0","877.5"," 8"," 12.4"," 8"," 20.2"," 8"," 21.4","999.9","  64.2"," ","  47.3"," "," 0.00","I","999.9","000000"
"37409099999","2024-10-01","42.0333333","43.4833333","1245.0","MTA SABUETI, GG","  49.6"," 8","  45.2"," 8","9999.9"," 0","872.6"," 8","  9.3"," 8"," 11.9"," 8"," 15.5","999.9","  52.5"," ","  47.1"," ","99.99"," ","999.9","110000"
"37409099999","2024-10-02","42.0333333","43.4833333","1245.0","MTA SABUETI, GG","  51.5"," 5","  51.5"," 5","9999.9"," 0","871.7"," 5","  0.0"," 5","  9.3"," 5"," 11.7","999.9","  56.3","*","  46.8"," ","99.99"," ","999.9","110000"
"37409099999","2024-10-03","42.0333333","43.4833333","1245.0","MTA SABUETI, GG","  52.3"," 8","9999.9"," 0","9999.9"," 0","874.3"," 8","  2.4"," 8","  8.7"," 8"," 11.7","999.9","  60.3"," ","  45.9"," "," 0.00","I","999.9","100000"
"37409099999","2024-10-04","42.0333333","43.4833333","1245.0","MTA SABUETI, GG","  56.8"," 8","  51.6"," 8","9999.9"," 0","876.5"," 8","  9.3"," 8","  5.8"," 8","  7.8","999.9","  66.0"," ","  48.7"," "," 0.00","I","999.9","100000"
"37409099999","2024-10-05","42.0333333","43.4833333","1245.0","MTA SABUETI, GG","  55.2"," 8","  51.6"," 8","9999.9"," 0","878.0"," 8","  8.9"," 7","  7.8"," 8","  7.8","999.9","  65.3"," ","  45.5"," "," 0.00","I","999.9","100000"
"37409099999","2024-10-06","42.0333333","43.4833333","1245.0","MTA SABUETI, GG","  57.3"," 8","  52.3"," 8","9999.9"," 0","879.4"," 8"," 10.7"," 7"," 11.2"," 8"," 15.5","999.9","  65.3"," ","  47.3"," "," 0.00","I","999.9","100000"
"37409099999","2024-10-07","42.0333333","43.4833333","1245.0","MTA SABUETI, GG","  60.2"," 8","  54.1"," 8","9999.9"," 0","880.9"," 8"," 10.9"," 8"," 10.2"," 8"," 11.7","999.9","  68.7"," ","  53.6"," "," 0.00","I","999.9","100000"
"37409099999","2024-10-08","42.0333333","43.4833333","1245.0","MTA SABUETI, GG","  56.6"," 7","  56.6"," 7","9999.9"," 0","881.9"," 7","  0.0"," 7","  7.8"," 7","  7.8","999.9","  63.0"," ","  50.7","*","99.99"," ","999.9","110000"
"37409099999","2024-10-09","42.0333333","43.4833333","1245.0","MTA SABUETI, GG","  55.8"," 7","  51.2"," 7","9999.9"," 0","879.5"," 7","  7.1"," 7","  7.2"," 7","  7.8","999.9","  64.8"," ","  48.2"," "," 0.00","I","999.9","100000"
"37409099999","2024-10-10","42.0333333","43.4833333","1245.0","MTA SABUETI, GG","  57.6"," 8","  50.0"," 8","9999.9"," 0","876.1"," 8"," 10.9"," 8"," 11.2"," 8"," 11.7","999.9","  72.5"," ","  46.4"," "," 0.00","I","999.9","100000"
"37409099999","2024-10-11","42.0333333","43.4833333","1245.0","MTA SABUETI, GG","  55.7"," 8","  55.3"," 8","9999.9"," 0","878.5"," 8","  1.6"," 8"," 10.9"," 8"," 11.7","999.9","  58.5"," ","  53.6","*"," 0.00","I","999.9","100000"
"37409099999","2024-10-12","42.0333333","43.4833333","1245.0","MTA SABUETI, GG","  55.9"," 8","  54.3"," 8","9999.9"," 0","879.9"," 8","  4.7"," 8"," 11.2"," 8"," 13.6","999.9","  65.3"," ","  51.8"," "," 0.00","I","999.9","100000"
"37409099999","2024-10-13","42.0333333","43.4833333","1245.0","MTA SABUETI, GG","  54.8"," 7","  54.8"," 7","9999.9"," 0","878.6"," 7","  0.0"," 7"," 11.7"," 7"," 13.6","999.9","  60.6"," ","  51.4"," ","99.99"," ","999.9","110000"
"37409099999","2024-10-14","42.0333333","43.4833333","1245.0","MTA SABUETI, GG","  52.2"," 7","  52.2"," 7","9999.9"," 0","878.1"," 7","  0.0"," 7","  8.0"," 7","  9.7","999.9","  56.5"," ","  48.2","*","99.99"," ","999.9","110000"
"37409099999","2024-10-15","42.0333333","43.4833333","1245.0","MTA SABUETI, GG","  49.3"," 6","  49.3"," 6","9999.9"," 0","877.2"," 6","  0.0"," 6","  8.4"," 6"," 11.7","999.9","  52.7"," ","  46.4","*","99.99"," ","999.9","110000"
"37409099999","2024-10-16","42.0333333","43.4833333","1245.0","MTA SABUETI, GG","  54.6"," 6","  51.0"," 6","9999.9"," 0","879.1"," 6","  6.2"," 6","  9.1"," 6"," 11.7","999.9","  61.7"," ","  48.2","*"," 0.00","I","999.9","100000"
"37409099999","2024-10-17","42.0333333","43.4833333","1245.0","MTA SABUETI, GG","  48.5"," 5","  48.5"," 5","9999.9"," 0","877.5"," 5","  0.0"," 4"," 12.0"," 5"," 15.5","999.9","  51.4","*","  43.5","*","99.99"," ","999.9","110000"
"37409099999","2024-10-18","42.0333333","43.4833333","1245.0","MTA SABUETI, GG","  41.9"," 8","  41.9"," 8","9999.9"," 0","876.2"," 8","  0.0"," 8"," 12.1"," 8"," 15.5","999.9","  47.8"," ","  38.1","*"," 0.00","I","999.9","100000"
"37409099999","2024-10-19","42.0333333","43.4833333","1245.0","MTA SABUETI, GG","  40.6"," 6","  40.6"," 6","9999.9"," 0","875.4"," 6","  0.0"," 5","  9.7"," 6"," 11.7","999.9","  45.7"," ","  37.8","*"," 0.00","I","999.9","100000"
"37409099999","2024-10-20","42.0333333","43.4833333","1245.0","MTA SABUETI, GG","  40.7"," 7","  40.7"," 7","9999.9"," 0","877.0"," 7","  0.0"," 7","  7.8"," 7","  7.8","999.9","  46.8"," ","  36.3","*","99.99"," ","999.9","110000"
"37409099999","2024-10-21","42.0333333","43.4833333","1245.0","MTA SABUETI, GG","  36.1"," 6","  36.1"," 6","9999.9"," 0","879.3"," 6","  0.0"," 6","  9.1"," 6"," 11.7","999.9","  42.4"," ","  32.0"," ","99.99"," ","999.9","101000"
"37409099999","2024-10-22","42.0333333","43.4833333","1245.0","MTA SABUETI, GG","  39.3"," 8","  36.9"," 8","9999.9"," 0","882.3"," 8","  7.8"," 8","  9.0"," 8"," 11.7","999.9","  47.3"," ","  32.4"," "," 0.00","I","999.9","100000"
"37409099999","2024-10-23","42.0333333","43.4833333","1245.0","MTA SABUETI, GG","  43.7"," 8","  41.2"," 8","9999.9"," 0","886.5"," 8","  4.7"," 8"," 10.7"," 8"," 11.7","999.9","  48.7"," ","  37.8"," "," 0.00","I","999.9","100000"
"37409099999","2024-10-24","42.0333333","43.4833333","1245.0","MTA SABUETI, GG","  43.9"," 7","  43.8"," 7","9999.9"," 0","884.9"," 7","  0.9"," 7","  7.8"," 7","  7.8","999.9","  48.0"," ","  41.5"," "," 0.12","E","999.9","110000"
"37409099999","2024-10-25","42.0333333","43.4833333","1245.0","MTA SABUETI, GG","  43.3"," 6","  43.3"," 6","9999.9"," 0","882.4"," 6","  0.0"," 6"," 11.7"," 6"," 13.6","999.9","  45.5"," ","  42.4","*","99.99"," ","999.9","110000"
"37409099999","2024-10-26","42.0333333","43.4833333","1245.0","MTA SABUETI, GG","  38.1"," 5","  38.1"," 5","9999.9"," 0","880.0"," 5","  0.0"," 5","  8.9"," 5"," 11.7","999.9","  41.9","*","  35.6","*","99.99"," ","999.9","111000"
"37409099999","2024-10-27","42.0333333","43.4833333","1245.0","MTA SABUETI, GG","  41.3"," 6","  37.9"," 6","9999.9"," 0","879.6"," 6","  8.3"," 6","  7.8"," 6"," 11.7","999.9","  54.5"," ","  34.9","*"," 0.00","I","999.9","100000"
"37409099999","2024-10-28","42.0333333","43.4833333","1245.0","MTA SABUETI, GG","  43.0"," 8","  35.4"," 8","9999.9"," 0","881.6"," 8","  9.3"," 8"," 11.7"," 8"," 15.5","999.9","  54.9"," ","  34.0"," "," 0.00","I","999.9","100000"
"37409099999","2024-10-29","42.0333333","43.4833333","1245.0","MTA SABUETI, GG","  45.9"," 8","  34.4"," 8","9999.9"," 0","881.8"," 8"," 12.4"," 8","  7.3"," 8"," 11.7","999.9","  56.8"," ","  40.3","*"," 0.00","I","999.9","000000"
"37409099999","2024-10-30","42.0333333","43.4833333","1245.0","MTA SABUETI, GG","  42.4"," 8","  32.9"," 8","9999.9"," 0","880.9"," 8"," 12.4"," 7","  8.7"," 8"," 15.5","999.9","  54.0"," ","  32.7"," "," 0.00","I","999.9","000000"
"37409099999","2024-10-31","42.0333333","43.4833333","1245.0","MTA SABUETI, GG","  43.2"," 8","  37.6"," 8","9999.9"," 0","879.9"," 8","  8.9"," 7"," 13.6"," 8"," 19.4","999.9","  53.2"," ","  33.8"," "," 0.00","I","999.9","100000"
"37409099999","2024-11-01","42.0333333","43.4833333","1245.0","MTA SABUETI, GG","  42.6"," 8","  34.7"," 8","9999.9"," 0","881.2"," 8"," 12.4"," 8","  6.3"," 8","  7.8","999.9","  49.3"," ","  36.7"," "," 0.00","I","999.9","000000"
"37409099999","2024-11-02","42.0333333","43.4833333","1245.0","MTA SABUETI, GG","  46.1"," 8","  36.6"," 8","9999.9"," 0","881.8"," 8"," 12.4"," 8","  3.9"," 8","  3.9","999.9","  55.4"," ","  38.5"," "," 0.00","I","999.9","000000"
"37409099999","2024-11-03","42.0333333","43.4833333","1245.0","MTA SABUETI, GG","  41.4"," 7","  39.0"," 7","9999.9"," 0","877.9"," 7","  5.3"," 7"," 11.7"," 7"," 19.4","999.9","  46.8"," ","  34.9","*","99.99"," ","999.9","110000"
"37409099999","2024-11-04","42.0333333","43.4833333","1245.0","MTA SABUETI, GG","  35.2"," 6","  35.1"," 6","9999.9"," 0","878.5"," 6","  4.2"," 6","  9.1"," 6"," 19.4","999.9","  40.3"," ","  29.5"," ","99.99"," ","999.9","101000"
"37409099999","2024-11-05","42.0333333","43.4833333","1245.0","MTA SABUETI, GG","  30.3"," 6","  30.3"," 6","9999.9"," 0","876.2"," 6","  0.0"," 6"," 11.7"," 6"," 13.6","999.9","  31.6"," ","  29.1","*","99.99"," ","999.9","001000"
"37409099999","2024-11-06","42.0333333","43.4833333","1245.0","MTA SABUETI, GG","  32.7"," 7","  32.1"," 7","9999.9"," 0","885.1"," 7","  4.5"," 7","  9.7"," 7"," 11.7","999.9","  37.8"," ","  28.2"," "," 0.00","I","999.9","100000"
"37409099999","2024-11-07","42.0333333","43.4833333","1245.0","MTA SABUETI, GG","  32.3"," 8","  32.3"," 8","9999.9"," 0","889.8"," 8","  0.0"," 8","  8.5"," 8"," 11.7","999.9","  36.0"," ","  28.6"," "," 0.00","I","999.9","100000"
"37409099999","2024-11-08","42.0333333","43.4833333","1245.0","MTA SABUETI, GG","  37.1"," 8","  34.2"," 8","9999.9"," 0","888.2"," 8","  9.3"," 8","  5.8"," 8","  7.8","999.9","  45.7"," ","  30.6"," "," 0.00","I","999.9","100000"
"37409099999","2024-11-09","42.0333333","43.4833333","1245.0","MTA SABUETI, GG","  37.8"," 8","  35.2"," 8","9999.9"," 0","885.6"," 8","  6.2"," 8"," 12.6"," 8"," 15.5","999.9","  48.0"," ","  28.9"," "," 0.00","I","999.9","100000"
"37409099999","2024-11-10","42.0333333","43.4833333","1245.0","MTA SABUETI, GG","  39.1"," 8","  36.0"," 8","9999.9"," 0","883.8"," 8","  8.9"," 7","  8.7"," 8"," 15.5","999.9","  49.1"," ","  31.8"," "," 0.00","I","999.9","000000"
"37409099999","2024-11-11","42.0333333","43.4833333","1245.0","MTA SABUETI, GG","  43.3"," 5","  40.9"," 4","9999.9"," 0","882.0"," 5"," 12.4"," 5"," 10.1"," 5"," 15.5","999.9","  47.3"," ","  41.0","*"," 0.00","I","999.9","000000"
"37409099999","2024-11-12","42.0333333","43.4833333","1245.0","MTA SABUETI, GG","  39.2"," 7","  38.2"," 7","9999.9"," 0","880.4"," 7","  2.5"," 5","  5.3"," 7","  7.8","999.9","  41.9","*","  33.3","*"," 0.00","I","999.9","100000"
"37409099999","2024-11-13","42.0333333","43.4833333","1245.0","MTA SABUETI, GG","  35.9"," 8","  35.1"," 8","9999.9"," 0","880.1"," 8","  1.6"," 8"," 12.6"," 8"," 17.5","999.9","  44.8"," ","  28.4"," "," 0.00","I","999.9","100000"
"37409099999","2024-11-14","42.0333333","43.4833333","1245.0","MTA SABUETI, GG","  39.9"," 8","  35.1"," 8","9999.9"," 0","881.8"," 8","  6.2"," 8"," 13.6"," 8"," 17.5","999.9","  49.3"," ","  34.3"," "," 0.00","I","999.9","100000"
"37409099999","2024-11-15","42.0333333","43.4833333","1245.0","MTA SABUETI, GG","  42.5"," 8","  35.9"," 8","9999.9"," 0","878.9"," 8"," 12.4"," 8"," 11.9"," 8"," 13.6","999.9","  50.5"," ","  34.3"," "," 0.00","I","999.9","000000"
"37409099999","2024-11-16","42.0333333","43.4833333","1245.0","MTA SABUETI, GG","  39.8"," 7","  38.7"," 7","9999.9"," 0","875.9"," 7","  3.6"," 7","  9.2"," 7"," 11.7","999.9","  43.9"," ","  35.2","*","99.99"," ","999.9","110000"
"37409099999","2024-11-17","42.0333333","43.4833333","1245.0","MTA SABUETI, GG","  37.1"," 7","  34.3"," 7","9999.9"," 0","876.2"," 7","  7.1"," 7","  7.8"," 7"," 11.7","999.9","  44.6"," ","  32.4"," "," 0.00","I","999.9","100000"
"37409099999","2024-11-22","42.0333333","43.4833333","1245.0","MTA SABUETI, GG","  46.2"," 8","  36.4"," 8","9999.9"," 0","877.7"," 8"," 12.4"," 7"," 10.2"," 8"," 15.5","999.9","  51.1"," ","  38.7"," "," 0.00","I","999.9","000000"
"37409099999","2024-11-23","42.0333333","43.4833333","1245.0","MTA SABUETI, GG","  48.3"," 8","  40.5"," 8","9999.9"," 0","879.9"," 8"," 12.4"," 6"," 11.7"," 8"," 17.5","999.9","  58.5"," ","  40.3"," "," 0.00","I","999.9","000000"
"37409099999","2024-11-24","42.0333333","43.4833333","1245.0","MTA SABUETI, GG","  39.2"," 7","  38.4"," 7","9999.9"," 0","878.8"," 7","  3.6"," 7","  7.8"," 7"," 11.7","999.9","  43.5","*","  33.8","*","99.99"," ","999.9","110000"
"37409099999","2024-11-25","42.0333333","43.4833333","1245.0","MTA SABUETI, GG","  31.6"," 6","  31.6"," 6","9999.9"," 0","874.9"," 6","  0.0"," 6","  9.1"," 6"," 11.7","999.9","  34.9"," ","  28.8","*","99.99"," ","999.9","111000"
"37409099999","2024-11-26","42.0333333","43.4833333","1245.0","MTA SABUETI, GG","  29.2"," 5","  29.2"," 5","9999.9"," 0","875.5"," 5","  0.0"," 5","  7.8"," 5","  7.8","999.9","  32.0"," ","  27.0"," ","99.99"," ","999.9","111000"
"37409099999","2024-11-27","42.0333333","43.4833333","1245.0","MTA SABUETI, GG","  28.7"," 6","  28.7"," 6","9999.9"," 0","872.2"," 6","  0.0"," 6","  7.8"," 6"," 11.7","999.9","  30.6","*","  25.5"," ","99.99"," ","999.9","001000"
"37409099999","2024-11-28","42.0333333","43.4833333","1245.0","MTA SABUETI, GG","  28.8"," 6","  28.8"," 6","9999.9"," 0","872.1"," 6","  0.0"," 6"," 10.7"," 6"," 11.7","999.9","  30.7"," ","  25.5"," ","99.99"," ","999.9","001000"
"37409099999","2024-11-29","42.0333333","43.4833333","1245.0","MTA SABUETI, GG","  31.4"," 7","  31.0"," 7","9999.9"," 0","877.7"," 7","  1.8"," 7","  8.0"," 7","  9.7","999.9","  34.2"," ","  28.2"," ","99.99"," ","999.9","101000"
"37409099999","2024-11-30","42.0333333","43.4833333","1245.0","MTA SABUETI, GG","  30.5"," 8","  29.6"," 8","9999.9"," 0","883.7"," 8","  6.2"," 8"," 10.0"," 8"," 11.7","999.9","  33.8"," ","  27.5"," "," 0.00","I","999.9","100000"
"37409099999","2024-12-02","42.0333333","43.4833333","1245.0","MTA SABUETI, GG","  29.5"," 8","  29.4"," 8","9999.9"," 0","883.0"," 8","  0.0"," 5"," 14.1"," 8"," 19.4","999.9","  32.2"," ","  27.7"," "," 0.00","I","999.9","100000"
"37409099999","2024-12-03","42.0333333","43.4833333","1245.0","MTA SABUETI, GG","  31.6"," 6","  29.0"," 6","9999.9"," 0","882.9"," 6","  4.2"," 6"," 15.5"," 6"," 19.4","999.9","  38.3"," ","  27.7","*"," 0.00","I","999.9","100000"
"37409099999","2024-12-04","42.0333333","43.4833333","1245.0","MTA SABUETI, GG","  30.6"," 8","  25.1"," 8","9999.9"," 0","880.7"," 8"," 10.7"," 7"," 10.4"," 8"," 17.5","999.9","  36.7"," ","  24.4","*"," 0.00","I","999.9","100000"
"37409099999","2024-12-05","42.0333333","43.4833333","1245.0","MTA SABUETI, GG","  35.4"," 8","  24.1"," 8","9999.9"," 0","881.8"," 8"," 12.4"," 8","  7.8"," 8","  7.8","999.9","  45.7"," ","  27.9"," "," 0.00","I","999.9","000000"
"37409099999","2024-12-06","42.0333333","43.4833333","1245.0","MTA SABUETI, GG","  32.1"," 8","  29.0"," 8","9999.9"," 0","883.9"," 8"," 12.4"," 7"," 11.2"," 8"," 11.7","999.9","  39.2"," ","  28.0","*"," 0.00","I","999.9","000000"
"37409099999","2024-12-07","42.0333333","43.4833333","1245.0","MTA SABUETI, GG","  31.5"," 8","  31.5"," 8","9999.9"," 0","884.7"," 8","  0.0"," 8"," 11.2"," 8"," 11.7","999.9","  37.4"," ","  26.6"," "," 0.00","I","999.9","100000"
"37409099999","2024-12-08","42.0333333","43.4833333","1245.0","MTA SABUETI, GG","  33.0"," 8","  32.2"," 8","9999.9"," 0","884.1"," 8","  1.6"," 8"," 14.3"," 8"," 17.5","999.9","  38.8","*","  27.7"," "," 0.00","I","999.9","100000"
"37409099999","2024-12-09","42.0333333","43.4833333","1245.0","MTA SABUETI, GG","  40.6"," 8","  34.8"," 8","9999.9"," 0","882.2"," 8","  7.8"," 8"," 10.2"," 8"," 15.5","999.9","  52.7"," ","  29.7"," "," 0.00","I","999.9","100000"
"37409099999","2024-12-10","42.0333333","43.4833333","1245.0","MTA SABUETI, GG","  34.0"," 8","  32.6"," 8","9999.9"," 0","885.8"," 8","  6.2"," 8"," 15.3"," 8"," 19.4","999.9","  39.2"," ","  28.9"," "," 0.00","I","999.9","100000"
"37409099999","2024-12-11","42.0333333","43.4833333","1245.0","MTA SABUETI, GG","  38.9"," 8","  31.3"," 8","9999.9"," 0","882.5"," 8","  9.3"," 8"," 12.6"," 8"," 17.5","999.9","  45.5"," ","  31.1"," "," 0.00","I","999.9","100000"
"37409099999","2024-12-12","42.0333333","43.4833333","1245.0","MTA SABUETI, GG","  36.2"," 6","  34.6"," 6","9999.9"," 0","878.3"," 6","  2.1"," 6","  9.7"," 6"," 11.7","999.9","  41.0","*","  31.5","*","99.99"," ","999.9","111000"
"37409099999","2024-12-13","42.0333333","43.4833333","1245.0","MTA SABUETI, GG","  30.9"," 4","  30.9"," 4","9999.9"," 0","875.8"," 4","  0.0"," 4"," 18.5"," 4"," 23.3","999.9","  33.4","*","  27.0","*","99.99"," ","999.9","001000"
"37409099999","2024-12-14","42.0333333","43.4833333","1245.0","MTA SABUETI, GG","  20.5"," 6","  20.2"," 6","9999.9"," 0","875.9"," 6","  0.0"," 6"," 21.4"," 6"," 23.3","999.9","  26.4","*","  17.6","*","99.99"," ","999.9","101000"
"37409099999","2024-12-15","42.0333333","43.4833333","1245.0","MTA SABUETI, GG","  19.8"," 6","  17.4"," 6","9999.9"," 0","879.9"," 6","  2.1"," 6","  8.4"," 6"," 11.7","999.9","  25.2"," ","  16.2","*"," 0.00","I","999.9","100000"
"37409099999","2024-12-16","42.0333333","43.4833333","1245.0","MTA SABUETI, GG","  21.0"," 7","  19.0"," 7","9999.9"," 0","878.3"," 7","  3.6"," 7"," 10.0"," 7"," 15.5","999.9","  28.4"," ","  13.6"," ","99.99"," ","999.9","001000"
"37409099999","2024-12-17","42.0333333","43.4833333","1245.0","MTA SABUETI, GG","  25.6"," 6","  25.6"," 6","9999.9"," 0","877.1"," 6","  0.0"," 6"," 12.9"," 6"," 15.5","999.9","  29.1"," ","  22.3"," ","99.99"," ","999.9","001000"
"37409099999","2024-12-18","42.0333333","43.4833333","1245.0","MTA SABUETI, GG","  26.2"," 4","  26.2"," 4","9999.9"," 0","873.5"," 4","  0.0"," 4"," 12.6"," 4"," 15.5","999.9","  29.8"," ","  24.6"," ","99.99"," ","999.9","001000"
"37409099999","2024-12-19","42.0333333","43.4833333","1245.0","MTA SABUETI, GG","  26.2"," 6","  26.2"," 6","9999.9"," 0","875.8"," 6","  0.0"," 6"," 11.0"," 6"," 19.4","999.9","  29.8"," ","  22.6","*","99.99"," ","999.9","101000"
"37409099999","2024-12-20","42.0333333","43.4833333","1245.0","MTA SABUETI, GG","  27.8"," 6","  27.8"," 6","9999.9"," 0","877.0"," 6","  0.0"," 6","  9.1"," 6"," 11.7","999.9","  30.6"," ","  23.7"," "," 0.00","I","999.9","100000"
"37409099999","2024-12-21","42.0333333","43.4833333","1245.0","MTA SABUETI, GG","  28.2"," 8","  27.1"," 8","9999.9"," 0","879.0"," 8","  7.8"," 8"," 11.2"," 8"," 13.6","999.9","  31.3"," ","  25.5"," "," 0.00","I","999.9","100000"
"37409099999","2024-12-22","42.0333333","43.4833333","1245.0","MTA SABUETI, GG","  29.1"," 7","  27.9"," 7","9999.9"," 0","876.2"," 7"," 12.4"," 4"," 10.0"," 7"," 13.6","999.9","  32.2"," ","  14.4"," "," 0.00","I","999.9","000000"
"37409099999","2024-12-23","42.0333333","43.4833333","1245.0","MTA SABUETI, GG","  34.6"," 8","  32.1"," 8","9999.9"," 0","876.8"," 8","999.9"," 0","  4.1"," 8","  9.7","999.9","  39.2","*","  29.8","*"," 0.00","I","999.9","100000"
"37409099999","2024-12-24","42.0333333","43.4833333","1245.0","MTA SABUETI, GG","  33.1"," 8","  30.3"," 8","9999.9"," 0","878.6"," 8","  5.3"," 7","  6.1"," 8"," 13.6","999.9","  36.5"," ","  26.4"," "," 0.00","I","999.9","100000"
"37409099999","2024-12-25","42.0333333","43.4833333","1245.0","MTA SABUETI, GG","  35.5"," 8","  30.6"," 8","9999.9"," 0","880.4"," 8"," 10.9"," 8","  8.3"," 8"," 11.7","999.9","  41.0"," ","  31.6","*"," 0.00","I","999.9","100000"
"37409099999","2024-12-26","42.0333333","43.4833333","1245.0","MTA SABUETI, GG","  31.3"," 8","  31.3"," 8","9999.9"," 0","882.6"," 8","  0.0"," 8"," 11.2"," 8"," 15.5","999.9","  34.5"," ","  28.2"," "," 0.00","I","999.9","100000"
"37409099999","2024-12-27","42.0333333","43.4833333","1245.0","MTA SABUETI, GG","  29.5"," 8","  29.5"," 8","9999.9"," 0","881.1"," 8","  0.0"," 8"," 10.2"," 8"," 11.7","999.9","  34.9"," ","  23.4","*"," 0.00","I","999.9","100000"
"37409099999","2024-12-28","42.0333333","43.4833333","1245.0","MTA SABUETI, GG","  25.9"," 7","  25.9"," 7","9999.9"," 0","874.9"," 7","  0.0"," 7","  8.9"," 7"," 11.7","999.9","  29.8"," ","  21.6"," ","99.99"," ","999.9","101000"
"37409099999","2024-12-29","42.0333333","43.4833333","1245.0","MTA SABUETI, GG","  28.7"," 7","  28.7"," 7","9999.9"," 0","877.8"," 7","  0.0"," 6","  7.8"," 7"," 11.7","999.9","  31.3"," ","  25.3","*","99.99"," ","999.9","001000"
"37409099999","2024-12-30","42.0333333","43.4833333","1245.0","MTA SABUETI, GG","  28.1"," 8","  28.1"," 8","9999.9"," 0","880.5"," 8","  0.1"," 7","  3.9"," 8","  7.8","999.9","  31.3"," ","  23.0"," "," 0.00","I","999.9","100000"
"37409099999","2024-12-31","42.0333333","43.4833333","1245.0","MTA SABUETI, GG","  28.8"," 6","  28.8"," 6","9999.9"," 0","882.4"," 6","  0.0"," 6","  5.8"," 6","  7.8","999.9","  31.6"," ","  25.5"," ","99.99"," ","999.9","101000"
