"STATION","DATE","LATITUDE","LONGITUDE","ELEVATION","NAME","TEMP","TEMP_ATTRIBUTES","DEWP","DEWP_ATTRIBUTES","SLP","SLP_ATTRIBUTES","STP","STP_ATTRIBUTES","VISIB","VISIB_ATTRIBUTES","WDSP","WDSP_ATTRIBUTES","MXSPD","GUST","MAX","MAX_ATTRIBUTES","MIN","MIN_ATTRIBUTES","PRCP","PRCP_ATTRIBUTES","SNDP","FRSHTT"
"41275099999","2024-01-01","21.3833333","57.05","133.0","QARN ALAM, MU","  73.6"," 8","  54.1"," 8","1018.3"," 8","001.5"," 8","999.9"," 0","  4.8"," 8","  7.0","999.9","  86.7"," ","  60.6"," "," 0.00","I","999.9","000000"
"41275099999","2024-01-02","21.3833333","57.05","133.0","QARN ALAM, MU","  73.5"," 8","  52.4"," 8","1017.7"," 8","000.8"," 8","999.9"," 0","  9.2"," 8"," 13.0","999.9","  87.3"," ","  59.9"," "," 0.00","I","999.9","000000"
"41275099999","2024-01-03","21.3833333","57.05","133.0","QARN ALAM, MU","  70.2"," 8","  45.1"," 8","1016.4"," 8","999.5"," 8","999.9"," 0","  8.1"," 8"," 12.0","999.9","  81.5"," ","  59.7"," "," 0.00","I","999.9","000000"
"41275099999","2024-01-04","21.3833333","57.05","133.0","QARN ALAM, MU","  71.9"," 8","  51.8"," 8","1017.0"," 8","000.0"," 8","999.9"," 0"," 14.6"," 8"," 22.9","999.9","  86.2"," ","  59.0"," "," 0.00","I","999.9","000000"
"41275099999","2024-01-05","21.3833333","57.05","133.0","QARN ALAM, MU","  72.7"," 6","  48.6"," 6","1016.7"," 6","999.9"," 6","999.9"," 0"," 12.5"," 6"," 18.1","999.9","  82.8"," ","  57.4"," "," 0.00","I","999.9","000000"
"41275099999","2024-01-06","21.3833333","57.05","133.0","QARN ALAM, MU","  68.8"," 8","  49.5"," 8","1017.8"," 8","000.8"," 8","999.9"," 0","  5.8"," 8","  8.9","999.9","  81.7"," ","  54.5"," "," 0.00","I","999.9","000000"
"41275099999","2024-01-07","21.3833333","57.05","133.0","QARN ALAM, MU","  70.1"," 8","  47.7"," 8","1018.5"," 8","001.5"," 8","999.9"," 0","  5.4"," 8","  8.0","999.9","  83.3"," ","  57.0"," "," 0.00","I","999.9","000000"
"41275099999","2024-01-08","21.3833333","57.05","133.0","QARN ALAM, MU","  72.4"," 8","  50.1"," 8","1020.1"," 8","003.2"," 8","999.9"," 0","  3.4"," 8","  8.0","999.9","  84.7"," ","  57.6"," "," 0.00","I","999.9","000000"
"41275099999","2024-01-09","21.3833333","57.05","133.0","QARN ALAM, MU","  72.4"," 6","  39.4"," 6","1020.9"," 6","003.9"," 6","999.9"," 0","  4.2"," 6","  8.0","999.9","  82.2"," ","  57.6"," "," 0.00","I","999.9","000000"
"41275099999","2024-01-10","21.3833333","57.05","133.0","QARN ALAM, MU","  69.1"," 7","  38.9"," 7","1020.4"," 7","003.3"," 7","999.9"," 0","  4.3"," 7","  9.9","999.9","  80.8","*","  52.3"," "," 0.00","I","999.9","000000"
"41275099999","2024-01-11","21.3833333","57.05","133.0","QARN ALAM, MU","  68.4"," 8","  46.5"," 8","1018.9"," 8","001.9"," 8","999.9"," 0","  5.0"," 8","  7.0","999.9","  81.7"," ","  53.6"," "," 0.00","I","999.9","000000"
"41275099999","2024-01-12","21.3833333","57.05","133.0","QARN ALAM, MU","  68.5"," 5","  50.8"," 5","1017.9"," 5","000.9"," 5","999.9"," 0","  4.2"," 5","  6.0","999.9","  80.6","*","  55.8","*"," 0.00","I","999.9","000000"
"41275099999","2024-01-13","21.3833333","57.05","133.0","QARN ALAM, MU","  71.2"," 6","  48.4"," 6","1017.6"," 6","000.7"," 6","999.9"," 0","  4.7"," 6","  7.0","999.9","  85.3"," ","  60.6","*"," 0.00","I","999.9","000000"
"41275099999","2024-01-14","21.3833333","57.05","133.0","QARN ALAM, MU","  74.1"," 7","  55.5"," 7","1018.7"," 7","001.9"," 7","999.9"," 0","  4.6"," 7","  7.0","999.9","  85.5"," ","  60.8"," "," 0.00","I","999.9","000000"
"41275099999","2024-01-16","21.3833333","57.05","133.0","QARN ALAM, MU","  75.7"," 7","  37.4"," 7","1014.9"," 7","998.2"," 7","999.9"," 0"," 12.2"," 7"," 20.0","999.9","  92.7"," ","  58.8","*"," 0.00","I","999.9","000000"
"41275099999","2024-01-18","21.3833333","57.05","133.0","QARN ALAM, MU","  71.0"," 8","  47.6"," 8","1016.0"," 8","999.1"," 8","999.9"," 0"," 12.3"," 8"," 18.1","999.9","  82.6"," ","  60.4"," "," 0.00","I","999.9","000000"
"41275099999","2024-01-19","21.3833333","57.05","133.0","QARN ALAM, MU","  72.0"," 8","  48.9"," 8","1017.5"," 7","000.6"," 7","999.9"," 0","  5.2"," 8","  9.9","999.9","  86.0"," ","  57.9"," "," 0.00","I","999.9","000000"
"41275099999","2024-01-20","21.3833333","57.05","133.0","QARN ALAM, MU","  72.3"," 6","  14.4"," 6","1018.5"," 6","001.6"," 6","999.9"," 0","  5.5"," 6","  8.9","999.9","  85.3","*","  58.5","*"," 0.00","I","999.9","000000"
"41275099999","2024-01-21","21.3833333","57.05","133.0","QARN ALAM, MU","  69.2"," 4","9999.9"," 0","1019.5"," 4","002.4"," 4","999.9"," 0","  8.7"," 4","  9.9","999.9","  82.9","*","  58.3","*"," 0.00","I","999.9","000000"
"41275099999","2024-01-22","21.3833333","57.05","133.0","QARN ALAM, MU","  69.4"," 4","9999.9"," 0","1020.2"," 4","003.2"," 4","999.9"," 0","  5.5"," 4","  8.0","999.9","  82.0","*","  54.7","*"," 0.00","I","999.9","000000"
"41275099999","2024-01-23","21.3833333","57.05","133.0","QARN ALAM, MU","  69.0"," 4","9999.9"," 0","1020.4"," 4","003.3"," 4","999.9"," 0","  5.1"," 4","  6.0","999.9","  81.9","*","  54.3","*"," 0.00","I","999.9","000000"
"41275099999","2024-01-26","21.3833333","57.05","133.0","QARN ALAM, MU","  72.4"," 4","  53.7"," 4","1018.1"," 4","001.3"," 4","999.9"," 0","  5.5"," 4","  8.0","999.9","  81.5","*","  54.1"," "," 0.00","I","999.9","000000"
"41275099999","2024-01-28","21.3833333","57.05","133.0","QARN ALAM, MU","  76.6"," 7","  61.2"," 7","1017.9"," 7","001.2"," 7","999.9"," 0","  3.6"," 7","  6.0","999.9","  85.3"," ","  63.0"," "," 0.00","I","999.9","000000"
"41275099999","2024-01-29","21.3833333","57.05","133.0","QARN ALAM, MU","  77.0"," 5","  57.9"," 5","1018.0"," 5","001.3"," 5","999.9"," 0","  3.8"," 5","  6.0","999.9","  88.5","*","  64.8"," "," 0.00","I","999.9","000000"
"41275099999","2024-01-31","21.3833333","57.05","133.0","QARN ALAM, MU","  73.1"," 5","  64.1"," 5","1017.7"," 5","000.9"," 5","999.9"," 0","  7.4"," 5"," 11.1","999.9","  90.5"," ","  66.9"," "," 0.00","I","999.9","000000"
"41275099999","2024-02-01","21.3833333","57.05","133.0","QARN ALAM, MU","  79.8"," 8","  59.8"," 8","1014.8"," 8","998.2"," 8","999.9"," 0"," 13.0"," 8"," 17.1","999.9","  93.6"," ","  68.4"," "," 0.00","I","999.9","000000"
"41275099999","2024-02-02","21.3833333","57.05","133.0","QARN ALAM, MU","  81.6"," 7","  64.2"," 7","1014.1"," 7","997.6"," 7","999.9"," 0"," 15.7"," 7"," 18.1","999.9","  95.2"," ","  70.3"," "," 0.00","I","999.9","000000"
"41275099999","2024-02-07","21.3833333","57.05","133.0","QARN ALAM, MU","  67.2"," 8","  44.7"," 8","1022.3"," 8","005.2"," 8","999.9"," 0"," 13.1"," 8"," 20.0","999.9","  74.8"," ","  61.2","*"," 0.00","I","999.9","000000"
"41275099999","2024-02-08","21.3833333","57.05","133.0","QARN ALAM, MU","  65.7"," 7","  46.1"," 7","1022.5"," 7","005.4"," 7","999.9"," 0"," 12.1"," 7"," 17.1","999.9","  75.2"," ","  59.7"," "," 0.00","I","999.9","000000"
"41275099999","2024-02-09","21.3833333","57.05","133.0","QARN ALAM, MU","  68.3"," 8","  41.5"," 8","1020.5"," 8","003.4"," 8","999.9"," 0"," 10.0"," 8"," 15.0","999.9","  81.7"," ","  57.6"," "," 0.00","I","999.9","000000"
"41275099999","2024-02-10","21.3833333","57.05","133.0","QARN ALAM, MU","  72.2"," 8","  42.2"," 8","1019.9"," 8","003.0"," 8","999.9"," 0","  4.8"," 8","  7.0","999.9","  87.4"," ","  55.9"," "," 0.00","I","999.9","000000"
"41275099999","2024-02-11","21.3833333","57.05","133.0","QARN ALAM, MU","  73.7"," 5","  59.9"," 5","1019.5"," 5","002.7"," 5","999.9"," 0","  8.6"," 5"," 14.0","999.9","  84.6","*","  62.1"," "," 0.00","I","999.9","000000"
"41275099999","2024-02-14","21.3833333","57.05","133.0","QARN ALAM, MU","  72.8"," 5","  52.8"," 5","1018.6"," 5","001.7"," 5","999.9"," 0","  7.4"," 5"," 11.1","999.9","  86.9","*","  56.5"," "," 0.00","I","999.9","000000"
"41275099999","2024-02-17","21.3833333","57.05","133.0","QARN ALAM, MU","  71.8"," 5","  53.6"," 5","1017.9"," 5","001.0"," 5","999.9"," 0","  5.4"," 5","  7.0","999.9","  83.3","*","  57.9"," "," 0.00","I","999.9","000000"
"41275099999","2024-02-25","21.3833333","57.05","133.0","QARN ALAM, MU","  70.3"," 4","  63.3"," 4","1013.9"," 4","997.1"," 4","999.9"," 0","  9.0"," 4"," 13.0","999.9","  77.4","*","  65.5"," "," 0.00","I","999.9","000000"
"41275099999","2024-02-26","21.3833333","57.05","133.0","QARN ALAM, MU","  78.2"," 6","  61.5"," 6","1011.8"," 6","995.2"," 6","999.9"," 0","  7.7"," 6"," 15.0","999.9","  89.1","*","  65.8"," "," 0.00","I","999.9","000000"
"41275099999","2024-03-02","21.3833333","57.05","133.0","QARN ALAM, MU","  72.1"," 4","  41.1"," 4","1017.0"," 4","000.2"," 4","999.9"," 0"," 10.3"," 4"," 14.0","999.9","  82.0"," ","  58.3","*"," 0.01","G","999.9","000000"
"41275099999","2024-03-05","21.3833333","57.05","133.0","QARN ALAM, MU","  76.0"," 5","  62.0"," 5","1015.5"," 5","998.8"," 5","999.9"," 0"," 10.4"," 5"," 15.0","999.9","  85.3","*","  66.9"," "," 0.00","I","999.9","000000"
"41275099999","2024-03-06","21.3833333","57.05","133.0","QARN ALAM, MU","  75.2"," 4","  70.3"," 4","1016.1"," 4","999.4"," 4","999.9"," 0","  8.0"," 4","  9.9","999.9","  83.5","*","  70.0"," "," 0.08","G","999.9","000000"
"41275099999","2024-03-18","21.3833333","57.05","133.0","QARN ALAM, MU","  85.3"," 4","  58.6"," 4","1013.9"," 4","997.5"," 4","999.9"," 0","  8.7"," 4"," 12.0","999.9","  95.0"," ","  76.3","*"," 0.00","G","999.9","000000"
"41275099999","2024-03-19","21.3833333","57.05","133.0","QARN ALAM, MU","  76.4"," 5","  61.3"," 5","1015.1"," 5","998.4"," 5","999.9"," 0","  9.2"," 5"," 15.9","999.9","  93.7"," ","  71.1","*"," 0.00","I","999.9","000000"
"41275099999","2024-03-20","21.3833333","57.05","133.0","QARN ALAM, MU","  81.0"," 6","  55.4"," 6","1014.2"," 6","997.7"," 6","999.9"," 0","  9.4"," 6"," 12.0","999.9","  92.8"," ","  67.1","*"," 0.00","I","999.9","000000"
"41275099999","2024-03-21","21.3833333","57.05","133.0","QARN ALAM, MU","  81.1"," 5","  59.2"," 5","1013.9"," 5","997.4"," 5","999.9"," 0","  3.2"," 5","  4.1","999.9","  95.2","*","  69.1"," "," 0.00","I","999.9","000000"
"41275099999","2024-03-23","21.3833333","57.05","133.0","QARN ALAM, MU","  78.9"," 4","  64.0"," 4","1011.8"," 4","995.2"," 4","999.9"," 0","  5.5"," 4","  9.9","999.9","  90.5","*","  71.8"," "," 0.00","I","999.9","000000"
"41275099999","2024-03-24","21.3833333","57.05","133.0","QARN ALAM, MU","  81.7"," 6","  62.3"," 6","1013.0"," 6","996.5"," 6","999.9"," 0","  8.7"," 6"," 15.0","999.9","  96.4","*","  72.0"," "," 0.00","I","999.9","000000"
"41275099999","2024-03-25","21.3833333","57.05","133.0","QARN ALAM, MU","  83.1"," 5","  66.1"," 5","1014.3"," 5","997.8"," 5","999.9"," 0"," 10.6"," 5"," 15.9","999.9","  95.7","*","  70.2"," "," 0.00","I","999.9","000000"
"41275099999","2024-03-27","21.3833333","57.05","133.0","QARN ALAM, MU","  75.7"," 6","  49.2"," 6","1017.6"," 6","000.8"," 6","999.9"," 0"," 19.7"," 6"," 24.1","999.9","  80.1","*","  71.1"," "," 0.06","G","999.9","000000"
"41275099999","2024-04-03","21.3833333","57.05","133.0","QARN ALAM, MU","  88.1"," 4","  44.6"," 4","1011.4"," 4","995.1"," 4","999.9"," 0","  5.5"," 4","  8.9","999.9","  94.6","*","  73.6"," "," 0.00","G","999.9","000000"
"41275099999","2024-04-04","21.3833333","57.05","133.0","QARN ALAM, MU","  85.1"," 5","  50.6"," 5","1012.7"," 5","996.3"," 5","999.9"," 0","  9.2"," 5"," 13.0","999.9","  94.3","*","  72.5"," "," 0.00","I","999.9","000000"
"41275099999","2024-04-05","21.3833333","57.05","133.0","QARN ALAM, MU","  86.5"," 6","  38.2"," 6","1013.0"," 6","996.6"," 6","999.9"," 0","  8.8"," 6"," 13.0","999.9","  97.3","*","  73.6"," "," 0.00","I","999.9","000000"
"41275099999","2024-04-06","21.3833333","57.05","133.0","QARN ALAM, MU","  82.8"," 6","  25.9"," 6","1012.1"," 6","995.6"," 6","999.9"," 0","  8.6"," 6"," 17.1","999.9","  97.5"," ","  64.8"," "," 0.00","I","999.9","000000"
"41275099999","2024-04-07","21.3833333","57.05","133.0","QARN ALAM, MU","  79.7"," 4","  35.3"," 4","1011.9"," 4","995.4"," 4","999.9"," 0","  6.0"," 4","  8.9","999.9","  95.5","*","  64.6"," "," 0.00","I","999.9","000000"
"41275099999","2024-04-08","21.3833333","57.05","133.0","QARN ALAM, MU","  86.6"," 5","  62.3"," 5","1011.4"," 5","995.1"," 5","999.9"," 0","  7.6"," 5"," 13.0","999.9","  99.5"," ","  70.5"," "," 0.00","I","999.9","000000"
"41275099999","2024-04-10","21.3833333","57.05","133.0","QARN ALAM, MU","  93.1"," 5","  49.4"," 5","1010.0"," 5","993.9"," 5","999.9"," 0"," 10.2"," 5"," 15.0","999.9"," 103.3"," ","  75.9"," "," 0.00","I","999.9","000000"
"41275099999","2024-04-14","21.3833333","57.05","133.0","QARN ALAM, MU","  86.5"," 4","  72.6"," 4","1008.1"," 4","991.8"," 4","999.9"," 0","  9.8"," 4"," 13.0","999.9","  92.8","*","  81.1","*"," 0.00","I","999.9","000000"
"41275099999","2024-04-15","21.3833333","57.05","133.0","QARN ALAM, MU","  78.4"," 6","  75.5"," 6","1012.4"," 6","995.9"," 6","999.9"," 0"," 14.6"," 6"," 17.1","999.9","  81.0"," ","  75.7","*"," 0.02","G","999.9","000000"
"41275099999","2024-04-16","21.3833333","57.05","133.0","QARN ALAM, MU","  82.1"," 8","  73.7"," 8","1009.5"," 8","993.1"," 8","999.9"," 0"," 16.3"," 8"," 22.9","999.9","  95.0"," ","  74.8"," "," 0.13","G","999.9","000000"
"41275099999","2024-04-17","21.3833333","57.05","133.0","QARN ALAM, MU","  83.2"," 6","  66.4"," 6","1009.4"," 6","993.0"," 6","999.9"," 0"," 14.7"," 6"," 19.0","999.9","  88.0","*","  77.5"," "," 0.02","G","999.9","000000"
"41275099999","2024-04-19","21.3833333","57.05","133.0","QARN ALAM, MU","  88.0"," 6","  44.8"," 6","1009.0"," 6","992.7"," 6","999.9"," 0","  6.8"," 6","  8.9","999.9","  97.2"," ","  70.2"," "," 0.00","G","999.9","000000"
"41275099999","2024-04-20","21.3833333","57.05","133.0","QARN ALAM, MU","  92.1"," 4","  44.5"," 4","1008.7"," 4","992.6"," 4","999.9"," 0"," 11.8"," 4"," 18.1","999.9","  99.5"," ","  72.7"," "," 0.00","G","999.9","000000"
"41275099999","2024-04-21","21.3833333","57.05","133.0","QARN ALAM, MU","  88.8"," 4","  42.0"," 4","1009.0"," 4","992.8"," 4","999.9"," 0","  7.8"," 4"," 13.0","999.9","  98.6","*","  67.1"," "," 0.00","G","999.9","000000"
"41275099999","2024-04-25","21.3833333","57.05","133.0","QARN ALAM, MU","  87.8"," 5","  35.4"," 5","1007.6"," 5","991.3"," 5","999.9"," 0","  4.8"," 5","  8.0","999.9"," 100.9","*","  70.0"," "," 0.00","G","999.9","000000"
"41275099999","2024-04-26","21.3833333","57.05","133.0","QARN ALAM, MU","  91.5"," 4","  48.2"," 4","1007.8"," 4","991.6"," 4","999.9"," 0"," 10.0"," 4"," 14.0","999.9"," 101.8","*","  72.1"," "," 0.00","I","999.9","000000"
"41275099999","2024-04-29","21.3833333","57.05","133.0","QARN ALAM, MU","  90.9"," 4","  68.7"," 4","1011.7"," 4","995.5"," 4","999.9"," 0","  6.3"," 4","  9.9","999.9","  99.5","*","  77.0"," "," 0.00","I","999.9","000000"
"41275099999","2024-04-30","21.3833333","57.05","133.0","QARN ALAM, MU","  92.9"," 5","  64.5"," 5","1009.8"," 5","993.7"," 5","999.9"," 0","  8.6"," 5"," 13.0","999.9"," 101.1"," ","  82.8","*"," 0.00","I","999.9","000000"
"41275099999","2024-05-03","21.3833333","57.05","133.0","QARN ALAM, MU","  91.6"," 4","  68.0"," 4","1008.5"," 4","992.4"," 4","999.9"," 0","  8.4"," 4","  9.9","999.9","  96.6","*","  74.1"," "," 0.04","G","999.9","000000"
"41275099999","2024-05-04","21.3833333","57.05","133.0","QARN ALAM, MU","  92.4"," 5","  67.0"," 5","1009.5"," 5","993.3"," 5","999.9"," 0","  7.8"," 5"," 15.0","999.9"," 104.2"," ","  77.5"," "," 0.00","G","999.9","000000"
"41275099999","2024-05-05","21.3833333","57.05","133.0","QARN ALAM, MU","  87.8"," 4","  74.1"," 4","1010.3"," 4","994.1"," 4","999.9"," 0","  4.5"," 4","  6.0","999.9","  98.8","*","  79.5"," "," 0.00","I","999.9","000000"
"41275099999","2024-05-06","21.3833333","57.05","133.0","QARN ALAM, MU","  94.1"," 4","  71.2"," 4","1009.7"," 4","993.6"," 4","999.9"," 0","  4.0"," 4","  6.0","999.9"," 103.8","*","  81.3"," "," 0.00","I","999.9","000000"
"41275099999","2024-05-07","21.3833333","57.05","133.0","QARN ALAM, MU","  88.4"," 5","  75.6"," 5","1009.5"," 5","993.3"," 5","999.9"," 0","  7.2"," 5"," 11.1","999.9"," 101.7","*","  81.3"," "," 0.00","I","999.9","000000"
"41275099999","2024-05-10","21.3833333","57.05","133.0","QARN ALAM, MU","  95.4"," 5","  34.8"," 5","1007.9"," 5","991.8"," 5","999.9"," 0"," 16.4"," 5"," 22.9","999.9"," 105.1","*","  79.5","*"," 0.00","I","999.9","000000"
"41275099999","2024-05-11","21.3833333","57.05","133.0","QARN ALAM, MU","  85.6"," 5","  49.4"," 5","1008.2"," 5","991.9"," 5","999.9"," 0"," 10.2"," 5"," 15.9","999.9"," 104.2","*","  73.2","*"," 0.00","I","999.9","000000"
"41275099999","2024-05-12","21.3833333","57.05","133.0","QARN ALAM, MU","  89.6"," 7","  57.1"," 7","1009.2"," 7","993.0"," 7","999.9"," 0"," 10.1"," 7"," 18.1","999.9"," 104.0"," ","  70.5"," "," 0.00","I","999.9","000000"
"41275099999","2024-05-13","21.3833333","57.05","133.0","QARN ALAM, MU","  91.2"," 6","  63.6"," 6","1009.1"," 6","993.0"," 6","999.9"," 0"," 10.3"," 6"," 15.0","999.9"," 101.8","*","  75.2"," "," 0.00","I","999.9","000000"
"41275099999","2024-05-16","21.3833333","57.05","133.0","QARN ALAM, MU","  97.1"," 4","  56.1"," 4","1010.4"," 4","994.4"," 4","999.9"," 0","  7.2"," 4","  8.0","999.9"," 101.7","*","  73.6"," "," 0.00","I","999.9","000000"
"41275099999","2024-05-17","21.3833333","57.05","133.0","QARN ALAM, MU","  93.5"," 4","  57.3"," 4","1009.8"," 4","993.7"," 4","999.9"," 0","  8.0"," 4"," 11.1","999.9"," 102.9","*","  74.8"," "," 0.00","I","999.9","000000"
"41275099999","2024-05-19","21.3833333","57.05","133.0","QARN ALAM, MU","  97.5"," 6","  52.4"," 6","1004.6"," 6","988.7"," 6","999.9"," 0"," 11.5"," 6"," 13.0","999.9"," 110.1"," ","  83.3"," "," 0.00","I","999.9","000000"
"41275099999","2024-05-20","21.3833333","57.05","133.0","QARN ALAM, MU","  94.6"," 7","  36.6"," 7","1005.7"," 7","989.6"," 7","999.9"," 0","  9.4"," 7"," 13.0","999.9"," 107.4","*","  81.0"," "," 0.00","I","999.9","000000"
"41275099999","2024-05-21","21.3833333","57.05","133.0","QARN ALAM, MU","  94.6"," 5","  33.4"," 5","1006.1"," 5","990.1"," 5","999.9"," 0","  7.6"," 5","  9.9","999.9"," 108.0","*","  75.6"," "," 0.00","I","999.9","000000"
"41275099999","2024-05-22","21.3833333","57.05","133.0","QARN ALAM, MU","  97.0"," 5","  48.7"," 5","1004.6"," 5","988.7"," 5","999.9"," 0","  9.2"," 5"," 15.9","999.9"," 109.8","*","  77.9"," "," 0.00","I","999.9","000000"
"41275099999","2024-05-23","21.3833333","57.05","133.0","QARN ALAM, MU","  98.7"," 6","  44.5"," 6","1003.4"," 6","987.5"," 6","999.9"," 0"," 10.7"," 6"," 13.0","999.9"," 114.8"," ","  80.2"," "," 0.00","I","999.9","000000"
"41275099999","2024-05-24","21.3833333","57.05","133.0","QARN ALAM, MU"," 102.6"," 4","  36.7"," 4","1002.7"," 4","986.9"," 4","999.9"," 0"," 11.0"," 4"," 19.0","999.9"," 113.7","*","  78.1"," "," 0.00","I","999.9","000000"
"41275099999","2024-05-25","21.3833333","57.05","133.0","QARN ALAM, MU"," 101.4"," 4","  41.7"," 4","1001.5"," 4","985.7"," 4","999.9"," 0"," 16.6"," 4"," 19.0","999.9"," 113.0","*","  79.9"," "," 0.00","I","999.9","000000"
"41275099999","2024-05-28","21.3833333","57.05","133.0","QARN ALAM, MU","  96.3"," 4","  69.3"," 4","1003.2"," 4","987.3"," 4","999.9"," 0","  5.2"," 4"," 13.0","999.9"," 110.8","*","  81.9","*"," 0.00","I","999.9","000000"
"41275099999","2024-06-02","21.3833333","57.05","133.0","QARN ALAM, MU"," 102.5"," 4","  54.5"," 4","1001.5"," 4","985.8"," 4","999.9"," 0","  8.8"," 4"," 13.0","999.9"," 118.0","*","  86.5","*"," 0.00","I","999.9","000000"
"41275099999","2024-06-03","21.3833333","57.05","133.0","QARN ALAM, MU","  96.3"," 5","  65.4"," 5","1002.5"," 5","986.6"," 5","999.9"," 0"," 10.8"," 5"," 15.0","999.9"," 112.1","*","  82.0"," "," 0.00","I","999.9","000000"
"41275099999","2024-06-04","21.3833333","57.05","133.0","QARN ALAM, MU","  94.3"," 6","  66.2"," 6","1004.6"," 6","988.7"," 6","999.9"," 0","  8.4"," 6","  9.9","999.9"," 107.4","*","  81.0"," "," 0.00","I","999.9","000000"
"41275099999","2024-06-05","21.3833333","57.05","133.0","QARN ALAM, MU","  94.4"," 6","  67.5"," 6","1005.1"," 6","989.1"," 6","999.9"," 0","  6.5"," 6"," 11.1","999.9"," 106.3","*","  79.7"," "," 0.00","I","999.9","000000"
"41275099999","2024-06-06","21.3833333","57.05","133.0","QARN ALAM, MU","  96.2"," 4","  68.1"," 4","1006.3"," 4","990.4"," 4","999.9"," 0","  3.5"," 4","  6.0","999.9"," 109.6","*","  80.6"," "," 0.00","I","999.9","000000"
"41275099999","2024-06-07","21.3833333","57.05","133.0","QARN ALAM, MU","  95.5"," 4","  70.9"," 4","1004.8"," 4","988.9"," 4","999.9"," 0","  4.2"," 4","  6.0","999.9"," 107.1","*","  79.9"," "," 0.00","I","999.9","000000"
"41275099999","2024-06-09","21.3833333","57.05","133.0","QARN ALAM, MU","  94.6"," 4","  69.8"," 4","1004.2"," 4","988.3"," 4","999.9"," 0","  8.4"," 4","  8.9","999.9"," 104.5","*","  81.3"," "," 0.00","I","999.9","000000"
"41275099999","2024-06-10","21.3833333","57.05","133.0","QARN ALAM, MU","  98.4"," 4","  67.5"," 4","1005.0"," 4","989.1"," 4","999.9"," 0"," 10.7"," 4"," 15.0","999.9"," 104.0","*","  81.1"," "," 0.00","I","999.9","000000"
"41275099999","2024-06-11","21.3833333","57.05","133.0","QARN ALAM, MU","  96.0"," 4","  66.0"," 4","1005.2"," 4","989.3"," 4","999.9"," 0","  7.2"," 4"," 13.0","999.9"," 107.6","*","  79.3"," "," 0.00","I","999.9","000000"
"41275099999","2024-06-12","21.3833333","57.05","133.0","QARN ALAM, MU","  99.6"," 6","  58.5"," 6","1004.0"," 6","988.2"," 6","999.9"," 0","  9.6"," 6"," 14.0","999.9"," 111.2","*","  81.5"," "," 0.00","I","999.9","000000"
"41275099999","2024-06-14","21.3833333","57.05","133.0","QARN ALAM, MU"," 104.9"," 5","  39.8"," 5","1000.2"," 5","984.5"," 5","999.9"," 0","  9.2"," 5"," 18.1","999.9"," 118.4"," ","  83.8"," "," 0.01","G","999.9","000000"
"41275099999","2024-06-15","21.3833333","57.05","133.0","QARN ALAM, MU"," 102.9"," 6","  38.0"," 6"," 999.2"," 6","983.5"," 6","999.9"," 0","  5.3"," 6","  8.0","999.9"," 115.0","*","  81.1"," "," 0.00","G","999.9","000000"
"41275099999","2024-06-16","21.3833333","57.05","133.0","QARN ALAM, MU","  99.0"," 4","  66.7"," 4","1002.2"," 4","986.4"," 4","999.9"," 0"," 10.0"," 4"," 13.0","999.9"," 112.3","*","  83.1"," "," 0.00","I","999.9","000000"
"41275099999","2024-06-17","21.3833333","57.05","133.0","QARN ALAM, MU"," 100.2"," 4","  57.8"," 4","1002.8"," 4","987.0"," 4","999.9"," 0","  7.2"," 4","  8.0","999.9"," 111.0","*","  81.5","*"," 0.00","I","999.9","000000"
"41275099999","2024-06-19","21.3833333","57.05","133.0","QARN ALAM, MU"," 105.8"," 5","  48.4"," 5","1000.2"," 5","984.5"," 5","999.9"," 0"," 12.2"," 5"," 17.1","999.9"," 115.2","*","  82.8"," "," 0.00","I","999.9","000000"
"41275099999","2024-06-22","21.3833333","57.05","133.0","QARN ALAM, MU"," 103.5"," 5","  60.2"," 5"," 996.7"," 5","981.0"," 5","999.9"," 0","  6.8"," 5","  9.9","999.9"," 118.4","*","  87.1","*"," 0.00","I","999.9","000000"
"41275099999","2024-06-23","21.3833333","57.05","133.0","QARN ALAM, MU"," 102.6"," 5","  62.7"," 5"," 998.5"," 5","982.8"," 5","999.9"," 0","  8.4"," 5"," 17.1","999.9"," 116.6","*","  89.8","*"," 0.00","I","999.9","000000"
"41275099999","2024-06-24","21.3833333","57.05","133.0","QARN ALAM, MU"," 103.2"," 6","  62.2"," 6"," 997.4"," 6","981.8"," 6","999.9"," 0","  6.8"," 6"," 14.0","999.9"," 116.6","*","  90.1","*"," 0.00","I","999.9","000000"
"41275099999","2024-06-25","21.3833333","57.05","133.0","QARN ALAM, MU"," 103.3"," 7","  60.8"," 7"," 995.5"," 7","980.0"," 7","999.9"," 0"," 10.1"," 7"," 20.0","999.9"," 119.3"," ","  88.5","*"," 0.00","I","999.9","000000"
"41275099999","2024-06-26","21.3833333","57.05","133.0","QARN ALAM, MU"," 104.4"," 7","  48.7"," 7"," 994.2"," 7","978.6"," 7","999.9"," 0"," 10.0"," 7"," 14.0","999.9"," 119.5"," ","  91.2","*"," 0.00","I","999.9","000000"
"41275099999","2024-06-27","21.3833333","57.05","133.0","QARN ALAM, MU"," 102.5"," 6","  43.2"," 5"," 995.4"," 6","979.7"," 6","999.9"," 0","  9.8"," 6"," 17.1","999.9"," 118.8","*","  85.5"," "," 0.00","I","999.9","000000"
"41275099999","2024-06-28","21.3833333","57.05","133.0","QARN ALAM, MU"," 100.8"," 7","  54.8"," 7"," 995.7"," 7","980.0"," 7","999.9"," 0","  7.0"," 7"," 15.9","999.9"," 115.0","*","  83.7"," "," 0.00","I","999.9","000000"
"41275099999","2024-07-02","21.3833333","57.05","133.0","QARN ALAM, MU"," 104.4"," 7","  44.5"," 7"," 994.2"," 7","978.6"," 7","999.9"," 0"," 13.2"," 7"," 20.0","999.9"," 120.4"," ","  85.1"," "," 0.00","I","999.9","000000"
"41275099999","2024-07-03","21.3833333","57.05","133.0","QARN ALAM, MU"," 107.0"," 4","  48.7"," 4"," 993.7"," 4","978.2"," 4","999.9"," 0"," 20.5"," 4"," 26.0","999.9"," 115.5","*","  85.1","*"," 0.00","I","999.9","000000"
"41275099999","2024-07-05","21.3833333","57.05","133.0","QARN ALAM, MU"," 101.7"," 5","  39.6"," 5"," 997.4"," 5","981.6"," 5","999.9"," 0"," 14.0"," 5"," 19.0","999.9"," 114.3","*","  84.9"," "," 0.00","I","999.9","000000"
"41275099999","2024-07-06","21.3833333","57.05","133.0","QARN ALAM, MU","  98.9"," 7","  45.6"," 7"," 995.8"," 7","980.0"," 7","999.9"," 0","  9.0"," 7"," 14.0","999.9"," 115.5"," ","  83.1"," "," 0.00","I","999.9","000000"
"41275099999","2024-07-07","21.3833333","57.05","133.0","QARN ALAM, MU","  99.9"," 8","  48.3"," 8"," 995.6"," 8","979.9"," 8","999.9"," 0","  8.5"," 8"," 13.0","999.9"," 118.0"," ","  81.9"," "," 0.00","I","999.9","000000"
"41275099999","2024-07-08","21.3833333","57.05","133.0","QARN ALAM, MU","  98.8"," 6","  58.0"," 6"," 996.2"," 6","980.4"," 6","999.9"," 0","  8.1"," 6"," 11.1","999.9"," 118.6","*","  84.7","*"," 0.02","G","999.9","000000"
"41275099999","2024-07-09","21.3833333","57.05","133.0","QARN ALAM, MU","  94.2"," 6","  69.3"," 6"," 998.9"," 6","983.0"," 6","999.9"," 0"," 12.8"," 6"," 19.0","999.9"," 111.9","*","  82.0","*"," 0.00","I","999.9","000000"
"41275099999","2024-07-10","21.3833333","57.05","133.0","QARN ALAM, MU","  90.2"," 5","  74.4"," 5","1001.8"," 5","985.7"," 5","999.9"," 0"," 16.4"," 5"," 21.0","999.9","  99.3","*","  81.0","*"," 0.00","I","999.9","000000"
"41275099999","2024-07-11","21.3833333","57.05","133.0","QARN ALAM, MU","  89.7"," 6","  74.2"," 6","1001.6"," 6","985.5"," 6","999.9"," 0"," 14.3"," 6"," 17.1","999.9","  98.6","*","  81.0"," "," 0.00","I","999.9","000000"
"41275099999","2024-07-12","21.3833333","57.05","133.0","QARN ALAM, MU","  92.8"," 8","  72.7"," 8"," 998.7"," 8","982.7"," 8","999.9"," 0","  7.9"," 8"," 14.0","999.9"," 106.5"," ","  79.2"," "," 0.00","I","999.9","000000"
"41275099999","2024-07-13","21.3833333","57.05","133.0","QARN ALAM, MU","  98.8"," 7","  68.9"," 7"," 996.7"," 7","980.9"," 7","999.9"," 0","  9.6"," 7"," 17.1","999.9"," 112.6"," ","  82.9"," "," 0.00","I","999.9","000000"
"41275099999","2024-07-14","21.3833333","57.05","133.0","QARN ALAM, MU"," 102.1"," 6","  63.7"," 6"," 995.8"," 6","980.0"," 6","999.9"," 0","  7.8"," 6"," 12.0","999.9"," 115.3","*","  85.6"," "," 0.00","I","999.9","000000"
"41275099999","2024-07-15","21.3833333","57.05","133.0","QARN ALAM, MU"," 100.9"," 8","  66.2"," 8"," 996.2"," 8","980.5"," 8","999.9"," 0","  7.6"," 8"," 13.0","999.9"," 118.0"," ","  86.4"," "," 0.00","I","999.9","000000"
"41275099999","2024-07-16","21.3833333","57.05","133.0","QARN ALAM, MU","  95.9"," 8","  69.3"," 8"," 997.7"," 8","981.8"," 8","999.9"," 0"," 12.3"," 8"," 21.0","999.9"," 114.1"," ","  84.4"," "," 0.00","I","999.9","000000"
"41275099999","2024-07-17","21.3833333","57.05","133.0","QARN ALAM, MU","  91.1"," 8","  70.6"," 8"," 999.4"," 8","983.4"," 8","999.9"," 0"," 11.5"," 8"," 15.9","999.9"," 104.4"," ","  80.4"," "," 0.00","I","999.9","000000"
"41275099999","2024-07-18","21.3833333","57.05","133.0","QARN ALAM, MU","  95.0"," 8","  69.1"," 8"," 998.3"," 8","982.4"," 8","999.9"," 0","  8.8"," 8"," 17.1","999.9"," 109.6"," ","  82.9"," "," 0.00","I","999.9","000000"
"41275099999","2024-07-19","21.3833333","57.05","133.0","QARN ALAM, MU","  99.3"," 8","  66.9"," 8"," 995.4"," 8","979.6"," 8","999.9"," 0","  9.0"," 8"," 15.9","999.9"," 113.4"," ","  86.0"," "," 0.00","I","999.9","000000"
"41275099999","2024-07-20","21.3833333","57.05","133.0","QARN ALAM, MU"," 102.7"," 6","  66.5"," 6"," 995.4"," 6","979.8"," 6","999.9"," 0"," 10.3"," 6"," 17.1","999.9"," 115.9"," ","  88.3"," "," 0.00","I","999.9","000000"
"41275099999","2024-07-21","21.3833333","57.05","133.0","QARN ALAM, MU","  95.8"," 8","  70.2"," 8"," 996.8"," 8","980.9"," 8","999.9"," 0","  9.1"," 8"," 14.0","999.9"," 112.3"," ","  84.2"," "," 0.08","G","999.9","000000"
"41275099999","2024-07-22","21.3833333","57.05","133.0","QARN ALAM, MU","  95.4"," 8","  67.7"," 8"," 997.6"," 8","981.7"," 8","999.9"," 0"," 11.0"," 8"," 15.9","999.9"," 110.5"," ","  82.6"," "," 0.00","I","999.9","000000"
"41275099999","2024-07-23","21.3833333","57.05","133.0","QARN ALAM, MU"," 100.9"," 7","  66.6"," 7"," 997.2"," 7","981.4"," 7","999.9"," 0","  8.2"," 7"," 12.0","999.9"," 114.3"," ","  86.0"," "," 0.00","I","999.9","000000"
"41275099999","2024-07-24","21.3833333","57.05","133.0","QARN ALAM, MU"," 100.6"," 8","  47.2"," 8"," 994.9"," 8","979.1"," 8","999.9"," 0","  9.5"," 8"," 13.0","999.9"," 116.6"," ","  85.5"," "," 0.00","I","999.9","000000"
"41275099999","2024-07-25","21.3833333","57.05","133.0","QARN ALAM, MU"," 101.2"," 8","  52.4"," 8"," 994.0"," 8","978.3"," 8","999.9"," 0"," 11.5"," 8"," 17.1","999.9"," 117.5"," ","  85.3"," "," 0.00","I","999.9","000000"
"41275099999","2024-07-26","21.3833333","57.05","133.0","QARN ALAM, MU"," 100.1"," 8","  53.3"," 8"," 996.0"," 8","980.3"," 8","999.9"," 0","  9.5"," 8"," 13.0","999.9"," 117.9"," ","  82.9"," "," 0.00","I","999.9","000000"
"41275099999","2024-07-27","21.3833333","57.05","133.0","QARN ALAM, MU"," 101.6"," 8","  51.3"," 8"," 997.6"," 8","981.8"," 8","999.9"," 0"," 11.0"," 8"," 13.0","999.9"," 118.4"," ","  85.5"," "," 0.00","I","999.9","000000"
"41275099999","2024-07-28","21.3833333","57.05","133.0","QARN ALAM, MU"," 107.2"," 7","  43.2"," 7"," 995.6"," 7","979.9"," 7","999.9"," 0"," 16.5"," 7"," 22.0","999.9"," 118.8"," ","  90.1"," "," 0.00","I","999.9","000000"
"41275099999","2024-07-29","21.3833333","57.05","133.0","QARN ALAM, MU"," 103.6"," 7","  42.2"," 7"," 993.9"," 7","978.2"," 7","999.9"," 0"," 12.8"," 7"," 20.0","999.9"," 117.0"," ","  86.9"," "," 0.00","I","999.9","000000"
"41275099999","2024-07-30","21.3833333","57.05","133.0","QARN ALAM, MU","  98.1"," 8","  64.9"," 8"," 996.5"," 8","980.7"," 8","999.9"," 0"," 12.1"," 8"," 22.9","999.9"," 115.0"," ","  90.5","*"," 0.00","I","999.9","000000"
"41275099999","2024-07-31","21.3833333","57.05","133.0","QARN ALAM, MU","  96.2"," 7","  65.0"," 7"," 999.2"," 7","983.3"," 7","999.9"," 0"," 11.9"," 7"," 21.0","999.9"," 104.5"," ","  88.5"," "," 0.00","I","999.9","000000"
"41275099999","2024-08-01","21.3833333","57.05","133.0","QARN ALAM, MU","  98.1"," 8","  65.3"," 8"," 997.8"," 8","982.0"," 8","999.9"," 0","  8.0"," 8"," 17.1","999.9"," 112.5"," ","  84.9"," "," 0.00","I","999.9","000000"
"41275099999","2024-08-02","21.3833333","57.05","133.0","QARN ALAM, MU"," 100.6"," 7","  63.9"," 7"," 996.0"," 7","980.2"," 7","999.9"," 0"," 13.3"," 7"," 21.0","999.9"," 114.6"," ","  87.8"," "," 0.00","I","999.9","000000"
"41275099999","2024-08-03","21.3833333","57.05","133.0","QARN ALAM, MU","  99.4"," 6","  58.3"," 6"," 996.4"," 6","980.6"," 6","999.9"," 0"," 12.0"," 6"," 17.1","999.9"," 116.4"," ","  84.9"," "," 0.00","I","999.9","000000"
"41275099999","2024-08-04","21.3833333","57.05","133.0","QARN ALAM, MU"," 100.5"," 8","  56.6"," 8"," 996.2"," 8","980.4"," 8","999.9"," 0"," 10.3"," 8"," 14.0","999.9"," 113.5"," ","  84.4"," "," 0.00","I","999.9","000000"
"41275099999","2024-08-05","21.3833333","57.05","133.0","QARN ALAM, MU","  94.8"," 8","  64.9"," 8"," 997.4"," 8","981.4"," 8","999.9"," 0"," 11.8"," 8"," 22.9","999.9"," 110.7"," ","  82.6","*"," 0.00","I","999.9","000000"
"41275099999","2024-08-06","21.3833333","57.05","133.0","QARN ALAM, MU","  89.2"," 8","  68.2"," 8"," 999.1"," 8","983.0"," 8","999.9"," 0"," 13.9"," 8"," 18.1","999.9"," 106.0"," ","  76.8"," "," 0.00","I","999.9","000000"
"41275099999","2024-08-07","21.3833333","57.05","133.0","QARN ALAM, MU","  91.5"," 6","  68.2"," 6"," 999.2"," 6","983.2"," 6","999.9"," 0","  9.8"," 6"," 15.9","999.9"," 106.9"," ","  78.6","*"," 0.00","I","999.9","000000"
"41275099999","2024-08-08","21.3833333","57.05","133.0","QARN ALAM, MU","  93.9"," 7","  68.7"," 7","1000.0"," 7","984.0"," 7","999.9"," 0","  9.1"," 7"," 15.0","999.9"," 106.7"," ","  79.9"," "," 0.00","I","999.9","000000"
"41275099999","2024-08-09","21.3833333","57.05","133.0","QARN ALAM, MU","  90.9"," 8","  69.7"," 8","1001.5"," 8","985.3"," 8","999.9"," 0"," 12.3"," 8"," 21.0","999.9"," 106.3"," ","  78.8"," "," 0.00","I","999.9","000000"
"41275099999","2024-08-10","21.3833333","57.05","133.0","QARN ALAM, MU","  89.6"," 8","  70.1"," 8","1002.0"," 8","985.9"," 8","999.9"," 0"," 12.5"," 8"," 17.1","999.9"," 104.5"," ","  77.4"," "," 0.00","I","999.9","000000"
"41275099999","2024-08-11","21.3833333","57.05","133.0","QARN ALAM, MU","  93.6"," 7","  69.5"," 7","1000.4"," 7","984.4"," 7","999.9"," 0","  9.9"," 7"," 17.1","999.9"," 108.9"," ","  77.9"," "," 0.00","I","999.9","000000"
"41275099999","2024-08-13","21.3833333","57.05","133.0","QARN ALAM, MU","  92.1"," 8","  69.7"," 8","1001.6"," 8","985.6"," 8","999.9"," 0"," 11.1"," 8"," 17.1","999.9"," 107.6"," ","  79.7"," "," 0.00","I","999.9","000000"
"41275099999","2024-08-14","21.3833333","57.05","133.0","QARN ALAM, MU","  89.8"," 7","  70.5"," 7","1002.9"," 7","986.8"," 7","999.9"," 0"," 10.8"," 7"," 15.9","999.9"," 106.9"," ","  79.9"," "," 0.00","I","999.9","000000"
"41275099999","2024-08-15","21.3833333","57.05","133.0","QARN ALAM, MU","  92.0"," 5","  68.6"," 5","1001.4"," 5","985.4"," 5","999.9"," 0","  9.2"," 5"," 12.0","999.9"," 106.7","*","  79.2","*"," 0.00","I","999.9","000000"
"41275099999","2024-08-16","21.3833333","57.05","133.0","QARN ALAM, MU","  97.2"," 4","  67.8"," 4"," 998.0"," 4","982.0"," 4","999.9"," 0","  8.7"," 4"," 14.0","999.9"," 108.5","*","  84.4","*"," 0.00","I","999.9","000000"
"41275099999","2024-08-17","21.3833333","57.05","133.0","QARN ALAM, MU","  94.6"," 8","  69.6"," 8"," 999.0"," 8","983.0"," 8","999.9"," 0"," 13.0"," 8"," 19.0","999.9"," 110.7"," ","  82.4","*"," 0.00","I","999.9","000000"
"41275099999","2024-08-18","21.3833333","57.05","133.0","QARN ALAM, MU","  86.4"," 8","  72.6"," 8","1002.1"," 8","985.9"," 8","999.9"," 0"," 17.1"," 8"," 22.0","999.9"," 101.7"," ","  77.9"," "," 0.00","I","999.9","000000"
"41275099999","2024-08-19","21.3833333","57.05","133.0","QARN ALAM, MU","  85.5"," 8","  72.8"," 8","1003.3"," 8","987.0"," 8","999.9"," 0"," 14.6"," 8"," 17.1","999.9","  96.1"," ","  79.2"," "," 0.00","I","999.9","000000"
"41275099999","2024-08-20","21.3833333","57.05","133.0","QARN ALAM, MU","  87.5"," 5","  72.3"," 5","1002.9"," 5","986.7"," 5","999.9"," 0"," 16.6"," 5"," 20.0","999.9","  93.6","*","  78.3"," "," 0.00","I","999.9","000000"
"41275099999","2024-08-21","21.3833333","57.05","133.0","QARN ALAM, MU","  83.1"," 7","  73.6"," 7","1004.8"," 7","988.4"," 7","999.9"," 0"," 13.7"," 7"," 15.9","999.9","  93.0"," ","  78.4","*"," 0.00","I","999.9","000000"
"41275099999","2024-08-22","21.3833333","57.05","133.0","QARN ALAM, MU","  84.0"," 8","  72.7"," 8","1004.7"," 8","988.4"," 8","999.9"," 0"," 13.3"," 8"," 15.0","999.9","  96.6"," ","  77.2"," "," 0.00","I","999.9","000000"
"41275099999","2024-08-23","21.3833333","57.05","133.0","QARN ALAM, MU","  89.2"," 7","  70.0"," 7","1004.5"," 7","988.3"," 7","999.9"," 0"," 10.5"," 7"," 12.0","999.9"," 103.6","*","  75.6"," "," 0.00","I","999.9","000000"
"41275099999","2024-08-24","21.3833333","57.05","133.0","QARN ALAM, MU","  90.8"," 7","  68.5"," 7","1004.7"," 7","988.6"," 7","999.9"," 0","  8.8"," 7"," 13.0","999.9"," 102.9"," ","  76.8"," "," 0.00","I","999.9","000000"
"41275099999","2024-08-25","21.3833333","57.05","133.0","QARN ALAM, MU","  91.2"," 8","  66.6"," 8","1003.8"," 8","987.6"," 8","999.9"," 0","  7.5"," 8","  9.9","999.9"," 108.1"," ","  75.9"," "," 0.00","I","999.9","000000"
"41275099999","2024-08-26","21.3833333","57.05","133.0","QARN ALAM, MU","  97.5"," 8","  61.2"," 8","1001.1"," 8","985.2"," 8","999.9"," 0","  7.8"," 8"," 17.1","999.9"," 113.5"," ","  80.2"," "," 0.00","I","999.9","000000"
"41275099999","2024-08-27","21.3833333","57.05","133.0","QARN ALAM, MU","  99.3"," 6","  52.5"," 6"," 999.4"," 6","983.5"," 6","999.9"," 0","  6.8"," 6"," 11.1","999.9"," 114.6","*","  84.7","*"," 0.00","I","999.9","000000"
"41275099999","2024-08-28","21.3833333","57.05","133.0","QARN ALAM, MU","  99.2"," 6","  58.6"," 6"," 999.8"," 6","983.9"," 6","999.9"," 0","  6.5"," 6","  8.9","999.9"," 114.6","*","  82.8","*"," 0.00","I","999.9","000000"
"41275099999","2024-08-29","21.3833333","57.05","133.0","QARN ALAM, MU"," 100.5"," 8","  52.7"," 8"," 998.7"," 8","982.8"," 8","999.9"," 0","  8.0"," 8"," 11.1","999.9"," 117.5"," ","  83.7"," "," 0.00","I","999.9","000000"
"41275099999","2024-08-30","21.3833333","57.05","133.0","QARN ALAM, MU","  97.5"," 8","  61.7"," 8"," 998.7"," 8","982.7"," 8","999.9"," 0","  8.4"," 8"," 14.0","999.9"," 116.6"," ","  81.0"," "," 0.00","I","999.9","000000"
"41275099999","2024-08-31","21.3833333","57.05","133.0","QARN ALAM, MU","  90.7"," 8","  67.2"," 8","1000.9"," 8","984.8"," 8","999.9"," 0"," 15.2"," 8"," 22.0","999.9"," 108.3"," ","  79.7"," "," 0.00","I","999.9","000000"
"41275099999","2024-09-01","21.3833333","57.05","133.0","QARN ALAM, MU","  89.0"," 8","  69.5"," 8","1003.5"," 8","987.3"," 8","999.9"," 0"," 13.6"," 8"," 18.1","999.9"," 103.3"," ","  76.3"," "," 0.00","I","999.9","000000"
"41275099999","2024-09-02","21.3833333","57.05","133.0","QARN ALAM, MU","  90.5"," 8","  68.9"," 8","1003.3"," 8","987.1"," 8","999.9"," 0","  9.6"," 8"," 21.0","999.9"," 107.6"," ","  81.7","*"," 0.01","G","999.9","000000"
"41275099999","2024-09-03","21.3833333","57.05","133.0","QARN ALAM, MU","  88.8"," 7","  71.5"," 7","1004.1"," 7","987.9"," 7","999.9"," 0"," 11.5"," 7"," 20.0","999.9"," 104.2","*","  78.6"," "," 0.00","I","999.9","000000"
"41275099999","2024-09-04","21.3833333","57.05","133.0","QARN ALAM, MU","  88.2"," 8","  72.2"," 8","1004.8"," 8","988.6"," 8","999.9"," 0"," 12.2"," 8"," 17.1","999.9"," 102.6"," ","  80.1","*"," 0.00","I","999.9","000000"
"41275099999","2024-09-05","21.3833333","57.05","133.0","QARN ALAM, MU","  88.7"," 8","  70.6"," 8","1003.4"," 8","987.2"," 8","999.9"," 0","  7.4"," 8"," 13.0","999.9"," 102.7"," ","  77.9"," "," 0.00","I","999.9","000000"
"41275099999","2024-09-06","21.3833333","57.05","133.0","QARN ALAM, MU","  91.2"," 8","  69.6"," 8","1003.4"," 8","987.3"," 8","999.9"," 0","  8.3"," 8"," 14.0","999.9"," 106.7"," ","  78.4"," "," 0.00","I","999.9","000000"
"41275099999","2024-09-07","21.3833333","57.05","133.0","QARN ALAM, MU","  89.9"," 8","  69.6"," 8","1004.9"," 8","988.7"," 8","999.9"," 0","  9.8"," 8"," 18.1","999.9"," 106.0"," ","  78.6"," "," 0.00","I","999.9","000000"
"41275099999","2024-09-08","21.3833333","57.05","133.0","QARN ALAM, MU","  88.5"," 8","  70.0"," 8","1006.2"," 8","989.9"," 8","999.9"," 0"," 11.5"," 8"," 21.0","999.9"," 105.6"," ","  77.0"," "," 0.00","I","999.9","000000"
"41275099999","2024-09-09","21.3833333","57.05","133.0","QARN ALAM, MU","  92.1"," 8","  66.3"," 8","1004.6"," 8","988.4"," 8","999.9"," 0","  6.4"," 8"," 13.0","999.9"," 108.0"," ","  76.8"," "," 0.00","I","999.9","000000"
"41275099999","2024-09-10","21.3833333","57.05","133.0","QARN ALAM, MU","  95.5"," 8","  53.3"," 8","1002.5"," 8","986.5"," 8","999.9"," 0","  7.5"," 8"," 11.1","999.9"," 113.4"," ","  79.5"," "," 0.00","I","999.9","000000"
"41275099999","2024-09-11","21.3833333","57.05","133.0","QARN ALAM, MU","  94.8"," 8","  53.6"," 8","1001.9"," 8","985.8"," 8","999.9"," 0","  7.4"," 8"," 14.0","999.9"," 114.1"," ","  80.6"," "," 0.00","I","999.9","000000"
"41275099999","2024-09-12","21.3833333","57.05","133.0","QARN ALAM, MU","  87.8"," 8","  70.0"," 8","1003.1"," 8","986.8"," 8","999.9"," 0"," 13.5"," 8"," 17.1","999.9"," 106.9"," ","  76.6"," "," 0.00","I","999.9","000000"
"41275099999","2024-09-13","21.3833333","57.05","133.0","QARN ALAM, MU","  83.3"," 5","  70.6"," 5","1004.5"," 5","988.1"," 5","999.9"," 0"," 12.2"," 5"," 15.0","999.9","  99.3","*","  75.9"," "," 0.00","I","999.9","000000"
"41275099999","2024-09-14","21.3833333","57.05","133.0","QARN ALAM, MU","  87.0"," 8","  65.3"," 8","1003.5"," 8","987.2"," 8","999.9"," 0"," 10.9"," 8"," 14.0","999.9"," 106.2"," ","  73.2"," "," 0.00","I","999.9","000000"
"41275099999","2024-09-15","21.3833333","57.05","133.0","QARN ALAM, MU","  86.7"," 8","  64.1"," 8","1004.6"," 8","988.3"," 8","999.9"," 0","  9.4"," 8"," 15.0","999.9"," 104.9"," ","  73.4"," "," 0.00","I","999.9","000000"
"41275099999","2024-09-16","21.3833333","57.05","133.0","QARN ALAM, MU","  86.9"," 8","  65.1"," 8","1007.1"," 8","990.8"," 8","999.9"," 0","  8.7"," 8"," 14.0","999.9"," 103.8"," ","  73.9"," "," 0.00","I","999.9","000000"
"41275099999","2024-09-17","21.3833333","57.05","133.0","QARN ALAM, MU","  86.7"," 8","  67.6"," 8","1008.8"," 8","992.5"," 8","999.9"," 0","  7.9"," 8"," 11.1","999.9"," 100.4"," ","  75.2"," "," 0.00","I","999.9","000000"
"41275099999","2024-09-18","21.3833333","57.05","133.0","QARN ALAM, MU","  87.8"," 8","  63.3"," 8","1007.5"," 8","991.2"," 8","999.9"," 0","  5.8"," 8","  9.9","999.9"," 104.2"," ","  73.6"," "," 0.00","I","999.9","000000"
"41275099999","2024-09-19","21.3833333","57.05","133.0","QARN ALAM, MU","  91.3"," 8","  60.8"," 8","1006.9"," 8","990.7"," 8","999.9"," 0","  6.5"," 8","  9.9","999.9"," 108.1"," ","  75.0"," "," 0.00","I","999.9","000000"
"41275099999","2024-09-20","21.3833333","57.05","133.0","QARN ALAM, MU","  94.3"," 8","  55.8"," 8","1006.6"," 8","990.5"," 8","999.9"," 0","  8.5"," 8"," 15.0","999.9"," 109.8"," ","  77.0"," "," 0.00","I","999.9","000000"
"41275099999","2024-09-21","21.3833333","57.05","133.0","QARN ALAM, MU","  92.8"," 8","  59.0"," 8","1006.4"," 8","990.2"," 8","999.9"," 0","  8.7"," 8"," 15.9","999.9"," 110.5"," ","  78.8"," "," 0.00","I","999.9","000000"
"41275099999","2024-09-22","21.3833333","57.05","133.0","QARN ALAM, MU","  88.2"," 8","  66.6"," 8","1006.8"," 8","990.5"," 8","999.9"," 0"," 10.2"," 8"," 21.0","999.9"," 104.9"," ","  77.0"," "," 0.00","I","999.9","000000"
"41275099999","2024-09-23","21.3833333","57.05","133.0","QARN ALAM, MU","  88.1"," 7","  65.7"," 7","1007.9"," 7","991.6"," 7","999.9"," 0","  8.4"," 7"," 13.0","999.9"," 101.3"," ","  75.2"," "," 0.00","I","999.9","000000"
"41275099999","2024-09-24","21.3833333","57.05","133.0","QARN ALAM, MU","  88.3"," 8","  64.7"," 8","1006.5"," 8","990.2"," 8","999.9"," 0","  6.6"," 8"," 11.1","999.9"," 101.7"," ","  74.5"," "," 0.00","I","999.9","000000"
"41275099999","2024-09-25","21.3833333","57.05","133.0","QARN ALAM, MU","  90.5"," 8","  64.2"," 8","1004.4"," 8","988.2"," 8","999.9"," 0","  9.0"," 8"," 13.0","999.9"," 105.4"," ","  77.2"," "," 0.00","I","999.9","000000"
"41275099999","2024-09-26","21.3833333","57.05","133.0","QARN ALAM, MU","  89.8"," 8","  65.9"," 8","1003.8"," 8","987.6"," 8","999.9"," 0","  6.5"," 8"," 12.0","999.9"," 103.8"," ","  76.8"," "," 0.00","I","999.9","000000"
"41275099999","2024-09-27","21.3833333","57.05","133.0","QARN ALAM, MU","  86.0"," 7","  68.7"," 7","1004.9"," 7","988.6"," 7","999.9"," 0","  8.3"," 7"," 15.9","999.9"," 103.1"," ","  76.3"," "," 0.00","I","999.9","000000"
"41275099999","2024-09-28","21.3833333","57.05","133.0","QARN ALAM, MU","  86.3"," 7","  69.5"," 7","1005.9"," 7","989.5"," 7","999.9"," 0","  9.6"," 7"," 18.1","999.9","  98.2","*","  76.3"," "," 0.00","I","999.9","000000"
"41275099999","2024-09-29","21.3833333","57.05","133.0","QARN ALAM, MU","  84.3"," 8","  70.7"," 8","1008.7"," 8","992.3"," 8","999.9"," 0"," 10.5"," 8"," 15.9","999.9","  96.1"," ","  76.1"," "," 0.00","I","999.9","000000"
"41275099999","2024-09-30","21.3833333","57.05","133.0","QARN ALAM, MU","  83.8"," 7","  70.8"," 7","1011.1"," 7","994.6"," 7","999.9"," 0"," 10.3"," 7"," 15.9","999.9","  94.8"," ","  76.1"," "," 0.00","I","999.9","000000"
"41275099999","2024-10-01","21.3833333","57.05","133.0","QARN ALAM, MU","  83.6"," 6","  70.0"," 6","1010.8"," 6","994.3"," 6","999.9"," 0","  9.1"," 6"," 15.0","999.9","  91.8","*","  76.1"," "," 0.00","I","999.9","000000"
"41275099999","2024-10-02","21.3833333","57.05","133.0","QARN ALAM, MU","  87.3"," 7","  68.5"," 7","1010.7"," 7","994.3"," 7","999.9"," 0","  8.0"," 7"," 15.9","999.9","  97.7"," ","  75.0"," "," 0.00","I","999.9","000000"
"41275099999","2024-10-03","21.3833333","57.05","133.0","QARN ALAM, MU","  87.3"," 8","  68.1"," 8","1009.7"," 8","993.3"," 8","999.9"," 0","  8.5"," 8"," 19.0","999.9","  99.9"," ","  75.6"," "," 0.00","I","999.9","000000"
"41275099999","2024-10-04","21.3833333","57.05","133.0","QARN ALAM, MU","  86.7"," 5","  67.0"," 5","1008.2"," 5","991.9"," 5","999.9"," 0","  5.8"," 5"," 12.0","999.9","  99.0","*","  77.7","*"," 0.00","I","999.9","000000"
"41275099999","2024-10-05","21.3833333","57.05","133.0","QARN ALAM, MU","  88.3"," 4","  63.6"," 4","1008.2"," 4","992.0"," 4","999.9"," 0","  6.6"," 4"," 11.1","999.9"," 100.0","*","  76.3","*"," 0.00","I","999.9","000000"
"41275099999","2024-10-06","21.3833333","57.05","133.0","QARN ALAM, MU","  85.3"," 7","  65.7"," 7","1010.5"," 7","994.0"," 7","999.9"," 0","  8.4"," 7","  9.9","999.9","  96.6"," ","  73.6"," "," 0.00","I","999.9","000000"
"41275099999","2024-10-07","21.3833333","57.05","133.0","QARN ALAM, MU","  85.3"," 6","  66.9"," 6","1012.2"," 6","995.8"," 6","999.9"," 0","  7.8"," 6"," 11.1","999.9","  97.5","*","  73.9","*"," 0.00","I","999.9","000000"
"41275099999","2024-10-08","21.3833333","57.05","133.0","QARN ALAM, MU","  82.6"," 5","  70.8"," 5","1013.7"," 5","997.2"," 5","999.9"," 0","  9.8"," 5"," 20.0","999.9","  91.9","*","  76.1","*"," 0.00","I","999.9","000000"
"41275099999","2024-10-09","21.3833333","57.05","133.0","QARN ALAM, MU","  86.2"," 4","  64.5"," 4","1012.1"," 4","995.7"," 4","999.9"," 0","  4.3"," 4","  5.1","999.9","  94.8","*","  75.2","*"," 0.00","I","999.9","000000"
"41275099999","2024-10-10","21.3833333","57.05","133.0","QARN ALAM, MU","  88.9"," 7","  63.5"," 7","1010.8"," 7","994.4"," 7","999.9"," 0","  5.3"," 7","  9.9","999.9","  99.0"," ","  75.6"," "," 0.00","I","999.9","000000"
"41275099999","2024-10-11","21.3833333","57.05","133.0","QARN ALAM, MU","  90.0"," 8","  60.4"," 8","1009.9"," 8","993.6"," 8","999.9"," 0","  6.7"," 8","  9.9","999.9"," 102.2"," ","  78.1"," "," 0.00","I","999.9","000000"
"41275099999","2024-10-12","21.3833333","57.05","133.0","QARN ALAM, MU","  88.1"," 5","  48.6"," 5","1009.8"," 5","993.4"," 5","999.9"," 0","  5.8"," 5","  8.0","999.9"," 101.8","*","  78.1","*"," 0.00","I","999.9","000000"
"41275099999","2024-10-13","21.3833333","57.05","133.0","QARN ALAM, MU","  88.8"," 6","  47.0"," 6","1009.9"," 6","993.6"," 6","999.9"," 0","  4.4"," 6","  6.0","999.9"," 102.2","*","  79.9"," "," 0.00","I","999.9","000000"
"41275099999","2024-10-14","21.3833333","57.05","133.0","QARN ALAM, MU","  87.3"," 7","  61.9"," 7","1009.5"," 7","993.1"," 7","999.9"," 0"," 12.6"," 7"," 28.9","999.9"," 101.8"," ","  73.0"," "," 0.02","G","999.9","000000"
"41275099999","2024-10-15","21.3833333","57.05","133.0","QARN ALAM, MU","  85.1"," 8","  68.4"," 8","1009.3"," 8","992.9"," 8","999.9"," 0"," 14.6"," 8"," 22.0","999.9","  92.8"," ","  77.9"," "," 0.00","I","999.9","000000"
"41275099999","2024-10-16","21.3833333","57.05","133.0","QARN ALAM, MU","  81.4"," 5","  76.0"," 5","1009.7"," 5","993.2"," 5","999.9"," 0"," 18.2"," 5"," 24.1","999.9","  87.4","*","  78.1","*"," 0.00","I","999.9","000000"
"41275099999","2024-10-17","21.3833333","57.05","133.0","QARN ALAM, MU","  82.2"," 4","  75.8"," 4","1011.0"," 4","994.5"," 4","999.9"," 0","  9.5"," 4"," 12.0","999.9","  87.3","*","  78.3","*"," 0.00","I","999.9","000000"
"41275099999","2024-10-18","21.3833333","57.05","133.0","QARN ALAM, MU","  84.8"," 6","  72.0"," 6","1011.2"," 6","994.8"," 6","999.9"," 0","  4.8"," 6","  9.9","999.9","  97.0"," ","  74.7"," "," 0.00","I","999.9","000000"
"41275099999","2024-10-19","21.3833333","57.05","133.0","QARN ALAM, MU","  87.5"," 8","  70.1"," 8","1011.4"," 8","995.0"," 8","999.9"," 0","  4.6"," 8","  9.9","999.9","  99.5"," ","  76.1"," "," 0.00","I","999.9","000000"
"41275099999","2024-10-20","21.3833333","57.05","133.0","QARN ALAM, MU","  84.4"," 5","  66.5"," 5","1011.6"," 5","995.1"," 5","999.9"," 0","  4.4"," 5","  8.9","999.9","  97.5","*","  76.1","*"," 0.00","I","999.9","000000"
"41275099999","2024-10-21","21.3833333","57.05","133.0","QARN ALAM, MU","  84.5"," 4","  68.4"," 4","1011.9"," 4","995.4"," 4","999.9"," 0","  6.3"," 4","  8.0","999.9","  94.5","*","  72.5","*"," 0.00","I","999.9","000000"
"41275099999","2024-10-22","21.3833333","57.05","133.0","QARN ALAM, MU","  83.8","11","  74.7","11","1013.0","11","996.5","11","999.9"," 0"," 10.4","11"," 15.0","999.9","  98.4"," ","  76.6","*"," 0.00","I","999.9","000000"
"41275099999","2024-10-23","21.3833333","57.05","133.0","QARN ALAM, MU","  86.0","23","  72.1","23","1014.0","23","997.6","23","999.9"," 0","  7.9","23"," 13.0","999.9","  97.7"," ","  76.8"," "," 0.00","I","999.9","000000"
"41275099999","2024-10-24","21.3833333","57.05","133.0","QARN ALAM, MU","  84.8","23","  68.6","23","1014.5","23","998.0","23","999.9"," 0","  7.2","23"," 11.1","999.9","  97.7"," ","  76.1"," "," 0.00","I","999.9","000000"
"41275099999","2024-10-25","21.3833333","57.05","133.0","QARN ALAM, MU","  81.9","15","  66.8","15","1015.3","15","998.7","15","999.9"," 0","  4.3","15","  9.9","999.9","  95.4","*","  71.6"," "," 0.00","I","999.9","000000"
"41275099999","2024-10-26","21.3833333","57.05","133.0","QARN ALAM, MU","  81.6","22","  57.0","22","1015.1","22","998.5","22","999.9"," 0","  4.5","22","  8.9","999.9","  97.0"," ","  69.6"," "," 0.00","I","999.9","000000"
"41275099999","2024-10-27","21.3833333","57.05","133.0","QARN ALAM, MU","  83.1","23","  42.5","23","1013.8","23","997.2","23","999.9"," 0","  5.6","23"," 11.1","999.9","  99.3"," ","  66.6"," "," 0.00","I","999.9","000000"
"41275099999","2024-10-28","21.3833333","57.05","133.0","QARN ALAM, MU","  87.0","24","  56.4","24","1011.0","24","994.6","24","999.9"," 0"," 11.6","24"," 15.0","999.9"," 100.2"," ","  74.5"," "," 0.00","I","999.9","000000"
"41275099999","2024-10-29","21.3833333","57.05","133.0","QARN ALAM, MU","  85.4","23","  55.8","23","1011.1","23","994.6","23","999.9"," 0"," 13.1","23"," 19.0","999.9"," 100.8"," ","  72.9"," "," 0.00","I","999.9","000000"
"41275099999","2024-10-30","21.3833333","57.05","133.0","QARN ALAM, MU","  84.5","24","  59.9","24","1012.3","24","995.8","24","999.9"," 0","  5.9","24"," 11.1","999.9","  99.0"," ","  70.5"," "," 0.00","I","999.9","000000"
"41275099999","2024-10-31","21.3833333","57.05","133.0","QARN ALAM, MU","  83.2","24","  54.1","24","1013.9","24","997.3","24","999.9"," 0","  5.5","24","  8.9","999.9","  98.1"," ","  70.7"," "," 0.00","I","999.9","000000"
"41275099999","2024-11-01","21.3833333","57.05","133.0","QARN ALAM, MU","  82.5","21","  55.2","21","1015.5","21","998.9","21","999.9"," 0","  4.2","21","  8.9","999.9","  96.8","*","  68.2","*"," 0.00","I","999.9","000000"
"41275099999","2024-11-02","21.3833333","57.05","133.0","QARN ALAM, MU","  84.0","24","  59.0","24","1015.6","24","999.0","24","999.9"," 0","  4.2","24","  7.0","999.9","  97.5"," ","  70.7"," "," 0.00","I","999.9","000000"
"41275099999","2024-11-03","21.3833333","57.05","133.0","QARN ALAM, MU","  84.6","24","  58.2","24","1014.9","24","998.4","24","999.9"," 0","  4.8","24","  8.0","999.9","  99.3"," ","  69.8"," "," 0.00","I","999.9","000000"
"41275099999","2024-11-04","21.3833333","57.05","133.0","QARN ALAM, MU","  84.1","21","  54.7","21","1013.7","21","997.2","21","999.9"," 0","  5.0","21","  8.0","999.9","  98.6","*","  70.7"," "," 0.00","I","999.9","000000"
"41275099999","2024-11-05","21.3833333","57.05","133.0","QARN ALAM, MU","  83.9","24","  51.7","24","1014.3","24","997.7","24","999.9"," 0","  4.5","24"," 11.1","999.9","  99.5"," ","  67.1"," "," 0.00","I","999.9","000000"
"41275099999","2024-11-06","21.3833333","57.05","133.0","QARN ALAM, MU","  82.0","24","  65.5","24","1016.6","23","999.9","23","999.9"," 0","  7.6","24"," 14.0","999.9","  95.2"," ","  70.2"," "," 0.00","I","999.9","000000"
"41275099999","2024-11-07","21.3833333","57.05","133.0","QARN ALAM, MU","  80.4","24","  60.2","24","1016.8","24","000.1","24","999.9"," 0","  4.3","24","  7.0","999.9","  93.4"," ","  67.6"," "," 0.00","I","999.9","000000"
"41275099999","2024-11-08","21.3833333","57.05","133.0","QARN ALAM, MU","  82.0","23","  55.4","23","1015.3","23","998.6","23","999.9"," 0","  5.7","23","  8.9","999.9","  97.0"," ","  68.7"," "," 0.00","I","999.9","000000"
"41275099999","2024-11-09","21.3833333","57.05","133.0","QARN ALAM, MU","  83.5","24","  51.1","24","1014.7","24","998.1","24","999.9"," 0","  6.4","24","  9.9","999.9","  98.4"," ","  68.7"," "," 0.00","I","999.9","000000"
"41275099999","2024-11-10","21.3833333","57.05","133.0","QARN ALAM, MU","  80.7","23","  54.0","23","1016.3","22","999.6","22","999.9"," 0","  4.3","23","  8.0","999.9","  95.7"," ","  66.0"," "," 0.00","I","999.9","000000"
"41275099999","2024-11-11","21.3833333","57.05","133.0","QARN ALAM, MU","  80.9","23","  45.8","23","1016.1","23","999.4","23","999.9"," 0","  4.8","23","  8.9","999.9","  96.6"," ","  65.3"," "," 0.00","I","999.9","000000"
"41275099999","2024-11-12","21.3833333","57.05","133.0","QARN ALAM, MU","  81.5","23","  44.6","23","1014.6","23","997.9","23","999.9"," 0","  5.8","23","  9.9","999.9","  98.1"," ","  65.8"," "," 0.00","I","999.9","000000"
"41275099999","2024-11-13","21.3833333","57.05","133.0","QARN ALAM, MU","  81.3","22","  47.7","22","1013.0","22","996.3","22","999.9"," 0","  5.0","22","  8.0","999.9","  96.4"," ","  65.3"," "," 0.00","I","999.9","000000"
"41275099999","2024-11-14","21.3833333","57.05","133.0","QARN ALAM, MU","  80.5","23","  51.9","23","1013.9","23","997.2","23","999.9"," 0","  5.3","23","  9.9","999.9","  93.7","*","  66.6"," "," 0.00","I","999.9","000000"
"41275099999","2024-11-15","21.3833333","57.05","133.0","QARN ALAM, MU","  80.6","23","  50.6","23","1015.5","22","998.8","22","999.9"," 0","  5.2","23","  9.9","999.9","  93.9"," ","  65.8"," "," 0.00","I","999.9","000000"
"41275099999","2024-11-16","21.3833333","57.05","133.0","QARN ALAM, MU","  80.0","24","  45.1","24","1015.2","24","998.4","24","999.9"," 0","  6.6","24"," 14.0","999.9","  95.0"," ","  66.2"," "," 0.00","I","999.9","000000"
"41275099999","2024-11-17","21.3833333","57.05","133.0","QARN ALAM, MU","  79.3","20","  45.3","20","1014.3","20","997.6","20","999.9"," 0"," 10.3","20"," 17.1","999.9","  92.3","*","  66.4"," "," 0.00","I","999.9","000000"
"41275099999","2024-11-22","21.3833333","57.05","133.0","QARN ALAM, MU","  78.1","22","  49.3","22","1015.1","21","998.4","21","999.9"," 0","  5.8","22","  8.9","999.9","  92.1"," ","  64.6","*"," 0.00","I","999.9","000000"
"41275099999","2024-11-23","21.3833333","57.05","133.0","QARN ALAM, MU","  77.9","23","  61.4","23","1015.9","23","999.2","23","999.9"," 0","  7.1","23"," 14.0","999.9","  90.7"," ","  66.2"," "," 0.00","I","999.9","000000"
"41275099999","2024-11-24","21.3833333","57.05","133.0","QARN ALAM, MU","  78.7","24","  60.6","24","1015.5","24","998.8","24","999.9"," 0","  4.4","24","  9.9","999.9","  91.0"," ","  66.4"," "," 0.00","I","999.9","000000"
"41275099999","2024-11-25","21.3833333","57.05","133.0","QARN ALAM, MU","  78.0","23","  63.2","23","1016.1","22","999.4","22","999.9"," 0","  6.7","23"," 15.0","999.9","  90.3"," ","  66.6"," "," 0.00","I","999.9","000000"
"41275099999","2024-11-26","21.3833333","57.05","133.0","QARN ALAM, MU","  78.4","20","  62.3","20","1016.7","18","000.0","18","999.9"," 0","  6.2","20","  9.9","999.9","  90.5","*","  67.5","*"," 0.00","I","999.9","000000"
"41275099999","2024-11-27","21.3833333","57.05","133.0","QARN ALAM, MU","  78.8","24","  60.2","24","1015.6","24","998.8","24","999.9"," 0","  5.1","24","  8.0","999.9","  92.1"," ","  66.7"," "," 0.00","I","999.9","000000"
"41275099999","2024-11-28","21.3833333","57.05","133.0","QARN ALAM, MU","  79.8","24","  55.1","24","1015.4","24","998.7","24","999.9"," 0","  4.4","24","  8.0","999.9","  93.4"," ","  66.2"," "," 0.00","I","999.9","000000"
"41275099999","2024-11-29","21.3833333","57.05","133.0","QARN ALAM, MU","  79.7","22","  58.0","22","1016.2","22","999.5","22","999.9"," 0"," 12.3","22"," 15.9","999.9","  93.2","*","  68.2"," "," 0.00","I","999.9","000000"
"41275099999","2024-11-30","21.3833333","57.05","133.0","QARN ALAM, MU","  76.5","19","  51.4","19","1016.4","19","999.5","19","999.9"," 0"," 17.0","19"," 20.0","999.9","  87.6","*","  65.8","*"," 0.00","I","999.9","000000"
"41275099999","2024-12-02","21.3833333","57.05","133.0","QARN ALAM, MU","  70.8","24","  49.0","24","1014.9","24","997.9","24","999.9"," 0"," 13.0","24"," 22.0","999.9","  82.9"," ","  61.0"," "," 0.02","G","999.9","000000"
"41275099999","2024-12-03","21.3833333","57.05","133.0","QARN ALAM, MU","  72.7","18","  53.0","18","1016.4","18","999.5","18","999.9"," 0","  7.1","18"," 12.0","999.9","  83.1","*","  58.3"," "," 0.00","G","999.9","000000"
"41275099999","2024-12-04","21.3833333","57.05","133.0","QARN ALAM, MU","  76.0","24","  51.5","24","1017.6","24","000.7","24","999.9"," 0","  4.9","24","  8.9","999.9","  86.2"," ","  65.7"," "," 0.00","I","999.9","000000"
"41275099999","2024-12-05","21.3833333","57.05","133.0","QARN ALAM, MU","  75.6","24","  45.4","24","1017.8","24","000.9","24","999.9"," 0","  3.9","24","  8.9","999.9","  89.1"," ","  60.6"," "," 0.00","I","999.9","000000"
"41275099999","2024-12-06","21.3833333","57.05","133.0","QARN ALAM, MU","  74.5","24","  46.4","24","1018.0","24","001.0","24","999.9"," 0","  4.7","24","  8.0","999.9","  89.2"," ","  63.0","*"," 0.00","I","999.9","000000"
"41275099999","2024-12-07","21.3833333","57.05","133.0","QARN ALAM, MU","  75.3","23","  49.7","23","1017.8","23","000.9","23","999.9"," 0","  5.0","23","  8.9","999.9","  88.9","*","  58.8"," "," 0.00","I","999.9","000000"
"41275099999","2024-12-08","21.3833333","57.05","133.0","QARN ALAM, MU","  74.0","24","  42.6","24","1019.1","23","002.1","23","999.9"," 0","  7.1","24"," 13.0","999.9","  88.9"," ","  61.0","*"," 0.00","I","999.9","000000"
"41275099999","2024-12-09","21.3833333","57.05","133.0","QARN ALAM, MU","  71.4","24","  37.7","24","1019.2","23","002.1","23","999.9"," 0","  4.5","24"," 13.0","999.9","  85.3"," ","  56.5"," "," 0.00","I","999.9","000000"
"41275099999","2024-12-10","21.3833333","57.05","133.0","QARN ALAM, MU","  71.4","24","  47.6","24","1018.4","24","001.4","24","999.9"," 0","  4.6","24"," 13.0","999.9","  84.9"," ","  56.3"," "," 0.00","I","999.9","000000"
"41275099999","2024-12-11","21.3833333","57.05","133.0","QARN ALAM, MU","  71.6","23","  53.0","23","1019.3","23","002.2","23","999.9"," 0","  6.0","23","  9.9","999.9","  83.1","*","  57.2"," "," 0.00","I","999.9","000000"
"41275099999","2024-12-12","21.3833333","57.05","133.0","QARN ALAM, MU","  72.0","24","  47.4","24","1019.2","23","002.1","23","999.9"," 0","  4.2","24","  8.9","999.9","  84.7"," ","  58.3"," "," 0.00","I","999.9","000000"
"41275099999","2024-12-13","21.3833333","57.05","133.0","QARN ALAM, MU","  71.3","24","  52.5","24","1018.6","24","001.6","24","999.9"," 0","  4.5","24"," 11.1","999.9","  81.3"," ","  58.6"," "," 0.00","I","999.9","000000"
"41275099999","2024-12-14","21.3833333","57.05","133.0","QARN ALAM, MU","  71.0","23","  51.4","23","1018.7","23","001.6","23","999.9"," 0","  4.7","23","  8.0","999.9","  82.8"," ","  58.1"," "," 0.00","I","999.9","000000"
"41275099999","2024-12-15","21.3833333","57.05","133.0","QARN ALAM, MU","  71.0","23","  46.9","23","1020.5","23","003.4","23","999.9"," 0","  8.2","23"," 18.1","999.9","  84.6"," ","  58.6"," "," 0.00","I","999.9","000000"
"41275099999","2024-12-16","21.3833333","57.05","133.0","QARN ALAM, MU","  70.6","24","  46.8","24","1020.8","24","003.7","24","999.9"," 0"," 12.3","24"," 19.0","999.9","  84.7"," ","  59.4"," "," 0.00","I","999.9","000000"
"41275099999","2024-12-17","21.3833333","57.05","133.0","QARN ALAM, MU","  67.2","23","  43.1","23","1019.9","23","002.7","23","999.9"," 0","  9.5","23"," 13.0","999.9","  81.7"," ","  57.7"," "," 0.00","I","999.9","000000"
"41275099999","2024-12-18","21.3833333","57.05","133.0","QARN ALAM, MU","  63.6","18","  47.9","18","1018.7","17","001.3","17","999.9"," 0"," 11.6","18"," 19.0","999.9","  79.7"," ","  56.7"," "," 0.00","I","999.9","000000"
"41275099999","2024-12-19","21.3833333","57.05","133.0","QARN ALAM, MU","  67.0","24","  48.3","24","1017.3","23","000.1","23","999.9"," 0"," 12.5","24"," 19.0","999.9","  79.2"," ","  56.7"," "," 0.00","I","999.9","000000"
"41275099999","2024-12-20","21.3833333","57.05","133.0","QARN ALAM, MU","  68.5","23","  48.8","23","1017.8","22","000.7","22","999.9"," 0","  6.0","23"," 14.0","999.9","  81.1"," ","  56.3"," "," 0.00","I","999.9","000000"
"41275099999","2024-12-21","21.3833333","57.05","133.0","QARN ALAM, MU","  68.4","24","  45.8","24","1016.8","23","999.7","23","999.9"," 0","  5.5","24","  8.9","999.9","  81.1"," ","  57.7"," "," 0.00","I","999.9","000000"
"41275099999","2024-12-22","21.3833333","57.05","133.0","QARN ALAM, MU","  68.1","24","  38.9","24","1016.3","24","999.1","24","999.9"," 0"," 12.3","24"," 19.0","999.9","  82.2"," ","  55.2"," "," 0.00","I","999.9","000000"
"41275099999","2024-12-23","21.3833333","57.05","133.0","QARN ALAM, MU","  64.5","23","  46.1","23","1017.8","23","000.6","23","999.9"," 0","  9.2","23"," 15.9","999.9","  78.6"," ","  53.6"," "," 0.00","I","999.9","000000"
"41275099999","2024-12-24","21.3833333","57.05","133.0","QARN ALAM, MU","  69.5","23","  50.2","23","1018.7","23","001.6","23","999.9"," 0","  4.8","23","  7.0","999.9","  80.6"," ","  52.5"," "," 0.00","I","999.9","000000"
"41275099999","2024-12-25","21.3833333","57.05","133.0","QARN ALAM, MU","  73.2","23","  50.1","23","1019.4","23","002.4","23","999.9"," 0","  4.7","23"," 11.1","999.9","  82.0"," ","  65.5"," "," 0.00","I","999.9","000000"
"41275099999","2024-12-26","21.3833333","57.05","133.0","QARN ALAM, MU","  70.8","21","  49.8","21","1021.5","21","004.4","21","999.9"," 0","  4.6","21","  8.9","999.9","  83.3"," ","  59.5"," "," 0.00","I","999.9","000000"
"41275099999","2024-12-27","21.3833333","57.05","133.0","QARN ALAM, MU","  69.3","20","  46.5","20","1022.3","20","005.1","20","999.9"," 0","  5.9","20"," 11.1","999.9","  81.3","*","  58.5","*"," 0.00","I","999.9","000000"
"41275099999","2024-12-28","21.3833333","57.05","133.0","QARN ALAM, MU","  69.3","20","  42.3","20","1022.1","20","004.9","20","999.9"," 0","  4.5","20","  9.9","999.9","  81.3","*","  54.5","*"," 0.00","I","999.9","000000"
"41275099999","2024-12-29","21.3833333","57.05","133.0","QARN ALAM, MU","  69.1","23","  45.9","23","1021.2","23","004.0","23","999.9"," 0","  3.3","23","  8.9","999.9","  82.8"," ","  55.0"," "," 0.00","I","999.9","000000"
"41275099999","2024-12-30","21.3833333","57.05","133.0","QARN ALAM, MU","  68.7","23","  50.8","23","1020.0","23","002.8","23","999.9"," 0","  4.0","23","  8.0","999.9","  82.9"," ","  54.7"," "," 0.00","I","999.9","000000"
"41275099999","2024-12-31","21.3833333","57.05","133.0","QARN ALAM, MU","  68.8","21","  54.0","21","1019.2","21","002.0","21","999.9"," 0","  4.7","21","  7.0","999.9","  80.2","*","  56.8","*"," 0.00","I","999.9","000000"
