DATE,TEMP,MAX,MIN,STP,VISIB,WDSP,MXSPD,GUST,LATITUDE,LONGITUDE,ELEVATION,PET_Est,DaylightDuration,DailyRadiation,Geo_Zoning_Season,Geo_Zoning_Continentality,Geo_Zoning_Lat_Abs,Geo_Zoning_Lat_2,Geo_Zoning_Atmos_Thickness,Geo_Zoning_Atmos_Log_Elevation,Geo_Spatial_X,Geo_Spatial_Y,Geo_Spatial_Z,Terrain_Slope,Terrain_Aspect,DEWP
2019-01-01,36.0,40.3,32.2,37.7,5.5,2.9,3.9,37.21682010514094,31.4333333,119.4833333,8.0,29.99242199930353,9.997473999767843,19.114922594412665,0.017213356155834685,0.9953031849963362,31.4333333,988.054442348889,0.9990480724184196,2.1972245773362196,-2675.457822111319,4732.066916815046,3322.51548331801,89.99408913382499,21.80140948635181,25.6
2019-01-02,37.6,39.0,32.0,35.0,2.2,3.3,5.8,15.793293070306635,31.4333333,119.4833333,8.0,31.351210864040887,10.005705594906665,19.167924067472754,0.03442161162274574,0.9953031849963362,31.4333333,988.054442348889,0.9990480724184196,2.1972245773362196,-2675.457822111319,4732.066916815046,3322.51548331801,89.99408913382499,21.80140948635181,29.1
2019-01-03,42.4,44.8,37.0,30.9,1.8,4.4,5.8,173.21241464692497,31.4333333,119.4833333,8.0,35.384912918407345,10.014597995775663,19.225102473489407,0.051619667223253764,0.9953031849963362,31.4333333,988.054442348889,0.9990480724184196,2.1972245773362196,-2675.457822111319,4732.066916815046,3322.51548331801,89.99408913382499,21.80140948635181,37.0
2019-01-04,43.1,45.9,40.6,27.4,0.9,3.4,3.9,-95.45558413154257,31.4333333,119.4833333,8.0,36.00338881638465,10.024145378111736,19.28643712317854,0.06880242680231986,0.9953031849963362,31.4333333,988.054442348889,0.9990480724184196,2.1972245773362196,-2675.457822111319,4732.066916815046,3322.51548331801,89.99408913382499,21.80140948635181,42.4
2019-01-05,40.1,41.4,38.5,28.7,0.9,2.9,3.9,9.338547687194824,31.4333333,119.4833333,8.0,33.53142463006042,10.034341535180177,19.351905626887298,0.08596479873744647,0.9953031849963362,31.4333333,988.054442348889,0.9990480724184196,2.1972245773362196,-2675.457822111319,4732.066916815046,3322.51548331801,89.99408913382499,21.80140948635181,39.4
2019-01-06,39.4,41.2,37.4,29.3,1.3,1.9,1.9,-80.58916731747048,31.4333333,119.4833333,8.0,32.981673976502144,10.045179891320451,19.42148388632337,0.10310169744743485,0.9953031849963362,31.4333333,988.054442348889,0.9990480724184196,2.1972245773362196,-2675.457822111319,4732.066916815046,3322.51548331801,89.99408913382499,21.80140948635181,37.5
2019-01-07,41.4,42.6,39.4,28.3,1.3,2.7,3.9,-55.40078060929729,31.4333333,119.4833333,8.0,34.69545463062364,10.056653516122793,19.495146086411168,0.1202080448993527,0.9953031849963362,31.4333333,988.054442348889,0.9990480724184196,2.1972245773362196,-2675.457822111319,4732.066916815046,3322.51548331801,89.99408913382499,21.80140948635181,40.2
2019-01-08,39.7,42.6,33.8,32.7,1.7,3.6,5.8,-6.569899469591688,31.4333333,119.4833333,8.0,33.310798252103304,10.068755139174801,19.572864687382257,0.13727877211326478,0.9953031849963362,31.4333333,988.054442348889,0.9990480724184196,2.1972245773362196,-2675.457822111319,4732.066916815046,3322.51548331801,89.99408913382499,21.80140948635181,33.3
2019-01-09,35.9,38.3,33.4,29.6,0.7,3.4,5.8,-53.92777975229153,31.4333333,119.4833333,8.0,30.160419186236794,10.08147716531592,19.65461041721133,0.15430882066428117,0.9953031849963362,31.4333333,988.054442348889,0.9990480724184196,2.1972245773362196,-2675.457822111319,4732.066916815046,3322.51548331801,89.99408913382499,21.80140948635181,35.3
2019-01-10,40.3,41.2,34.0,25.9,1.1,2.2,3.9,129.37466187166967,31.4333333,119.4833333,8.0,33.9017425933805,10.094811690336625,19.74035226451114,0.1712931441814776,0.9953031849963362,31.4333333,988.054442348889,0.9990480724184196,2.1972245773362196,-2675.457822111319,4732.066916815046,3322.51548331801,89.99408913382499,21.80140948635181,39.3
2019-01-11,41.9,43.7,40.1,23.0,2.3,2.9,3.9,118.38766674855823,31.4333333,119.4833333,8.0,35.29638722206308,10.108750517058638,19.830057472001915,0.1882267098432442,0.9953031849963362,31.4333333,988.054442348889,0.9990480724184196,2.1972245773362196,-2675.457822111319,4732.066916815046,3322.51548331801,89.99408913382499,21.80140948635181,41.1
2019-01-12,40.2,42.6,38.1,26.4,3.0,2.5,5.8,-14.512127248781177,31.4333333,119.4833333,8.0,33.91300532530296,10.123285171732228,19.923691530671945,0.2051044998686192,0.9953031849963362,31.4333333,988.054442348889,0.9990480724184196,2.1972245773362196,-2675.457822111319,4732.066916815046,3322.51548331801,89.99408913382499,21.80140948635181,35.8
2019-01-13,38.0,44.4,32.5,26.9,1.3,3.1,5.8,37.38913835013295,31.4333333,119.4833333,8.0,32.10495524884198,10.138406920686942,20.02121817474682,0.2219215130041655,0.9953031849963362,31.4333333,988.054442348889,0.9990480724184196,2.1972245773362196,-2675.457822111319,4732.066916815046,3322.51548331801,89.99408913382499,21.80140948635181,33.3
2019-01-14,43.6,47.3,32.2,25.0,1.3,3.6,7.8,20.89723669476638,31.4333333,119.4833333,8.0,36.89325466006027,10.154106787172552,20.12259937758446,0.2386727660059501,0.9953031849963362,31.4333333,988.054442348889,0.9990480724184196,2.1972245773362196,-2675.457822111319,4732.066916815046,3322.51548331801,89.99408913382499,21.80140948635181,39.2
2019-01-15,39.4,43.3,33.6,30.5,3.8,4.6,5.8,73.49463928855576,31.4333333,119.4833333,8.0,33.39273311601029,10.170375568328007,20.227795348612812,0.255353295116187,0.9953031849963362,31.4333333,988.054442348889,0.9990480724184196,2.1972245773362196,-2675.457822111319,4732.066916815046,3322.51548331801,89.99408913382499,21.80140948635181,33.2
2019-01-16,34.5,41.0,28.6,29.5,4.3,2.4,3.9,32.71392695669041,31.4333333,119.4833333,8.0,29.288211075124803,10.187203852217323,20.33676453142545,0.2719581575341055,0.9953031849963362,31.4333333,988.054442348889,0.9990480724184196,2.1972245773362196,-2675.457822111319,4732.066916815046,3322.51548331801,89.99408913382499,21.80140948635181,27.5
2019-01-17,36.3,48.0,27.9,28.4,3.3,3.5,5.8,-217.12546105876424,31.4333333,119.4833333,8.0,30.868860655490625,10.204582034872935,20.449463603148697,0.288482432880609,0.9953031849963362,31.4333333,988.054442348889,0.9990480724184196,2.1972245773362196,-2675.457822111319,4732.066916815046,3322.51548331801,89.99408913382499,21.80140948635181,27.3
2019-01-18,42.4,52.5,27.3,22.8,2.2,6.3,7.8,63.808423298363074,31.4333333,119.4833333,8.0,36.11950119175371,10.222500337288787,20.565847475191177,0.30492122465628907,0.9953031849963362,31.4333333,988.054442348889,0.9990480724184196,2.1972245773362196,-2675.457822111319,4732.066916815046,3322.51548331801,89.99408913382499,21.80140948635181,33.7
2019-01-19,44.9,48.2,36.9,23.5,1.6,4.1,5.8,57.31198225563517,31.4333333,119.4833333,8.0,38.3182168434674,10.240948822307546,20.68586929548391,0.3212696616923644,0.9953031849963362,31.4333333,988.054442348889,0.9990480724184196,2.1972245773362196,-2675.457822111319,4732.066916815046,3322.51548331801,89.99408913382499,21.80140948635181,39.2
2019-01-20,38.9,47.1,29.8,30.5,4.3,3.6,5.8,15.353522985730299,31.4333333,119.4833333,8.0,33.25923227512164,10.259917411348578,20.809480452315213,0.3375228995941133,0.9953031849963362,31.4333333,988.054442348889,0.9990480724184196,2.1972245773362196,-2675.457822111319,4732.066916815046,3322.51548331801,89.99408913382499,21.80140948635181,28.8
2019-01-21,38.8,48.2,29.8,26.8,4.2,3.5,5.8,100.21778072252815,31.4333333,119.4833333,8.0,33.23671341299358,10.27939590092585,20.936630579860907,0.3536761221763716,0.9953031849963362,31.4333333,988.054442348889,0.9990480724184196,2.1972245773362196,-2675.457822111319,4732.066916815046,3322.51548331801,89.99408913382499,21.80140948635181,27.7
2019-01-22,40.1,52.9,28.9,23.7,3.2,6.3,9.7,108.25531126382631,31.4333333,119.4833333,8.0,34.41707471284934,10.299373978907534,21.067267565505308,0.3697245428906731,0.9953031849963362,31.4333333,988.054442348889,0.9990480724184196,2.1972245773362196,-2675.457822111319,4732.066916815046,3322.51548331801,89.99408913382499,21.80140948635181,25.9
2019-01-23,42.4,57.9,28.6,24.0,3.5,2.7,5.8,17.88396419593809,31.4333333,119.4833333,8.0,36.46343904966761,10.319841240471966,21.201337559043903,0.38566340624360707,0.9953031849963362,31.4333333,988.054442348889,0.9990480724184196,2.1972245773362196,-2675.457822111319,4732.066916815046,3322.51548331801,89.99408913382499,21.80140948635181,28.1
2019-01-24,42.2,56.7,29.7,23.2,1.8,3.9,7.8,34.915526989996295,31.4333333,119.4833333,8.0,36.365101666406574,10.34078720371751,21.338784983852815,0.401487989205973,0.9953031849963362,31.4333333,988.054442348889,0.9990480724184196,2.1972245773362196,-2675.457822111319,4732.066916815046,3322.51548331801,89.99408913382499,21.80140948635181,31.0
2019-01-25,42.5,53.4,32.5,30.4,5.9,5.8,9.7,199.33710132370643,31.4333333,119.4833333,8.0,36.69946302564091,10.362201324886845,21.47955255010442,0.4171936026123168,0.9953031849963362,31.4333333,988.054442348889,0.9990480724184196,2.1972245773362196,-2675.457822111319,4732.066916815046,3322.51548331801,89.99408913382499,21.80140948635181,32.8
2019-01-26,35.3,43.3,28.8,33.7,9.6,3.9,5.8,-20.507707285172646,31.4333333,119.4833333,8.0,30.546481447073397,10.384073013169427,21.62358127010227,0.4327755925504312,0.9953031849963362,31.4333333,988.054442348889,0.9990480724184196,2.1972245773362196,-2675.457822111319,4732.066916815046,3322.51548331801,89.99408913382499,21.80140948635181,24.7
2019-01-27,42.7,50.4,27.5,25.8,5.5,3.9,5.8,-17.22984336565279,31.4333333,119.4833333,8.0,37.02941027029874,10.406391645048824,21.77081047580194,0.4482293417404106,0.9953031849963362,31.4333333,988.054442348889,0.9990480724184196,2.1972245773362196,-2675.457822111319,4732.066916815046,3322.51548331801,89.99408913382499,21.80140948635181,31.7
2019-01-28,42.0,44.4,38.8,26.6,1.3,3.1,3.9,-49.31118688524857,31.4333333,119.4833333,8.0,36.50201302357727,10.429146578164934,21.921177838577513,0.4635502709028509,0.9953031849963362,31.4333333,988.054442348889,0.9990480724184196,2.1972245773362196,-2675.457822111319,4732.066916815046,3322.51548331801,89.99408913382499,21.80140948635181,37.3
2019-01-29,44.5,46.9,40.5,24.7,1.6,4.2,7.8,99.96390067916253,31.4333333,119.4833333,8.0,38.76071323562955,10.45232716466415,22.074619391286284,0.47873384011578846,0.9953031849963362,31.4333333,988.054442348889,0.9990480724184196,2.1972245773362196,-2675.457822111319,4732.066916815046,3322.51548331801,89.99408913382499,21.80140948635181,40.5
2019-01-30,45.2,48.2,41.2,20.3,1.3,4.6,7.8,60.120549526062526,31.4333333,119.4833333,8.0,39.45930907778478,10.475922764013658,22.231069552677234,0.49377555015997715,0.9953031849963362,31.4333333,988.054442348889,0.9990480724184196,2.1972245773362196,-2675.457822111319,4732.066916815046,3322.51548331801,89.99408913382499,21.80140948635181,43.9
2019-01-31,36.8,44.1,34.7,30.4,10.3,4.1,5.8,-67.88078934713731,31.4333333,119.4833333,8.0,32.199763116128196,10.499922755259195,22.390461154180702,0.5086709438521044,0.9953031849963362,31.4333333,988.054442348889,0.9990480724184196,2.1972245773362196,-2675.457822111319,4732.066916815046,3322.51548331801,89.99408913382499,21.80140948635181,31.4
2019-02-01,36.6,44.8,31.5,24.9,1.8,2.9,5.8,152.98537912557194,31.4333333,119.4833333,8.0,32.099165473560994,10.524316548708523,22.55272546910983,0.5234156073655503,0.9953031849963362,31.4333333,988.054442348889,0.9990480724184196,2.1972245773362196,-2675.457822111319,4732.066916815046,3322.51548331801,89.99408913382499,21.80140948635181,31.3
2019-02-02,45.5,48.0,31.1,13.6,2.0,2.3,3.9,50.183814863257304,31.4333333,119.4833333,8.0,39.99864655538981,10.549093597025884,22.71779224429566,0.5380051715382996,0.9953031849963362,31.4333333,988.054442348889,0.9990480724184196,2.1972245773362196,-2675.457822111319,4732.066916815046,3322.51548331801,89.99408913382499,21.80140948635181,40.4
2019-02-03,41.6,47.8,33.1,23.9,1.1,4.4,7.8,85.1807670858027,31.4333333,119.4833333,8.0,36.65737713984835,10.574243405725484,22.885589734170672,0.5524353131676196,0.9953031849963362,31.4333333,988.054442348889,0.9990480724184196,2.1972245773362196,-2675.457822111319,4732.066916815046,3322.51548331801,89.99408913382499,21.80140948635181,38.7
2019-02-04,42.8,50.9,32.5,23.5,1.6,4.4,7.8,-94.40248793020808,31.4333333,119.4833333,8.0,37.805794770229014,10.599755543054863,23.056044737306934,0.5667017562911176,0.9953031849963362,31.4333333,988.054442348889,0.9990480724184196,2.1972245773362196,-2675.457822111319,4732.066916815046,3322.51548331801,89.99408913382499,21.80140948635181,37.1
2019-02-05,45.8,55.6,36.1,16.1,0.9,43.4037230076486,-2.4561642039504576,10.115421809769542,31.4333333,119.4833333,8.0,40.55444832801487,10.62561964926154,23.229082635407448,0.5808002734538009,0.9953031849963362,31.4333333,988.054442348889,0.9990480724184196,2.1972245773362196,-2675.457822111319,4732.066916815046,3322.51548331801,89.99408913382499,21.80140948635181,41.5
2019-02-06,54.5,64.8,39.7,12.8,3.3,6.9,9.7,53.80457796312709,31.4333333,119.4833333,8.0,48.37704056379348,10.65182544523893,23.404627434741133,0.5947266869607634,0.9953031849963362,31.4333333,988.054442348889,0.9990480724184196,2.1972245773362196,-2675.457822111319,4732.066916815046,3322.51548331801,89.99408913382499,21.80140948635181,49.2
2019-02-07,37.4,51.8,30.4,26.5,3.7,7.0,13.6,33.140509836964895,31.4333333,119.4833333,8.0,33.280897208046895,10.678362740549806,23.58260181000388,0.6084768701151261,0.9953031849963362,31.4333333,988.054442348889,0.9990480724184196,2.1972245773362196,-2675.457822111319,4732.066916815046,3322.51548331801,89.99408913382499,21.80140948635181,33.1
2019-02-08,33.2,34.9,30.4,26.3,4.9,3.9,5.8,42.372873558879675,31.4333333,119.4833333,8.0,29.61777931962371,10.705221440827847,23.76292715058011,0.6220467484408675,0.9953031849963362,31.4333333,988.054442348889,0.9990480724184196,2.1972245773362196,-2675.457822111319,4732.066916815046,3322.51548331801,89.99408913382499,21.80140948635181,31.1
2019-02-09,33.3,34.9,32.4,31.3,6.0,3.6,7.8,77.10003348945916,31.4333333,119.4833333,8.0,29.782386563903838,10.732391554559943,23.945523609171676,0.6354323008901774,0.9953031849963362,31.4333333,988.054442348889,0.9990480724184196,2.1972245773362196,-2675.457822111319,4732.066916815046,3322.51548331801,89.99408913382499,21.80140948635181,29.8
2019-02-10,33.2,34.3,32.2,33.0,4.2,4.2,7.8,-4.691667724279263,31.4333333,119.4833333,8.0,29.76895485126879,10.759863199253779,24.1303101527528,0.6486295610349814,0.9953031849963362,31.4333333,988.054442348889,0.9990480724184196,2.1972245773362196,-2675.457822111319,4732.066916815046,3322.51548331801,89.99408913382499,21.80140948635181,30.4
2019-02-11,35.3,38.8,31.8,32.6,4.8,2.5,3.9,79.64425153343016,31.4333333,119.4833333,8.0,31.733601602249863,10.787626606997122,24.317204615802442,0.6616346182422783,0.9953031849963362,31.4333333,988.054442348889,0.9990480724184196,2.1972245773362196,-2675.457822111319,4732.066916815046,3322.51548331801,89.99408913382499,21.80140948635181,29.7
2019-02-12,38.3,39.9,31.3,29.2,1.1,3.9,7.8,-49.78572053674253,31.4333333,119.4833333,8.0,34.520020213055275,10.815672129416798,24.50612375575781,0.6744436188329455,0.9953031849963362,31.4333333,988.054442348889,0.9990480724184196,2.1972245773362196,-2675.457822111319,4732.066916815046,3322.51548331801,89.99408913382499,21.80140948635181,37.2
2019-02-13,39.6,43.0,36.5,29.5,1.7,4.6,7.8,-24.01202319859065,31.4333333,119.4833333,8.0,35.78516779875491,10.843990242046942,24.696983310625466,0.6870527672236669,0.9953031849963362,31.4333333,988.054442348889,0.9990480724184196,2.1972245773362196,-2675.457822111319,4732.066916815046,3322.51548331801,89.99408913382499,21.80140948635181,38.4
2019-02-14,40.4,41.7,36.0,27.2,1.6,4.6,7.8,-97.83629134242139,31.4333333,119.4833333,8.0,36.60432421199516,10.872571548117376,24.889698058679336,0.699458327051647,0.9953031849963362,31.4333333,988.054442348889,0.9990480724184196,2.1972245773362196,-2675.457822111319,4732.066916815046,3322.51548331801,89.99408913382499,21.80140948635181,39.6
2019-02-15,40.1,41.2,39.4,26.7,1.5,3.2,3.9,-12.012076977935134,31.4333333,119.4833333,8.0,36.428867662429106,10.901406781774295,25.08418188016797,0.7116566222817746,0.9953031849963362,31.4333333,988.054442348889,0.9990480724184196,2.1972245773362196,-2675.457822111319,4732.066916815046,3322.51548331801,89.99408913382499,21.80140948635181,39.1
2019-02-16,38.2,41.0,35.8,28.8,7.4,4.1,5.8,-6.019571132508732,31.4333333,119.4833333,8.0,34.79538301420944,10.93048681074642,25.280347820946893,0.7236440382959124,0.9953031849963362,31.4333333,988.054442348889,0.9990480724184196,2.1972245773362196,-2675.457822111319,4732.066916815046,3322.51548331801,89.99408913382499,21.80140948635181,29.7
2019-02-17,39.5,42.3,35.2,26.4,6.7,3.6,5.8,71.12850178737988,31.4333333,119.4833333,8.0,36.07601701829988,10.95980263847085,25.478108157945055,0.7354170229639855,0.9953031849963362,31.4333333,988.054442348889,0.9990480724184196,2.1972245773362196,-2675.457822111319,4732.066916815046,3322.51548331801,89.99408913382499,21.80140948635181,30.8
2019-02-18,41.4,43.0,38.1,19.0,2.5,4.9,9.7,45.18496806512654,31.4333333,119.4833333,8.0,37.91324164964278,10.989345405693559,25.67737446636872,0.7469720876965552,0.9953031849963362,31.4333333,988.054442348889,0.9990480724184196,2.1972245773362196,-2675.457822111319,4732.066916815046,3322.51548331801,89.99408913382499,21.80140948635181,40.4
2019-02-19,40.1,42.6,37.9,23.6,3.5,3.4,5.8,3.228130117051803,31.4333333,119.4833333,8.0,36.8221805251307,11.019106391560308,25.87805768853963,0.7583058084785624,0.9953031849963362,31.4333333,988.054442348889,0.9990480724184196,2.1972245773362196,-2675.457822111319,4732.066916815046,3322.51548331801,89.99408913382499,21.80140948635181,36.4
2019-02-20,40.2,41.4,37.8,26.6,0.9,3.2,5.8,39.33116412966355,31.4333333,119.4833333,8.0,37.014407997617596,11.049077014214207,26.08006820425933,0.7694148268839378,0.9953031849963362,31.4333333,988.054442348889,0.9990480724184196,2.1972245773362196,-2675.457822111319,4732.066916815046,3322.51548331801,89.99408913382499,21.80140948635181,38.6
2019-02-21,41.0,42.8,39.0,25.1,0.8,3.9,5.8,-94.03009985406027,31.4333333,119.4833333,8.0,37.85410017229903,11.07924883091679,26.28331590258564,0.7802958510707755,0.9953031849963362,31.4333333,988.054442348889,0.9990480724184196,2.1972245773362196,-2675.457822111319,4732.066916815046,3322.51548331801,89.99408913382499,21.80140948635181,39.9
2019-02-22,38.5,40.5,35.4,25.9,1.6,3.5,3.9,-49.94456170497742,31.4333333,119.4833333,8.0,35.643343433485285,11.109613537709699,26.48771025490265,0.7909456567567772,0.9953031849963362,31.4333333,988.054442348889,0.9990480724184196,2.1972245773362196,-2675.457822111319,4732.066916815046,3322.51548331801,89.99408913382499,21.80140948635181,36.2
2019-02-23,39.0,44.8,31.5,25.1,0.8,2.4,3.9,32.02743080536531,31.4333333,119.4833333,8.0,36.205529648062125,11.1401629686345,26.693160389160766,0.8013610881746766,0.9953031849963362,31.4333333,988.054442348889,0.9990480724184196,2.1972245773362196,-2675.457822111319,4732.066916815046,3322.51548331801,89.99408913382499,21.80140948635181,35.1
2019-02-24,42.7,54.1,30.6,22.4,1.9,2.9,3.9,34.9516382429468,31.4333333,119.4833333,8.0,39.74974702802965,11.170889094528238,26.89957516515926,0.8115390590073611,0.9953031849963362,31.4333333,988.054442348889,0.9990480724184196,2.1972245773362196,-2675.457822111319,4732.066916815046,3322.51548331801,89.99408913382499,21.80140948635181,33.2
2019-02-25,47.1,58.1,35.8,22.9,1.8,3.6,5.8,63.73211987698472,31.4333333,119.4833333,8.0,43.96700228404419,11.201784021412532,27.106863250739565,0.8214765533024142,0.9953031849963362,31.4333333,988.054442348889,0.9990480724184196,2.1972245773362196,-2675.457822111319,4732.066916815046,3322.51548331801,89.99408913382499,21.80140948635181,35.0
2019-02-26,45.5,50.0,39.6,21.3,3.8,5.3,7.8,0.39228860395816056,31.4333333,119.4833333,8.0,42.59118495637306,11.232839988493994,27.314933198754147,0.8311706263658079,0.9953031849963362,31.4333333,988.054442348889,0.9990480724184196,2.1972245773362196,-2675.457822111319,4732.066916815046,3322.51548331801,89.99408913382499,21.80140948635181,40.7
2019-02-27,44.5,46.0,43.2,20.3,2.1,3.1,5.8,52.951533862325874,31.4333333,119.4833333,8.0,41.77084973148544,11.264049365793827,27.523693524672577,0.8406184056344782,0.9953031849963362,31.4333333,988.054442348889,0.9990480724184196,2.1972245773362196,-2675.457822111319,4732.066916815046,3322.51548331801,89.99408913382499,21.80140948635181,42.7
2019-02-28,45.9,50.2,43.2,21.7,2.6,1.9,1.9,40.30283465411678,31.4333333,119.4833333,8.0,43.204922791697626,11.295404651424217,27.733052784683462,0.8498170915275278,0.9953031849963362,31.4333333,988.054442348889,0.9990480724184196,2.1972245773362196,-2675.457822111319,4732.066916815046,3322.51548331801,89.99408913382499,21.80140948635181,40.9
2019-03-01,46.0,48.7,42.3,20.4,2.1,4.9,7.8,135.68933249509683,31.4333333,119.4833333,8.0,43.41977746269526,11.326898468529198,27.94291965414869,0.8587639582758029,0.9953031849963362,31.4333333,988.054442348889,0.9990480724184196,2.1972245773362196,-2675.457822111319,4732.066916815046,3322.51548331801,89.99408913382499,21.80140948635181,41.6
2019-03-02,44.0,45.7,43.3,15.7,1.7,4.7,5.8,-38.42579624998223,31.4333333,119.4833333,8.0,41.647919726993365,11.358523561907282,28.15320300626425,0.8674563547295969,0.9953031849963362,31.4333333,988.054442348889,0.9990480724184196,2.1972245773362196,-2675.457822111319,4732.066916815046,3322.51548331801,89.99408913382499,21.80140948635181,41.5
2019-03-03,45.6,48.7,42.3,15.8,2.3,4.1,5.8,22.467581275524545,31.4333333,119.4833333,8.0,43.28303661846571,11.39027279433308,28.36381199078028,0.8758917051442429,0.9953031849963362,31.4333333,988.054442348889,0.9990480724184196,2.1972245773362196,-2675.457822111319,4732.066916815046,3322.51548331801,89.99408913382499,21.80140948635181,39.3
2019-03-04,49.8,57.6,41.0,18.0,2.3,3.4,5.8,30.80283931203765,31.4333333,119.4833333,8.0,47.40187744176845,11.422139142594807,28.574656112631693,0.8840675099433636,0.9953031849963362,31.4333333,988.054442348889,0.9990480724184196,2.1972245773362196,-2675.457822111319,4732.066916815046,3322.51548331801,89.99408913382499,21.80140948635181,38.3
2019-03-05,48.4,49.5,44.1,15.6,1.3,5.8,11.7,221.1100722893775,31.4333333,119.4833333,8.0,46.19826662949919,11.454115693264262,28.78564531033021,0.8919813464595485,0.9953031849963362,31.4333333,988.054442348889,0.9990480724184196,2.1972245773362196,-2675.457822111319,4732.066916815046,3322.51548331801,89.99408913382499,21.80140948635181,45.9
2019-03-06,51.0,58.6,43.5,21.6,2.2,3.9,5.8,-41.77354566145169,31.4333333,119.4833333,8.0,48.816331462416514,11.486195638215651,28.99669003396775,0.8996308696522433,0.9953031849963362,31.4333333,988.054442348889,0.9990480724184196,2.1972245773362196,-2675.457822111319,4732.066916815046,3322.51548331801,89.99408913382499,21.80140948635181,43.0
2019-03-07,45.6,54.3,36.3,25.8,7.4,3.9,9.7,23.389998152272863,31.4333333,119.4833333,8.0,43.76981462565499,11.518372269909207,29.207701322681626,0.9070138128026359,0.9953031849963362,31.4333333,988.054442348889,0.9990480724184196,2.1972245773362196,-2675.457822111319,4732.066916815046,3322.51548331801,89.99408913382499,21.80140948635181,32.8
2019-03-08,48.5,52.9,35.6,20.8,6.1,6.7,9.7,-7.511591029549518,31.4333333,119.4833333,8.0,46.68383252983993,11.550638976455241,29.418590881431914,0.9141279881853337,0.9953031849963362,31.4333333,988.054442348889,0.9990480724184196,2.1972245773362196,-2675.457822111319,4732.066916815046,3322.51548331801,89.99408913382499,21.80140948635181,38.0
2019-03-09,51.3,55.9,46.8,15.5,3.4,2.2,3.9,15.484590967318539,31.4333333,119.4833333,8.0,49.51727898592635,11.582989236474,29.629271156942668,0.9209712877166346,0.9953031849963362,31.4333333,988.054442348889,0.9990480724184196,2.1972245773362196,-2675.457822111319,4732.066916815046,3322.51548331801,89.99408913382499,21.80140948635181,42.6
2019-03-10,51.1,60.3,43.5,16.3,3.2,3.9,3.9,-37.03093573305717,31.4333333,119.4833333,8.0,49.46231574695451,11.615416613766225,29.839655412659397,0.9275416835791966,0.9953031849963362,31.4333333,988.054442348889,0.9990480724184196,2.1972245773362196,-2675.457822111319,4732.066916815046,3322.51548331801,89.99408913382499,21.80140948635181,44.6
2019-03-11,56.1,66.0,43.0,15.4,5.6,4.6,7.8,-94.28058535092212,31.4333333,119.4833333,8.0,54.454001464707424,11.647914751809074,30.049657802577396,0.9338372288229252,0.9953031849963362,31.4333333,988.054442348889,0.9990480724184196,2.1972245773362196,-2675.457822111319,4732.066916815046,3322.51548331801,89.99408913382499,21.80140948635181,36.2
2019-03-12,56.6,70.9,42.3,18.8,9.5,4.6,7.8,29.668734987114576,31.4333333,119.4833333,8.0,55.09291825283252,11.6804773680917,30.259193443796992,0.9398560579418954,0.9953031849963362,31.4333333,988.054442348889,0.9990480724184196,2.1972245773362196,-2675.457822111319,4732.066916815046,3322.51548331801,89.99408913382499,21.80140948635181,32.9
2019-03-13,54.9,62.1,41.7,23.1,6.7,5.2,7.8,-11.701974006029982,31.4333333,119.4833333,8.0,53.58742448599264,11.713098248304403,30.468178487664574,0.9455963874271426,0.9953031849963362,31.4333333,988.054442348889,0.9990480724184196,2.1972245773362196,-2675.457822111319,4732.066916815046,3322.51548331801,89.99408913382499,21.80140948635181,41.4
2019-03-14,54.6,63.9,48.2,22.8,7.1,2.9,3.9,-48.28216126008313,31.4333333,119.4833333,8.0,53.4432591437975,11.745771240395054,30.67653018936104,0.9510565162951535,0.9953031849963362,31.4333333,988.054442348889,0.9990480724184196,2.1972245773362196,-2675.457822111319,4732.066916815046,3322.51548331801,89.99408913382499,21.80140948635181,46.2
2019-03-15,56.1,69.8,42.6,23.2,8.8,5.2,7.8,-12.801948010712692,31.4333333,119.4833333,8.0,55.064441911765954,11.778490248506087,30.884166975802355,0.9562348265919056,0.9953031849963362,31.4333333,988.054442348889,0.9990480724184196,2.1972245773362196,-2675.457822111319,4732.066916815046,3322.51548331801,89.99408913382499,21.80140948635181,35.1
2019-03-16,56.2,73.4,43.7,20.8,6.4,-17.52087820835701,-34.341092541776106,-152.95026690145403,31.4333333,119.4833333,8.0,55.31601721220424,11.811249226805174,31.091008511720602,0.9611297838723007,0.9953031849963362,31.4333333,988.054442348889,0.9990480724184196,2.1972245773362196,-2675.457822111319,4732.066916815046,3322.51548331801,89.99408913382499,21.80140948635181,38.0
2019-03-17,61.2,71.2,42.6,20.2,4.0,3.9,7.8,125.38184718321341,31.4333333,119.4833333,8.0,60.404615083434116,11.844042173222375,31.296975763797754,0.9657399376548549,0.9953031849963362,31.4333333,988.054442348889,0.9990480724184196,2.1972245773362196,-2675.457822111319,4732.066916815046,3322.51548331801,89.99408913382499,21.80140948635181,42.6
2019-03-18,55.4,60.6,48.4,16.8,5.6,2.5,3.9,24.84822235253904,31.4333333,119.4833333,8.0,54.83151808500756,11.87686312310633,31.501991062728777,0.9700639218515071,0.9953031849963362,31.4333333,988.054442348889,0.9990480724184196,2.1972245773362196,-2675.457822111319,4732.066916815046,3322.51548331801,89.99408913382499,21.80140948635181,48.9
2019-03-19,61.7,69.4,47.1,11.2,4.7,5.8,9.7,78.48645458215545,31.4333333,119.4833333,8.0,61.23573908429122,11.909706142811906,31.705978163095274,0.9741004551724205,0.9953031849963362,31.4333333,988.054442348889,0.9990480724184196,2.1972245773362196,-2675.457822111319,4732.066916815046,3322.51548331801,89.99408913382499,21.80140948635181,50.7
2019-03-20,67.1,80.8,56.8,5.0,5.4,4.2,7.8,4.782607901029895,31.4333333,119.4833333,8.0,66.77884443240251,11.942565323231449,31.90886230093562,0.9778483415056568,0.9953031849963362,31.4333333,988.054442348889,0.9990480724184196,2.1972245773362196,-2675.457822111319,4732.066916815046,3322.51548331801,89.99408913382499,21.80140948635181,60.8
2019-03-21,53.8,63.0,46.8,17.7,5.8,5.3,9.7,106.61715253150683,31.4333333,119.4833333,8.0,53.689865900213064,11.975434773281725,32.110570248903265,0.9813064702716093,0.9953031849963362,31.4333333,988.054442348889,0.9990480724184196,2.1972245773362196,-2675.457822111319,4732.066916815046,3322.51548331801,89.99408913382499,21.80140948635181,45.9
2019-03-22,48.9,52.5,45.9,24.3,14.1,3.6,5.8,12.290164628138966,31.4333333,119.4833333,8.0,48.93385759943571,12.008308613358457,32.31103036890977,0.9844738167520922,0.9953031849963362,31.4333333,988.054442348889,0.9990480724184196,2.1972245773362196,-2675.457822111319,4732.066916815046,3322.51548331801,89.99408913382499,21.80140948635181,34.4
2019-03-23,50.4,60.4,42.4,25.6,10.1,2.7,3.9,24.554794843501327,31.4333333,119.4833333,8.0,50.572960068835165,12.041180968770277,32.51017266215576,0.9873494423939864,0.9953031849963362,31.4333333,988.054442348889,0.9990480724184196,2.1972245773362196,-2675.457822111319,4732.066916815046,3322.51548331801,89.99408913382499,21.80140948635181,32.6
2019-03-24,54.9,61.5,42.3,19.4,4.2,3.1,5.8,11.793200295175104,31.4333333,119.4833333,8.0,55.23876028147496,12.074045963163925,32.70792881645828,0.989932495087353,0.9953031849963362,31.4333333,988.054442348889,0.9990480724184196,2.1972245773362196,-2675.457822111319,4732.066916815046,3322.51548331801,89.99408913382499,21.80140948635181,41.7
2019-03-25,56.3,65.7,47.5,18.2,8.9,2.7,5.8,55.91670913750373,31.4333333,119.4833333,8.0,56.80152843190996,12.10689771195239,32.904232250790045,0.9922222094179323,0.9953031849963362,31.4333333,988.054442348889,0.9990480724184196,2.1972245773362196,-2675.457822111319,4732.066916815046,3322.51548331801,89.99408913382499,21.80140948635181,45.3
2019-03-26,61.3,72.7,46.0,17.7,8.2,3.5,5.8,25.16971406783034,31.4333333,119.4833333,8.0,62.01378902966277,12.1397303157578,33.09901815695227,0.994217906893952,0.9953031849963362,31.4333333,988.054442348889,0.9990480724184196,2.1972245773362196,-2675.457822111319,4732.066916815046,3322.51548331801,89.99408913382499,21.80140948635181,48.1
2019-03-27,58.9,70.3,53.1,12.5,3.0,1.9,1.9,-31.18053632054712,31.4333333,119.4833333,8.0,59.74687329946518,12.17253785388085,33.29222353830965,0.995918996147179,0.9953031849963362,31.4333333,988.054442348889,0.9990480724184196,2.1972245773362196,-2675.457822111319,4732.066916815046,3322.51548331801,89.99408913382499,21.80140948635181,54.6
2019-03-28,57.9,64.2,52.2,12.0,1.3,3.6,7.8,-53.54716964194186,31.4333333,119.4833333,8.0,58.89064187292672,12.205314377808648,33.48378724552302,0.9973249731081555,0.9953031849963362,31.4333333,988.054442348889,0.9990480724184196,2.1972245773362196,-2675.457822111319,4732.066916815046,3322.51548331801,89.99408913382499,21.80140948635181,54.8
2019-03-29,58.4,64.9,50.5,13.5,2.1,1.9,1.9,26.073417536708725,31.4333333,119.4833333,8.0,59.55852900322835,12.23805390477295,33.6736500092225,0.9984354211555643,0.9953031849963362,31.4333333,988.054442348889,0.9990480724184196,2.1972245773362196,-2675.457822111319,4732.066916815046,3322.51548331801,89.99408913382499,21.80140948635181,54.0
2019-03-30,57.2,64.8,49.5,21.3,8.2,4.9,7.8,15.648187169754696,31.4333333,119.4833333,8.0,58.490576960868125,12.270750411370935,33.8617544695708,0.9992500112396835,0.9953031849963362,31.4333333,988.054442348889,0.9990480724184196,2.1972245773362196,-2675.457822111319,4732.066916815046,3322.51548331801,89.99408913382499,21.80140948635181,41.0
2019-03-31,49.8,59.9,43.2,25.6,13.4,3.9,7.8,-68.59117161463743,31.4333333,119.4833333,8.0,51.05910098313212,12.303397827260753,34.0480452026745,0.9997685019798909,0.9953031849963362,31.4333333,988.054442348889,0.9990480724184196,2.1972245773362196,-2675.457822111319,4732.066916815046,3322.51548331801,89.99408913382499,21.80140948635181,33.8
2019-04-01,55.7,71.8,41.5,22.6,10.2,2.7,3.9,-5.386066753003297,31.4333333,119.4833333,8.0,57.25955371768338,12.335990028944355,34.232468743807715,0.9999907397361901,0.9953031849963362,31.4333333,988.054442348889,0.9990480724184196,2.1972245773362196,-2675.457822111319,4732.066916815046,3322.51548331801,89.99408913382499,21.80140948635181,36.7
2019-04-02,57.6,63.7,46.2,20.7,6.2,2.9,5.8,15.933203486234328,31.4333333,119.4833333,8.0,59.36890000152148,12.36852083365031,34.41497360742102,0.9999166586547379,0.9953031849963362,31.4333333,988.054442348889,0.9990480724184196,2.1972245773362196,-2675.457822111319,4732.066916815046,3322.51548331801,89.99408913382499,21.80140948635181,46.4
2019-04-03,57.7,68.0,50.5,22.6,2.8,2.4,3.9,74.30649722908868,31.4333333,119.4833333,8.0,59.62806470125933,12.400983993329497,34.59551030391538,0.9995462806873573,0.9953031849963362,31.4333333,988.054442348889,0.9990480724184196,2.1972245773362196,-2675.457822111319,4732.066916815046,3322.51548331801,89.99408913382499,21.80140948635181,47.9
2019-04-04,57.9,63.0,50.4,16.4,3.6,4.2,7.8,-78.64400881280517,31.4333333,119.4833333,8.0,59.99102563584881,12.433373188776955,34.77403135316933,0.9988797155850336,0.9953031849963362,31.4333333,988.054442348889,0.9990480724184196,2.1972245773362196,-2675.457822111319,4732.066916815046,3322.51548331801,89.99408913382499,21.80140948635181,51.6
2019-04-05,63.1,75.9,54.0,12.3,4.6,3.4,5.8,-11.151041042189311,31.4333333,119.4833333,8.0,65.54871130897232,12.465682023893308,34.950491294814526,0.9979171608653922,0.9953031849963362,31.4333333,988.054442348889,0.9990480724184196,2.1972245773362196,-2675.457822111319,4732.066916815046,3322.51548331801,89.99408913382499,21.80140948635181,51.2
2019-04-06,67.9,81.3,52.0,8.3,9.3,3.6,7.8,78.67797142812823,31.4333333,119.4833333,8.0,70.71730691373044,12.497904020099636,35.12484669526299,0.9966589017541702,0.9953031849963362,31.4333333,988.054442348889,0.9990480724184196,2.1972245773362196,-2675.457822111319,4732.066916815046,3322.51548331801,89.99408913382499,21.80140948635181,51.6
2019-04-07,73.9,87.1,57.6,8.9,6.4,4.7,7.8,42.39393249166945,31.4333333,119.4833333,8.0,77.16411749558154,12.530032610919868,35.29705615149696,0.9951053111006976,0.9953031849963362,31.4333333,988.054442348889,0.9990480724184196,2.1972245773362196,-2675.457822111319,4732.066916815046,3322.51548331801,89.99408913382499,21.80140948635181,57.8
2019-04-08,73.6,84.0,61.5,7.1,3.0,5.6,7.8,-19.73018942588573,31.4333333,119.4833333,8.0,77.04730830537038,12.562061136745173,35.467080291639704,0.9932568492674143,0.9953031849963362,31.4333333,988.054442348889,0.9990480724184196,2.1972245773362196,-2675.457822111319,4732.066916815046,3322.51548331801,89.99408913382499,21.80140948635181,61.2
2019-04-09,59.7,87.6,48.4,9.3,6.6,8.3,17.5,100.98457133586885,31.4333333,119.4833333,8.0,62.65506462798084,12.593982839795144,35.63488177233305,0.9911140639934547,0.9953031849963362,31.4333333,988.054442348889,0.9990480724184196,2.1972245773362196,-2675.457822111319,4732.066916815046,3322.51548331801,89.99408913382499,21.80140948635181,53.0
2019-04-10,51.5,54.1,48.2,17.1,3.7,3.2,5.8,12.72253645930558,31.4333333,119.4833333,8.0,54.18568577112346,12.625790859290904,35.800425272955415,0.9886775902323405,0.9953031849963362,31.4333333,988.054442348889,0.9990480724184196,2.1972245773362196,-2675.457822111319,4732.066916815046,3322.51548331801,89.99408913382499,21.80140948635181,45.0
2019-04-11,52.9,60.4,47.5,17.1,4.9,2.7,3.9,11.42814487899971,31.4333333,119.4833333,8.0,55.79838318338857,12.657478226855632,35.96367748672031,0.9859481499638304,0.9953031849963362,31.4333333,988.054442348889,0.9990480724184196,2.1972245773362196,-2675.457822111319,4732.066916815046,3322.51548331801,89.99408913382499,21.80140948635181,45.0
2019-04-12,57.9,68.0,46.8,17.8,4.9,3.2,5.8,146.18649111688367,31.4333333,119.4833333,8.0,61.22460768491395,12.689037862158331,36.124607108703664,0.9829265519799822,0.9953031849963362,31.4333333,988.054442348889,0.9990480724184196,2.1972245773362196,-2675.457822111319,4732.066916815046,3322.51548331801,89.99408913382499,21.80140948635181,45.8
2019-04-13,62.1,70.2,48.7,15.5,4.0,3.2,5.8,120.92946177736218,31.4333333,119.4833333,8.0,65.82839379362781,12.720462568816968,36.28318482085421,0.9796136916454901,0.9953031849963362,31.4333333,988.054442348889,0.9990480724184196,2.1972245773362196,-2675.457822111319,4732.066916815046,3322.51548331801,89.99408913382499,21.80140948635181,52.2
2019-04-14,58.8,69.6,45.9,20.0,4.1,3.6,7.8,-7.54035693088953,31.4333333,119.4833333,8.0,62.483550649829745,12.7517450305775,36.4393832740486,0.9760105506323683,0.9953031849963362,31.4333333,988.054442348889,0.9990480724184196,2.1972245773362196,-2675.457822111319,4732.066916815046,3322.51548331801,89.99408913382499,21.80140948635181,47.8
2019-04-15,62.5,70.7,45.1,16.0,13.5,4.2,7.8,-55.04296405367059,31.4333333,119.4833333,8.0,66.57748858221626,12.782877807785523,36.59317706725927,0.9721181966290613,0.9953031849963362,31.4333333,988.054442348889,0.9990480724184196,2.1972245773362196,-2675.457822111319,4732.066916815046,3322.51548331801,89.99408913382499,21.80140948635181,40.0
2019-04-16,61.5,75.4,51.6,11.4,5.3,3.6,5.8,-15.194944185620692,31.4333333,119.4833333,8.0,65.67099833760898,12.813853334167606,36.744542723909085,0.9679377830240642,0.9953031849963362,31.4333333,988.054442348889,0.9990480724184196,2.1972245773362196,-2675.457822111319,4732.066916815046,3322.51548331801,89.99408913382499,21.80140948635181,51.4
2019-04-17,67.8,82.9,51.3,8.9,4.9,2.7,3.9,-113.19106996670735,31.4333333,119.4833333,8.0,72.57235111375849,12.844663913939556,36.89345866549367,0.9634705485641488,0.9953031849963362,31.4333333,988.054442348889,0.9990480724184196,2.1972245773362196,-2675.457822111319,4732.066916815046,3322.51548331801,89.99408913382499,21.80140948635181,56.3
2019-04-18,74.2,86.9,55.9,7.9,6.6,3.6,5.8,-121.717182592039,31.4333333,119.4833333,8.0,79.61228229741916,12.875301719259161,37.039905182557014,0.9587178169872964,0.9953031849963362,31.4333333,988.054442348889,0.9990480724184196,2.1972245773362196,-2675.457822111319,4732.066916815046,3322.51548331801,89.99408913382499,21.80140948635181,58.4
2019-04-19,68.1,78.8,60.4,10.4,2.6,5.5,9.7,2.56313121937081,31.4333333,119.4833333,8.0,73.24018112213268,12.905758788041002,37.18386440311252,0.9536809966304457,0.9953031849963362,31.4333333,988.054442348889,0.9990480724184196,2.1972245773362196,-2675.457822111319,4732.066916815046,3322.51548331801,89.99408913382499,21.80140948635181,60.0
2019-04-20,70.2,76.6,62.6,7.0,4.6,3.6,7.8,120.8813684665069,31.4333333,119.4833333,8.0,75.67575807958396,12.936027022151105,37.3253202586061,0.9483615800121715,0.9953031849963362,31.4333333,988.054442348889,0.9990480724184196,2.1972245773362196,-2675.457822111319,4732.066916815046,3322.51548331801,89.99408913382499,21.80140948635181,65.8
2019-04-21,68.1,71.4,65.3,8.6,1.6,3.4,5.8,89.43231668324596,31.4333333,119.4833333,8.0,73.58260720554595,12.96609818599929,37.464258447523115,0.9427611433904207,0.9953031849963362,31.4333333,988.054442348889,0.9990480724184196,2.1972245773362196,-2675.457822111319,4732.066916815046,3322.51548331801,89.99408913382499,21.80140948635181,66.1
2019-04-22,67.6,70.0,64.8,8.6,1.8,2.9,5.8,15.808511295156775,31.4333333,119.4833333,8.0,73.2105966679144,12.995963905546937,37.60066639674572,0.9368813462954315,0.9953031849963362,31.4333333,988.054442348889,0.9990480724184196,2.1972245773362196,-2675.457822111319,4732.066916815046,3322.51548331801,89.99408913382499,21.80140948635181,65.7
2019-04-23,70.8,76.3,66.7,7.3,2.0,3.5,5.8,25.242864821282883,31.4333333,119.4833333,8.0,76.85113243971313,13.025615667747989,37.73453322077082,0.9307239310379795,0.9953031849963362,31.4333333,988.054442348889,0.9990480724184196,2.1972245773362196,-2675.457822111319,4732.066916815046,3322.51548331801,89.99408913382499,21.80140948635181,67.0
2019-04-24,69.9,77.4,65.1,7.5,1.6,2.7,5.8,-153.00471236925574,31.4333333,119.4833333,8.0,76.04563607906681,13.055044820440653,37.86584967890311,0.9242907221930933,0.9953031849963362,31.4333333,988.054442348889,0.9990480724184196,2.1972245773362196,-2675.457822111319,4732.066916815046,3322.51548331801,89.99408913382499,21.80140948635181,66.0
2019-04-25,66.0,79.3,55.2,10.7,2.6,5.8,9.7,-32.247574722607425,31.4333333,119.4833333,8.0,71.96333414988979,13.084242572707232,37.99460813054105,0.9175836260593937,0.9953031849963362,31.4333333,988.054442348889,0.9990480724184196,2.1972245773362196,-2675.457822111319,4732.066916815046,3322.51548331801,89.99408913382499,21.80140948635181,60.4
2019-04-26,53.0,57.7,50.0,19.3,9.5,4.4,7.8,-112.9033227881377,31.4333333,119.4833333,8.0,57.9166333144255,13.11319999571898,38.12080248867667,0.9106046300942162,0.9953031849963362,31.4333333,988.054442348889,0.9990480724184196,2.1972245773362196,-2675.457822111319,4732.066916815046,3322.51548331801,89.99408913382499,21.80140948635181,46.3
2019-04-27,61.1,67.5,48.7,15.5,10.9,5.8,9.7,65.46877862440384,31.4333333,119.4833333,8.0,66.91421502262058,13.141908024082603,38.24442817173263,0.9033558023246845,0.9953031849963362,31.4333333,988.054442348889,0.9990480724184196,2.1972245773362196,-2675.457822111319,4732.066916815046,3322.51548331801,89.99408913382499,21.80140948635181,49.7
2019-04-28,60.5,64.0,57.0,13.7,1.9,3.2,5.8,-56.26817354962236,31.4333333,119.4833333,8.0,66.4005521825929,13.170357457704377,38.36548205386266,0.895839290734909,0.9953031849963362,31.4333333,988.054442348889,0.9990480724184196,2.1972245773362196,-2675.457822111319,4732.066916815046,3322.51548331801,89.99408913382499,21.80140948635181,57.0
2019-04-29,59.2,60.4,57.6,11.0,3.3,2.7,3.9,85.90809446526642,31.4333333,119.4833333,8.0,65.112792223324,13.198538964187298,38.483962413842875,0.8880573226294932,0.9953031849963362,31.4333333,988.054442348889,0.9990480724184196,2.1972245773362196,-2675.457822111319,4732.066916815046,3322.51548331801,89.99408913382499,21.80140948635181,57.8
2019-04-30,60.7,65.8,57.4,11.3,3.3,3.2,5.8,38.72238768151475,31.4333333,119.4833333,8.0,66.90375792198274,13.22644308177583,38.59986888268332,0.8800122039735357,0.9953031849963362,31.4333333,988.054442348889,0.9990480724184196,2.1972245773362196,-2675.457822111319,4732.066916815046,3322.51548331801,89.99408913382499,21.80140948635181,56.1
2019-05-01,64.9,76.3,52.7,14.0,7.0,3.4,5.8,-34.889736438712326,31.4333333,119.4833333,8.0,71.68237570531167,13.254060222861941,38.71320239008998,0.8717063187093218,0.9953031849963362,31.4333333,988.054442348889,0.9990480724184196,2.1972245773362196,-2675.457822111319,4732.066916815046,3322.51548331801,89.99408913382499,21.80140948635181,53.1
2019-05-02,63.7,76.8,49.5,16.7,10.5,3.5,5.8,-52.09262229852017,31.4333333,119.4833333,8.0,70.5019957660626,13.281380678065167,38.823965109908286,0.8631421280499114,0.9953031849963362,31.4333333,988.054442348889,0.9990480724184196,2.1972245773362196,-2675.457822111319,4732.066916815046,3322.51548331801,89.99408913382499,21.80140948635181,47.9
2019-05-03,67.7,79.7,49.3,17.4,15.4,4.4,9.7,41.545309550428726,31.4333333,119.4833333,8.0,75.08152631956723,13.308394620898179,38.93216040467904,0.854322169749827,0.9953031849963362,31.4333333,988.054442348889,0.9990480724184196,2.1972245773362196,-2675.457822111319,4732.066916815046,3322.51548331801,89.99408913382499,21.80140948635181,43.5
2019-05-04,70.4,82.9,55.2,13.9,16.0,4.6,9.7,106.09484608859707,31.4333333,119.4833333,8.0,78.23254039643153,13.335092113028102,39.037792769438006,0.8452490573530633,0.9953031849963362,31.4333333,988.054442348889,0.9990480724184196,2.1972245773362196,-2675.457822111319,4732.066916815046,3322.51548331801,89.99408913382499,21.80140948635181,43.7
2019-05-05,70.4,79.5,56.7,14.1,9.6,4.6,9.7,58.106679290811115,31.4333333,119.4833333,8.0,78.38725024616865,13.361463110142381,39.14086777488935,0.8359254794186372,0.9953031849963362,31.4333333,988.054442348889,0.9990480724184196,2.1972245773362196,-2675.457822111319,4732.066916815046,3322.51548331801,89.99408913382499,21.80140948635181,55.6
2019-05-06,59.9,68.0,50.9,19.9,15.8,5.5,7.8,-7.663114007187421,31.4333333,119.4833333,8.0,66.82592486322848,13.387497468426407,39.241392010082485,0.8263541987239096,0.9953031849963362,31.4333333,988.054442348889,0.9990480724184196,2.1972245773362196,-2675.457822111319,4732.066916815046,3322.51548331801,89.99408913382499,21.80140948635181,41.5
2019-05-07,62.8,70.3,50.4,16.8,17.5,3.4,5.8,29.47165328932502,31.4333333,119.4833333,8.0,70.19566791367885,13.413184951658378,39.339373024720096,0.8165380514459161,0.9953031849963362,31.4333333,988.054442348889,0.9990480724184196,2.1972245773362196,-2675.457822111319,4732.066916815046,3322.51548331801,89.99408913382499,21.80140948635181,39.7
2019-05-08,61.9,72.0,52.7,10.7,12.4,2.9,5.8,-17.827621036742833,31.4333333,119.4833333,8.0,69.32034110745488,13.438515238925017,39.43481927122394,0.8064799463209448,0.9953031849963362,31.4333333,988.054442348889,0.9990480724184196,2.1972245773362196,-2675.457822111319,4732.066916815046,3322.51548331801,89.99408913382499,21.80140948635181,47.8
2019-05-09,69.9,79.3,52.5,9.7,9.8,2.5,3.9,219.64088786317927,31.4333333,119.4833333,8.0,78.4247589594905,13.46347793295974,39.52774004668207,0.7961828637826158,0.9953031849963362,31.4333333,988.054442348889,0.9990480724184196,2.1972245773362196,-2675.457822111319,4732.066916815046,3322.51548331801,89.99408913382499,21.80140948635181,52.5
2019-05-10,71.3,82.4,59.5,10.7,6.8,1.9,1.9,53.53146993075904,31.4333333,119.4833333,8.0,80.14157176475183,13.488062569102693,39.61814543479946,0.7856498550787147,0.9953031849963362,31.4333333,988.054442348889,0.9990480724184196,2.1972245773362196,-2675.457822111319,4732.066916815046,3322.51548331801,89.99408913382499,21.80140948635181,55.6
2019-05-11,74.9,86.5,59.5,11.1,6.9,2.2,3.9,30.644742806778087,31.4333333,119.4833333,8.0,84.3390142502914,13.512258624879797,39.706046247970306,0.7748840413670407,0.9953031849963362,31.4333333,988.054442348889,0.9990480724184196,2.1972245773362196,-2675.457822111319,4732.066916815046,3322.51548331801,89.99408913382499,21.80140948635181,56.6
2019-05-12,77.8,87.6,63.3,10.6,6.4,3.6,7.8,3.8412471845744136,31.4333333,119.4833333,8.0,87.75876002076751,13.536055530195505,39.79145396958797,0.7638886127905428,0.9953031849963362,31.4333333,988.054442348889,0.9990480724184196,2.1972245773362196,-2675.457822111319,4732.066916815046,3322.51548331801,89.99408913382499,21.80140948635181,61.7
2019-05-13,69.7,76.5,61.9,9.8,3.4,2.7,3.9,31.374359302952474,31.4333333,119.4833333,8.0,78.75776288881308,13.559442678131376,39.874380696704016,0.7526668275320085,0.9953031849963362,31.4333333,988.054442348889,0.9990480724184196,2.1972245773362196,-2675.457822111319,4732.066916815046,3322.51548331801,89.99408913382499,21.80140948635181,63.7
2019-05-14,71.3,79.9,61.3,10.0,7.8,4.4,5.8,-12.492444203247699,31.4333333,119.4833333,8.0,80.7021494009198,13.582409436339939,39.95483908314501,0.7412220108485958,0.9953031849963362,31.4333333,988.054442348889,0.9990480724184196,2.1972245773362196,-2675.457822111319,4732.066916815046,3322.51548331801,89.99408913382499,21.80140948635181,60.9
2019-05-15,69.1,73.2,65.5,7.2,3.1,3.6,5.8,-111.90261666270109,31.4333333,119.4833333,8.0,78.34180920735959,13.60494515902048,40.032842283190796,0.7295575540864875,0.9953031849963362,31.4333333,988.054442348889,0.9990480724184196,2.1972245773362196,-2675.457822111319,4732.066916815046,3322.51548331801,89.99408913382499,21.80140948635181,64.8
2019-05-16,72.0,75.7,66.9,5.8,1.9,1.9,1.9,-9.320631039402599,31.4333333,119.4833333,8.0,81.76223519676307,13.627039199460514,40.108403895914094,0.717676913675962,0.9953031849963362,31.4333333,988.054442348889,0.9990480724184196,2.1972245773362196,-2675.457822111319,4732.066916815046,3322.51548331801,89.99408913382499,21.80140948635181,67.9
2019-05-17,74.4,80.8,69.4,3.6,2.2,3.2,3.9,110.14127751807376,31.4333333,119.4833333,8.0,84.62182172336723,13.648680923123747,40.181537910276525,0.705583610107178,0.9953031849963362,31.4333333,988.054442348889,0.9990480724184196,2.1972245773362196,-2675.457822111319,4732.066916815046,3322.51548331801,89.99408913382499,21.80140948635181,69.0
2019-05-18,68.6,73.6,64.8,6.3,10.7,3.9,5.8,36.58891695965101,31.4333333,119.4833333,8.0,78.14603140654907,13.669859721262231,40.25225865107167,0.6932812268869777,0.9953031849963362,31.4333333,988.054442348889,0.9990480724184196,2.1972245773362196,-2675.457822111319,4732.066916815046,3322.51548331801,89.99408913382499,21.80140948635181,61.6
2019-05-19,73.9,79.5,64.8,8.1,5.9,4.4,5.8,-77.49045958669414,31.4333333,119.4833333,8.0,84.31106294579347,13.690565025027356,40.320580725800205,0.6807734094770161,0.9953031849963362,31.4333333,988.054442348889,0.9990480724184196,2.1972245773362196,-2675.457822111319,4732.066916815046,3322.51548331801,89.99408913382499,21.80140948635181,62.8
2019-05-20,70.3,81.9,59.5,12.7,15.5,5.6,11.7,103.70965891577859,31.4333333,119.4833333,8.0,80.3223565249667,13.710786320051213,40.38651897255777,0.6680638642135335,0.9953031849963362,31.4333333,988.054442348889,0.9990480724184196,2.1972245773362196,-2675.457822111319,4732.066916815046,3322.51548331801,89.99408913382499,21.80140948635181,41.6
2019-05-21,73.7,85.1,59.0,9.8,13.4,2.8,3.9,-28.882307629434273,31.4333333,119.4833333,8.0,84.32823500000742,13.73051316146661,40.450088409010455,0.6551563572090853,0.9953031849963362,31.4333333,988.054442348889,0.9990480724184196,2.1972245773362196,-2675.457822111319,4732.066916815046,3322.51548331801,89.99408913382499,21.80140948635181,43.0
2019-05-22,75.3,88.7,58.8,8.6,12.1,2.9,3.9,-34.13283856572595,31.4333333,119.4833333,8.0,86.27958831305207,13.749735189331009,40.511304182527965,0.6420547132365637,0.9953031849963362,31.4333333,988.054442348889,0.9990480724184196,2.1972245773362196,-2675.457822111319,4732.066916815046,3322.51548331801,89.99408913382499,21.80140948635181,48.6
2019-05-23,79.6,95.9,62.2,10.1,12.4,2.9,5.8,-20.44264495932247,31.4333333,119.4833333,8.0,91.33066622462906,13.768442144416442,40.57018152153857,0.6287628145958344,0.9953031849963362,31.4333333,988.054442348889,0.9990480724184196,2.1972245773362196,-2675.457822111319,4732.066916815046,3322.51548331801,89.99408913382499,21.80140948635181,49.2
2019-05-24,82.7,97.2,63.1,7.9,10.3,3.9,7.8,30.09899465301187,31.4333333,119.4833333,8.0,95.01281626946944,13.786623884324463,40.626735688165205,0.6152845999633276,0.9953031849963362,31.4333333,988.054442348889,0.9990480724184196,2.1972245773362196,-2675.457822111319,4732.066916815046,3322.51548331801,89.99408913382499,21.80140948635181,52.6
2019-05-25,73.5,82.0,70.0,6.5,4.2,3.4,5.8,22.53114149352888,31.4333333,119.4833333,8.0,84.55115619927817,13.80427039988215,40.68098193219619,0.6016240632249226,0.9953031849963362,31.4333333,988.054442348889,0.9990480724184196,2.1972245773362196,-2675.457822111319,4732.066916815046,3322.51548331801,89.99408913382499,21.80140948635181,67.4
2019-05-26,73.6,76.3,69.6,3.7,4.0,3.2,5.8,12.69737456787493,31.4333333,119.4833333,8.0,84.77108056820406,13.821371831772403,40.73293544643905,0.5877852522924732,0.9953031849963362,31.4333333,988.054442348889,0.9990480724184196,2.1972245773362196,-2675.457822111319,4732.066916815046,3322.51548331801,89.99408913382499,21.80140948635181,72.0
2019-05-27,68.5,84.6,59.0,12.6,13.5,4.4,11.7,62.545239071174066,31.4333333,119.4833333,8.0,78.99145136528347,13.837918487348928,40.78261132350033,0.5737722679043246,0.9953031849963362,31.4333333,988.054442348889,0.9990480724184196,2.1972245773362196,-2675.457822111319,4732.066916815046,3322.51548331801,89.99408913382499,21.80140948635181,61.3
2019-05-28,70.5,79.9,58.5,15.0,14.4,4.7,7.8,-13.878635622095214,31.4333333,119.4833333,8.0,81.39166753830465,13.853900857583769,40.83002451402946,0.5595892624101765,0.9953031849963362,31.4333333,988.054442348889,0.9990480724184196,2.1972245773362196,-2675.457822111319,4732.066916815046,3322.51548331801,89.99408913382499,21.80140948635181,52.0
2019-05-29,73.0,81.5,63.1,12.2,16.1,2.9,5.8,67.03821523553194,31.4333333,119.4833333,8.0,84.37163360739856,13.869309634092916,40.8751897864593,0.545240438540651,0.9953031849963362,31.4333333,988.054442348889,0.9990480724184196,2.1972245773362196,-2675.457822111319,4732.066916815046,3322.51548331801,89.99408913382499,21.80140948635181,49.6
2019-05-30,67.0,70.0,65.3,9.8,5.2,1.9,1.9,-53.058647611050546,31.4333333,119.4833333,8.0,77.51975780452288,13.884135726183201,40.918121688271626,0.5307300481619334,0.9953031849963362,31.4333333,988.054442348889,0.9990480724184196,2.1972245773362196,-2675.457822111319,4732.066916815046,3322.51548331801,89.99408913382499,21.80140948635181,62.0
2019-05-31,71.6,80.2,64.9,10.2,4.2,2.3,3.9,63.772458294691546,31.4333333,119.4833333,8.0,82.92694265790928,13.89837027786189,40.95883450881049,0.5160623910158528,0.9953031849963362,31.4333333,988.054442348889,0.9990480724184196,2.1972245773362196,-2675.457822111319,4732.066916815046,3322.51548331801,89.99408913382499,21.80140948635181,61.8
2019-06-01,72.1,80.2,64.9,6.8,4.3,4.2,7.8,45.439061793951566,31.4333333,119.4833333,8.0,83.58796148086485,13.91200468474866,40.99734224366254,0.5012418134457758,0.9953031849963362,31.4333333,988.054442348889,0.9990480724184196,2.1972245773362196,-2675.457822111319,4732.066916815046,3322.51548331801,89.99408913382499,21.80140948635181,62.4
2019-06-02,75.0,86.9,66.0,4.7,4.0,2.9,7.8,49.082713479736185,31.4333333,119.4833333,8.0,87.03144131767637,13.92503061082822,41.03365856061867,0.48627270710868997,0.9953031849963362,31.4333333,988.054442348889,0.9990480724184196,2.1972245773362196,-2675.457822111319,4732.066916815046,3322.51548331801,89.99408913382499,21.80140948635181,63.2
2019-06-03,79.1,89.8,66.9,4.6,5.8,2.9,5.8,11.213927561430586,31.4333333,119.4833333,8.0,91.87095869949904,13.937440004980893,41.067796767227705,0.4711595076738638,0.9953031849963362,31.4333333,988.054442348889,0.9990480724184196,2.1972245773362196,-2675.457822111319,4732.066916815046,3322.51548331801,89.99408913382499,21.80140948635181,65.8
2019-06-04,81.7,93.6,69.3,6.3,5.5,3.1,3.9,40.608491448506676,31.4333333,119.4833333,8.0,94.9709743397913,13.949225117227607,41.09976977994911,0.4559066935084588,0.9953031849963362,31.4333333,988.054442348889,0.9990480724184196,2.1972245773362196,-2675.457822111319,4732.066916815046,3322.51548331801,89.99408913382499,21.80140948635181,68.3
2019-06-05,84.5,94.8,72.0,4.5,5.3,5.1,7.8,-76.20771798164256,31.4333333,119.4833333,8.0,98.30433204048792,13.960378514625503,41.129590094907996,0.440518784350495,0.9953031849963362,31.4333333,988.054442348889,0.9990480724184196,2.1972245773362196,-2675.457822111319,4732.066916815046,3322.51548331801,89.99408913382499,21.80140948635181,73.2
2019-06-06,75.4,87.4,69.4,4.3,15.6,6.3,13.6,96.7748318418185,31.4333333,119.4833333,8.0,87.78377829124746,13.970893096750258,41.157269760253314,0.42500033996955416,0.9953031849963362,31.4333333,988.054442348889,0.9990480724184196,2.1972245773362196,-2675.457822111319,4732.066916815046,3322.51548331801,89.99408913382499,21.80140948635181,67.6
2019-06-07,75.7,84.4,69.1,8.2,10.1,1.9,1.9,-96.23061837824447,31.4333333,119.4833333,8.0,88.19530764834312,13.980762110701683,41.182820350116664,0.4093559588156213,0.9953031849963362,31.4333333,988.054442348889,0.9990480724184196,2.1972245773362196,-2675.457822111319,4732.066916815046,3322.51548331801,89.99408913382499,21.80140948635181,64.6
2019-06-08,79.5,87.1,69.4,3.9,6.4,4.2,5.8,-54.837306701659145,31.4333333,119.4833333,8.0,92.68361197190055,13.989979165569892,41.20625294016725,0.39359027665646673,0.9953031849963362,31.4333333,988.054442348889,0.9990480724184196,2.1972245773362196,-2675.457822111319,4732.066916815046,3322.51548331801,89.99408913382499,21.80140948635181,68.9
2019-06-09,81.0,90.1,71.4,1.5,5.1,2.6,3.9,24.649334982858015,31.4333333,119.4833333,8.0,94.49013316252851,13.998538246300521,41.22757808475646,0.3777079652039649,0.9953031849963362,31.4333333,988.054442348889,0.9990480724184196,2.1972245773362196,-2675.457822111319,4732.066916815046,3322.51548331801,89.99408913382499,21.80140948635181,70.5
2019-06-10,77.4,87.4,64.2,4.7,7.6,4.7,7.8,59.87878033596482,31.4333333,119.4833333,8.0,90.3414975384991,14.006433726899084,41.246805795643354,0.36171373072976765,0.9953031849963362,31.4333333,988.054442348889,0.9990480724184196,2.1972245773362196,-2675.457822111319,4732.066916815046,3322.51548331801,89.99408913382499,21.80140948635181,65.3
2019-06-11,76.9,85.5,64.0,7.8,6.3,3.6,5.8,-81.10926776036717,31.4333333,119.4833333,8.0,89.80420695385662,14.013660382916507,41.26394552229194,0.3456123126707335,0.9953031849963362,31.4333333,988.054442348889,0.9990480724184196,2.1972245773362196,-2675.457822111319,4732.066916815046,3322.51548331801,89.99408913382499,21.80140948635181,62.8
2019-06-12,75.7,82.2,69.8,7.3,10.3,3.6,7.8,111.59908993523254,31.4333333,119.4833333,8.0,88.44417955160282,14.02021340316029,41.27900613372906,0.3294084822245304,0.9953031849963362,31.4333333,988.054442348889,0.9990480724184196,2.1972245773362196,-2675.457822111319,4732.066916815046,3322.51548331801,89.99408913382499,21.80140948635181,63.5
2019-06-13,70.0,76.3,62.2,5.6,9.8,2.5,3.9,140.68396406251364,31.4333333,119.4833333,8.0,81.8188490033748,14.026088400578535,41.291995901951935,0.3131070409358269,0.9953031849963362,31.4333333,988.054442348889,0.9990480724184196,2.1972245773362196,-2675.457822111319,4732.066916815046,3322.51548331801,89.99408913382499,21.80140948635181,63.2
2019-06-14,75.5,83.7,62.2,5.0,6.7,2.5,3.9,29.041140357826357,31.4333333,119.4833333,8.0,88.28014561509782,14.031281422267204,41.302922486873626,0.29671281927349075,0.9953031849963362,31.4333333,988.054442348889,0.9990480724184196,2.1972245773362196,-2675.457822111319,4732.066916815046,3322.51548331801,89.99408913382499,21.80140948635181,62.4
2019-06-15,82.5,92.1,67.3,5.4,7.6,2.9,5.8,10.81241783515298,31.4333333,119.4833333,8.0,96.49604909006213,14.035788958554491,41.311792922794695,0.28023067519921585,0.9953031849963362,31.4333333,988.054442348889,0.9990480724184196,2.1972245773362196,-2675.457822111319,4732.066916815046,3322.51548331801,89.99408913382499,21.80140948635181,66.0
2019-06-16,81.5,88.5,75.7,7.3,3.8,2.9,3.9,55.029385267964024,31.4333333,119.4833333,8.0,95.35233733469066,14.039607951120098,41.31861360638981,0.26366549272800704,0.9953031849963362,31.4333333,988.054442348889,0.9990480724184196,2.1972245773362196,-2675.457822111319,4732.066916815046,3322.51548331801,89.99408913382499,21.80140948635181,70.2
2019-06-17,78.1,90.5,70.0,7.9,7.8,4.3,7.8,-11.307505009338875,31.4333333,119.4833333,8.0,91.39480549905781,14.042735800111316,41.32339028619843,0.24702218048093552,0.9953031849963362,31.4333333,988.054442348889,0.9990480724184196,2.1972245773362196,-2675.457822111319,4732.066916815046,3322.51548331801,89.99408913382499,21.80140948635181,65.0
2019-06-18,73.1,74.7,70.0,5.3,3.7,2.4,3.9,10.232686476522456,31.4333333,119.4833333,8.0,85.55849617193756,14.045170370222309,41.3261280536095,0.23030567023061221,0.9953031849963362,31.4333333,988.054442348889,0.9990480724184196,2.1972245773362196,-2675.457822111319,4732.066916815046,3322.51548331801,89.99408913382499,21.80140948635181,72.1
2019-06-19,75.7,80.1,73.0,5.4,1.9,2.9,3.9,103.50106296216862,31.4333333,119.4833333,8.0,88.61259055625608,14.0469099957077,41.326831335331285,0.21352091543979612,0.9953031849963362,31.4333333,988.054442348889,0.9990480724184196,2.1972245773362196,-2675.457822111319,4732.066916815046,3322.51548331801,89.99408913382499,21.80140948635181,72.5
2019-06-20,71.2,75.6,69.8,3.8,3.0,4.6,5.8,128.0453477013557,31.4333333,119.4833333,8.0,83.3511906735522,14.047953484306548,41.325503887338336,0.19667288979357647,0.9953031849963362,31.4333333,988.054442348889,0.9990480724184196,2.1972245773362196,-2675.457822111319,4732.066916815046,3322.51548331801,89.99408913382499,21.80140948635181,69.5
2019-06-21,76.0,83.1,69.1,4.6,4.7,4.2,5.8,111.319327249191,31.4333333,119.4833333,8.0,88.97256742703296,14.048300120057837,41.32214879028943,0.1797665857255624,0.9953031849963362,31.4333333,988.054442348889,0.9990480724184196,2.1972245773362196,-2675.457822111319,4732.066916815046,3322.51548331801,89.99408913382499,21.80140948635181,71.3
2019-06-22,72.9,80.1,66.0,6.1,2.2,3.1,3.9,-30.714023598263047,31.4333333,119.4833333,8.0,85.34129421483846,14.047949664993984,41.3167684464112,0.16280701293851715,0.9953031849963362,31.4333333,988.054442348889,0.9990480724184196,2.1972245773362196,-2675.457822111319,4732.066916815046,3322.51548331801,89.99408913382499,21.80140948635181,67.8
2019-06-23,74.8,83.5,65.7,8.3,6.1,3.4,5.8,-34.08979755583708,31.4333333,119.4833333,8.0,87.55902470882272,14.04690235970418,41.30936457784454,0.1457991969198751,0.9953031849963362,31.4333333,988.054442348889,0.9990480724184196,2.1972245773362196,-2675.457822111319,4732.066916815046,3322.51548331801,89.99408913382499,21.80140948635181,64.5
2019-06-24,76.6,82.6,67.6,9.2,12.1,5.8,7.8,-17.440223334746605,31.4333333,119.4833333,8.0,89.65493112364898,14.045158922764854,41.299938226451566,0.12874817745258132,0.9953031849963362,31.4333333,988.054442348889,0.9990480724184196,2.1972245773362196,-2675.457822111319,4732.066916815046,3322.51548331801,89.99408913382499,21.80140948635181,65.2
2019-06-25,73.9,79.3,71.4,7.0,8.0,4.6,7.8,8.253072178289008,31.4333333,119.4833333,8.0,86.47975404783784,14.042720549039975,41.28848975508361,0.11165900712169512,0.9953031849963362,31.4333333,988.054442348889,0.9990480724184196,2.1972245773362196,-2675.457822111319,4732.066916815046,3322.51548331801,89.99408913382499,21.80140948635181,70.2
2019-06-26,73.5,77.5,69.6,3.0,2.5,2.3,3.9,-20.744270821287365,31.4333333,119.4833333,8.0,85.99248205451413,14.039588906859448,41.27501885031138,0.09453674981719912,0.9953031849963362,31.4333333,988.054442348889,0.9990480724184196,2.1972245773362196,-2675.457822111319,4732.066916815046,3322.51548331801,89.99408913382499,21.80140948635181,71.6
2019-06-27,79.6,87.6,69.6,0.2,2.6,2.2,3.9,-10.105832799971488,31.4333333,119.4833333,8.0,93.1039153561245,14.035766134089123,41.25952452662086,0.07738647923346301,0.9953031849963362,31.4333333,988.054442348889,0.9990480724184196,2.1972245773362196,-2675.457822111319,4732.066916815046,3322.51548331801,89.99408913382499,21.80140948635181,72.2
2019-06-28,86.7,97.0,74.3,996.8,4.7,3.1,5.8,36.20319552732765,31.4333333,119.4833333,8.0,101.37581616922907,14.031254833111289,41.24200513207935,0.06021327736579302,0.9953031849963362,31.4333333,988.054442348889,0.9990480724184196,2.1972245773362196,-2675.457822111319,4732.066916815046,3322.51548331801,89.99408913382499,21.80140948635181,77.2
2019-06-29,79.6,85.3,77.7,998.6,3.2,2.4,3.9,61.18935438910024,31.4333333,119.4833333,8.0,93.03951849610621,14.026058064739631,41.22245835547803,0.04302223300453059,0.9953031849963362,31.4333333,988.054442348889,0.9990480724184196,2.1972245773362196,-2675.457822111319,4732.066916815046,3322.51548331801,89.99408913382499,21.80140948635181,77.4
2019-06-30,79.2,84.7,77.0,2.0,6.5,2.5,3.9,54.28855607960654,31.4333333,119.4833333,8.0,92.53318365124385,14.020179341097553,41.20088123495811,0.02581844022713308,0.9953031849963362,31.4333333,988.054442348889,0.9990480724184196,2.1972245773362196,-2675.457822111319,4732.066916815046,3322.51548331801,89.99408913382499,21.80140948635181,75.5
2019-07-01,77.8,84.6,72.5,5.7,5.0,3.2,3.9,71.58012929692833,31.4333333,119.4833333,8.0,90.85498663674959,14.013622617493509,41.17727016812911,0.008606996888688698,0.9953031849963362,31.4333333,988.054442348889,0.9990480724184196,2.1972245773362196,-2675.457822111319,4732.066916815046,3322.51548331801,89.99408913382499,21.80140948635181,73.0
2019-07-02,79.2,85.3,72.0,6.8,10.2,3.4,5.8,-108.11486243961306,31.4333333,119.4833333,8.0,92.44218906998763,14.006392283331458,41.151620923688476,-0.008606996888688009,0.9953031849963362,31.4333333,988.054442348889,0.9990480724184196,2.1972245773362196,-2675.457822111319,4732.066916815046,3322.51548331801,89.99408913382499,21.80140948635181,70.5
2019-07-03,77.8,85.5,72.9,6.1,2.5,3.9,5.8,-96.12342695091493,31.4333333,119.4833333,8.0,90.75689726943968,13.998493152098666,41.12392865455226,-0.02581844022713239,0.9953031849963362,31.4333333,988.054442348889,0.9990480724184196,2.1972245773362196,-2675.457822111319,4732.066916815046,3322.51548331801,89.99408913382499,21.80140948635181,72.7
2019-07-04,78.6,85.8,72.7,3.9,3.2,3.2,3.9,65.39878643249398,31.4333333,119.4833333,8.0,91.6340444506244,13.989930450477008,41.09418791250706,-0.04302223300453034,0.9953031849963362,31.4333333,988.054442348889,0.9990480724184196,2.1972245773362196,-2675.457822111319,4732.066916815046,3322.51548331801,89.99408913382499,21.80140948635181,71.3
2019-07-05,79.5,88.3,73.2,999.8,5.1,2.9,5.8,21.849539913998598,31.4333333,119.4833333,8.0,92.62220246890672,13.98070980662743,41.062392664393464,-0.060213277365792774,0.9953031849963362,31.4333333,988.054442348889,0.9990480724184196,2.1972245773362196,-2675.457822111319,4732.066916815046,3322.51548331801,89.99408913382499,21.80140948635181,70.0
2019-07-06,80.2,90.9,72.7,998.2,6.2,4.4,15.5,43.05740145117737,31.4333333,119.4833333,8.0,93.37176220529705,13.970837237700307,41.02853630983083,-0.07738647923346322,0.9953031849963362,31.4333333,988.054442348889,0.9990480724184196,2.1972245773362196,-2675.457822111319,4732.066916815046,3322.51548331801,89.99408913382499,21.80140948635181,73.9
2019-07-07,78.7,86.9,71.2,2.9,6.3,3.6,5.8,-92.9736022754665,31.4333333,119.4833333,8.0,91.55642633771411,13.96031913662731,40.992611700492866,-0.09453674981719933,0.9953031849963362,31.4333333,988.054442348889,0.9990480724184196,2.1972245773362196,-2675.457822111319,4732.066916815046,3322.51548331801,89.99408913382499,21.80140948635181,69.9
2019-07-08,79.6,87.1,70.9,3.6,6.9,4.9,9.7,-23.65973477606166,31.4333333,119.4833333,8.0,92.52944297974314,13.949162258252736,40.954611160942434,-0.11165900712169444,0.9953031849963362,31.4333333,988.054442348889,0.9990480724184196,2.1972245773362196,-2675.457822111319,4732.066916815046,3322.51548331801,89.99408913382499,21.80140948635181,70.7
2019-07-09,72.6,77.0,70.7,2.2,2.9,4.4,7.8,41.00268307753655,31.4333333,119.4833333,8.0,84.32111091442843,13.937373704864203,40.91452651103283,-0.12874817745258066,0.9953031849963362,31.4333333,988.054442348889,0.9990480724184196,2.1972245773362196,-2675.457822111319,4732.066916815046,3322.51548331801,89.99408913382499,21.80140948635181,70.6
2019-07-10,75.4,83.5,69.8,5.0,8.7,3.6,5.8,86.80711805418761,31.4333333,119.4833333,8.0,87.49517105860791,13.924960911184282,40.87234908988119,-0.14579919691987442,0.9953031849963362,31.4333333,988.054442348889,0.9990480724184196,2.1972245773362196,-2675.457822111319,4732.066916815046,3322.51548331801,89.99408913382499,21.80140948635181,69.1
2019-07-11,79.4,87.3,69.6,7.0,3.7,1.9,1.9,100.69216171355954,31.4333333,119.4833333,8.0,92.0506142777939,13.911931628885725,40.82806978141787,-0.16280701293851646,0.9953031849963362,31.4333333,988.054442348889,0.9990480724184196,2.1972245773362196,-2675.457822111319,4732.066916815046,3322.51548331801,89.99408913382499,21.80140948635181,71.0
2019-07-12,72.9,79.5,70.5,3.7,1.8,2.9,5.8,14.694709377929987,31.4333333,119.4833333,8.0,84.43213550746468,13.898293910693774,40.78167904151317,-0.17976658572556214,0.9953031849963362,31.4333333,988.054442348889,0.9990480724184196,2.1972245773362196,-2675.457822111319,4732.066916815046,3322.51548331801,89.99408913382499,21.80140948635181,71.4
2019-07-13,72.8,77.7,69.6,2.0,3.1,1.9,1.9,16.5327666641259,31.4333333,119.4833333,8.0,84.22994030444583,13.884056094139424,40.73316692668057,-0.19667288979357622,0.9953031849963362,31.4333333,988.054442348889,0.9990480724184196,2.1972245773362196,-2675.457822111319,4732.066916815046,3322.51548331801,89.99408913382499,21.80140948635181,70.3
2019-07-14,78.1,87.6,69.4,3.2,3.9,2.8,3.9,76.08297395508835,31.4333333,119.4833333,8.0,90.26555099255376,13.869226785027468,40.68252312435219,-0.2135209154397959,0.9953031849963362,31.4333333,988.054442348889,0.9990480724184196,2.1972245773362196,-2675.457822111319,4732.066916815046,3322.51548331801,89.99408913382499,21.80140948635181,70.6
2019-07-15,81.2,88.3,70.3,4.9,5.3,3.6,5.8,20.360787789698307,31.4333333,119.4833333,8.0,93.74414708862037,13.853814840682812,40.629736984719706,-0.23030567023061196,0.9953031849963362,31.4333333,988.054442348889,0.9990480724184196,2.1972245773362196,-2675.457822111319,4732.066916815046,3322.51548331801,89.99408913382499,21.80140948635181,72.5
2019-07-16,81.3,87.8,75.2,5.3,5.7,4.6,5.8,17.706198010101392,31.4333333,119.4833333,8.0,93.75129386683118,13.837829353037813,40.57479755412984,-0.24702218048093527,0.9953031849963362,31.4333333,988.054442348889,0.9990480724184196,2.1972245773362196,-2675.457822111319,4732.066916815046,3322.51548331801,89.99408913382499,21.80140948635181,76.8
2019-07-17,84.4,91.4,78.4,3.1,6.7,3.6,3.9,99.561961172868,31.4333333,119.4833333,8.0,97.20966674241028,13.821279631622314,40.51769361001994,-0.2636654927280072,0.9953031849963362,31.4333333,988.054442348889,0.9990480724184196,2.1972245773362196,-2675.457822111319,4732.066916815046,3322.51548331801,89.99408913382499,21.80140948635181,79.0
2019-07-18,84.6,93.9,79.0,0.4,10.1,4.6,5.8,69.44356331049117,31.4333333,119.4833333,8.0,97.31943506494272,13.8041751865167,40.45841369737558,-0.2802306751992161,0.9953031849963362,31.4333333,988.054442348889,0.9990480724184196,2.1972245773362196,-2675.457822111319,4732.066916815046,3322.51548331801,89.99408913382499,21.80140948635181,78.1
2019-07-19,81.4,85.6,77.9,0.1,11.6,3.6,5.8,104.12042214735318,31.4333333,119.4833333,8.0,93.51859940849859,13.786525711326572,40.39694616668703,-0.2967128192734901,0.9953031849963362,31.4333333,988.054442348889,0.9990480724184196,2.1972245773362196,-2675.457822111319,4732.066916815046,3322.51548331801,89.99408913382499,21.80140948635181,77.0
2019-07-20,83.6,91.2,77.0,2.7,7.8,2.6,3.9,-39.4479382858791,31.4333333,119.4833333,8.0,95.91944276144274,13.7683410662358,40.333279213377786,-0.3131070409358267,0.9953031849963362,31.4333333,988.054442348889,0.9990480724184196,2.1972245773362196,-2675.457822111319,4732.066916815046,3322.51548331801,89.99408913382499,21.80140948635181,76.2
2019-07-21,87.3,94.3,76.8,2.9,6.6,2.2,3.9,15.596610454720821,31.4333333,119.4833333,8.0,100.0285674251747,13.7496312611924,40.267400918673324,-0.3294084822245302,0.9953031849963362,31.4333333,988.054442348889,0.9990480724184196,2.1972245773362196,-2675.457822111319,4732.066916815046,3322.51548331801,89.99408913382499,21.80140948635181,78.6
2019-07-22,89.2,96.3,81.7,1.1,8.8,3.4,7.8,84.51947852290377,31.4333333,119.4833333,8.0,102.06268786531012,13.730406439279388,40.199299291873345,-0.3456123126707333,0.9953031849963362,31.4333333,988.054442348889,0.9990480724184196,2.1972245773362196,-2675.457822111319,4732.066916815046,3322.51548331801,89.99408913382499,21.80140948635181,80.0
2019-07-23,90.7,98.1,84.4,0.7,16.7,4.1,7.8,-62.322145984509945,31.4333333,119.4833333,8.0,103.62986593592024,13.710676860320207,40.128962313986314,-0.3617137307297674,0.9953031849963362,31.4333333,988.054442348889,0.9990480724184196,2.1972245773362196,-2675.457822111319,4732.066916815046,3322.51548331801,89.99408913382499,21.80140948635181,79.2
2019-07-24,91.8,97.9,85.6,2.5,16.1,3.6,5.8,70.54304453495428,31.4333333,119.4833333,8.0,104.73196456845544,13.690452884765419,40.05637798267951,-0.37770796520396466,0.9953031849963362,31.4333333,988.054442348889,0.9990480724184196,2.1972245773362196,-2675.457822111319,4732.066916815046,3322.51548331801,89.99408913382499,21.80140948635181,78.7
2019-07-25,91.7,98.4,86.2,2.4,15.8,3.9,5.8,-44.08211437516547,31.4333333,119.4833333,8.0,104.4596343866551,13.669744957904701,39.98153435849326,-0.39359027665646645,0.9953031849963362,31.4333333,988.054442348889,0.9990480724184196,2.1972245773362196,-2675.457822111319,4732.066916815046,3322.51548331801,89.99408913382499,21.80140948635181,78.8
2019-07-26,92.1,100.4,84.2,1.2,15.4,4.1,7.8,76.55041267744025,31.4333333,119.4833333,8.0,104.7527255873655,13.648563594445017,39.90441961226275,-0.4093559588156211,0.9953031849963362,31.4333333,988.054442348889,0.9990480724184196,2.1972245773362196,-2675.457822111319,4732.066916815046,3322.51548331801,89.99408913382499,21.80140948635181,79.0
2019-07-27,90.4,98.2,82.8,1.7,12.0,3.3,5.8,34.31820693363077,31.4333333,119.4833333,8.0,102.65612587164654,13.626919363492902,39.82502207368531,-0.42500033996955394,0.9953031849963362,31.4333333,988.054442348889,0.9990480724184196,2.1972245773362196,-2675.457822111319,4732.066916815046,3322.51548331801,89.99408913382499,21.80140948635181,80.2
2019-07-28,91.9,101.1,82.8,3.3,12.4,2.6,3.9,-44.84206597794122,31.4333333,119.4833333,8.0,104.19026850986323,13.604822873975612,39.74333028096685,-0.4405187843504952,0.9953031849963362,31.4333333,988.054442348889,0.9990480724184196,2.1972245773362196,-2675.457822111319,4732.066916815046,3322.51548331801,89.99408913382499,21.80140948635181,79.7
2019-07-29,91.8,100.9,82.8,4.4,16.9,3.9,7.8,14.251787532400638,31.4333333,119.4833333,8.0,103.90447841807574,13.582284760532776,39.659333031475164,-0.455906693508459,0.9953031849963362,31.4333333,988.054442348889,0.9990480724184196,2.1972245773362196,-2675.457822111319,4732.066916815046,3322.51548331801,89.99408913382499,21.80140948635181,77.7
2019-07-30,92.6,100.6,83.5,4.4,18.1,2.9,5.8,47.231628975944396,31.4333333,119.4833333,8.0,104.63271925278278,13.559315669907056,39.57301943332365,-0.47115950767386394,0.9953031849963362,31.4333333,988.054442348889,0.9990480724184196,2.1972245773362196,-2675.457822111319,4732.066916815046,3322.51548331801,89.99408913382499,21.80140948635181,76.8
2019-07-31,89.4,99.7,82.9,5.2,13.7,2.2,3.9,36.039933042856696,31.4333333,119.4833333,8.0,100.84265054655039,13.535926247859111,39.48437895780364,-0.4862727071086902,0.9953031849963362,31.4333333,988.054442348889,0.9990480724184196,2.1972245773362196,-2675.457822111319,4732.066916815046,3322.51548331801,89.99408913382499,21.80140948635181,80.8
2019-08-01,90.0,97.9,82.6,5.4,18.1,4.1,5.8,3.974404136338949,31.4333333,119.4833333,8.0,101.34095344971891,13.512127126629188,39.39340149257925,-0.5012418134457756,0.9953031849963362,31.4333333,988.054442348889,0.9990480724184196,2.1972245773362196,-2675.457822111319,4732.066916815046,3322.51548331801,89.99408913382499,21.80140948635181,78.3
2019-08-02,88.2,96.1,81.0,5.5,18.6,5.3,9.7,106.6931447708226,31.4333333,119.4833333,8.0,99.13627751028886,13.48792891296447,39.30007739555393,-0.5160623910158526,0.9953031849963362,31.4333333,988.054442348889,0.9990480724184196,2.1972245773362196,-2675.457822111319,4732.066916815046,3322.51548331801,89.99408913382499,21.80140948635181,76.6
2019-08-03,86.5,94.6,80.6,5.6,17.8,5.3,9.7,25.03041902396222,31.4333333,119.4833333,8.0,97.04825819058425,13.46334217672845,39.2043975493136,-0.5307300481619331,0.9953031849963362,31.4333333,988.054442348889,0.9990480724184196,2.1972245773362196,-2675.457822111319,4732.066916815046,3322.51548331801,89.99408913382499,21.80140948635181,75.1
2019-08-04,82.0,85.6,79.9,5.1,15.5,3.9,7.8,19.59546836730873,31.4333333,119.4833333,8.0,91.82891250738852,13.438377440105638,39.106353416047355,-0.5452404385406507,0.9953031849963362,31.4333333,988.054442348889,0.9990480724184196,2.1972245773362196,-2675.457822111319,4732.066916815046,3322.51548331801,89.99408913382499,21.80140948635181,77.7
2019-08-05,86.7,93.7,79.9,4.6,17.9,4.6,7.8,-83.3007982358251,31.4333333,119.4833333,8.0,96.90925133455288,13.413045167412163,39.00593709284275,-0.5595892624101763,0.9953031849963362,31.4333333,988.054442348889,0.9990480724184196,2.1972245773362196,-2675.457822111319,4732.066916815046,3322.51548331801,89.99408913382499,21.80140948635181,78.2
2019-08-06,86.6,94.5,78.1,3.2,15.1,4.1,7.8,112.76571735343057,31.4333333,119.4833333,8.0,96.61208403567002,13.387355755520097,38.903141367248935,-0.5737722679043243,0.9953031849963362,31.4333333,988.054442348889,0.9990480724184196,2.1972245773362196,-2675.457822111319,4732.066916815046,3322.51548331801,89.99408913382499,21.80140948635181,75.9
2019-08-07,86.6,93.7,77.9,1.9,8.9,4.4,7.8,-43.92755548388833,31.4333333,119.4833333,8.0,96.42418923803426,13.361319524900821,38.79795977299808,-0.5877852522924734,0.9953031849963362,31.4333333,988.054442348889,0.9990480724184196,2.1972245773362196,-2675.457822111319,4732.066916815046,3322.51548331801,89.99408913382499,21.80140948635181,76.1
2019-08-08,87.0,95.7,80.8,2.3,14.4,4.1,5.8,20.766982176476137,31.4333333,119.4833333,8.0,96.67836365685443,13.334946711290264,38.690386645771774,-0.6016240632249227,0.9953031849963362,31.4333333,988.054442348889,0.9990480724184196,2.1972245773362196,-2675.457822111319,4732.066916815046,3322.51548331801,89.99408913382499,21.80140948635181,79.1
2019-08-09,85.4,94.5,79.0,997.7,10.8,7.5,9.7,79.90531115618872,31.4333333,119.4833333,8.0,94.71036107593358,13.308247457976615,38.580417178897605,-0.6152845999633277,0.9953031849963362,31.4333333,988.054442348889,0.9990480724184196,2.1972245773362196,-2675.457822111319,4732.066916815046,3322.51548331801,89.99408913382499,21.80140948635181,78.0
2019-08-10,80.1,81.1,78.4,986.5,4.4,9.2,11.7,-27.47994099035441,31.4333333,119.4833333,8.0,88.65222232313135,13.281231808708819,38.46804747885721,-0.6287628145958345,0.9953031849963362,31.4333333,988.054442348889,0.9990480724184196,2.1972245773362196,-2675.457822111319,4732.066916815046,3322.51548331801,89.99408913382499,21.80140948635181,79.2
2019-08-11,81.8,88.2,78.1,993.7,17.2,6.6,9.7,28.061248644617,31.4333333,119.4833333,8.0,90.34748446333235,13.25390970122235,38.353274620486395,-0.6420547132365636,0.9953031849963362,31.4333333,988.054442348889,0.9990480724184196,2.1972245773362196,-2675.457822111319,4732.066916815046,3322.51548331801,89.99408913382499,21.80140948635181,73.6
2019-08-12,83.7,91.0,77.2,998.9,14.8,3.9,7.8,-26.836737183611984,31.4333333,119.4833333,8.0,92.25337945560226,13.226290961376668,38.23609670174587,-0.655156357209085,0.9953031849963362,31.4333333,988.054442348889,0.9990480724184196,2.1972245773362196,-2675.457822111319,4732.066916815046,3322.51548331801,89.99408913382499,21.80140948635181,73.1
2019-08-13,84.6,93.9,76.8,0.5,11.6,2.9,3.9,59.69929039221955,31.4333333,119.4833333,8.0,93.0486163501752,13.198385297897191,38.116512897939344,-0.6680638642135333,0.9953031849963362,31.4333333,988.054442348889,0.9990480724184196,2.1972245773362196,-2675.457822111319,4732.066916815046,3322.51548331801,89.99408913382499,21.80140948635181,74.4
2019-08-14,85.4,94.1,78.1,999.7,8.0,3.6,5.8,27.44443766041445,31.4333333,119.4833333,8.0,93.72793968539052,13.170202297712953,37.99452351525558,-0.6807734094770159,0.9953031849963362,31.4333333,988.054442348889,0.9990480724184196,2.1972245773362196,-2675.457822111319,4732.066916815046,3322.51548331801,89.99408913382499,21.80140948635181,75.1
2019-08-15,84.4,91.6,75.9,998.4,9.8,2.9,3.9,84.40263296103537,31.4333333,119.4833333,8.0,92.43031833388754,13.141751421879745,37.87013004351017,-0.6932812268869771,0.9953031849963362,31.4333333,988.054442348889,0.9990480724184196,2.1972245773362196,-2675.457822111319,4732.066916815046,3322.51548331801,89.99408913382499,21.80140948635181,73.0
2019-08-16,83.9,94.3,73.4,0.1,11.0,2.7,3.9,95.65831136143125,31.4333333,119.4833333,8.0,91.68201866452284,13.113042002077165,37.74333520796215,-0.7055836101071774,0.9953031849963362,31.4333333,988.054442348889,0.9990480724184196,2.1972245773362196,-2675.457822111319,4732.066916815046,3322.51548331801,89.99408913382499,21.80140948635181,72.0
2019-08-17,86.9,97.5,73.4,3.1,9.2,3.4,5.8,40.030046622398764,31.4333333,119.4833333,8.0,94.75056944610458,13.084083237666913,37.61414302008192,-0.7176769136759615,0.9953031849963362,31.4333333,988.054442348889,0.9990480724184196,2.1972245773362196,-2675.457822111319,4732.066916815046,3322.51548331801,89.99408913382499,21.80140948635181,74.9
2019-08-18,81.9,89.8,75.7,6.0,8.2,4.1,5.8,55.07293904689437,31.4333333,119.4833333,8.0,89.09958461926307,13.054884193298617,37.48255882714619,-0.7295575540864876,0.9953031849963362,31.4333333,988.054442348889,0.9990480724184196,2.1972245773362196,-2675.457822111319,4732.066916815046,3322.51548331801,89.99408913382499,21.80140948635181,74.5
2019-08-19,82.9,90.9,76.1,7.5,11.6,5.3,7.8,26.665446938003598,31.4333333,119.4833333,8.0,89.9841766479439,13.025453797048574,37.34858936053789,-0.7412220108485957,0.9953031849963362,31.4333333,988.054442348889,0.9990480724184196,2.1972245773362196,-2675.457822111319,4732.066916815046,3322.51548331801,89.99408913382499,21.80140948635181,73.9
2019-08-20,82.3,89.6,75.7,5.9,9.9,3.2,5.8,-4.421027917371157,31.4333333,119.4833333,8.0,89.12953408799666,12.995800839076063,37.21224278262947,-0.7526668275320083,0.9953031849963362,31.4333333,988.054442348889,0.9990480724184196,2.1972245773362196,-2675.457822111319,4732.066916815046,3322.51548331801,89.99408913382499,21.80140948635181,74.3
2019-08-21,84.1,91.4,76.3,6.2,9.6,2.9,3.9,37.608714459946995,31.4333333,119.4833333,8.0,90.86958724522461,12.965933970781158,37.07352873213031,-0.7638886127905429,0.9953031849963362,31.4333333,988.054442348889,0.9990480724184196,2.1972245773362196,-2675.457822111319,4732.066916815046,3322.51548331801,89.99408913382499,21.80140948635181,73.5
2019-08-22,83.8,91.8,77.5,8.2,7.5,3.6,5.8,103.5875906158442,31.4333333,119.4833333,8.0,90.33543423605876,12.935861704447557,36.93245836778094,-0.7748840413670406,0.9953031849963362,31.4333333,988.054442348889,0.9990480724184196,2.1972245773362196,-2675.457822111319,4732.066916815046,3322.51548331801,89.99408913382499,21.80140948635181,73.0
2019-08-23,84.9,92.7,77.0,9.4,7.0,3.6,5.8,0.8489385304253965,31.4333333,119.4833333,8.0,91.30706632447503,12.90559241335336,36.78904441027915,-0.7856498550787144,0.9953031849963362,31.4333333,988.054442348889,0.9990480724184196,2.1972245773362196,-2675.457822111319,4732.066916815046,3322.51548331801,89.99408913382499,21.80140948635181,73.8
2019-08-24,84.0,90.5,78.4,8.9,8.5,4.1,5.8,-16.94137806146098,31.4333333,119.4833333,8.0,90.12594032632747,12.875134332332497,36.64330118232609,-0.7961828637826154,0.9953031849963362,31.4333333,988.054442348889,0.9990480724184196,2.1972245773362196,-2675.457822111319,4732.066916815046,3322.51548331801,89.99408913382499,21.80140948635181,71.6
2019-08-25,86.9,94.8,79.9,6.9,12.2,5.3,7.8,-0.3243923360196419,31.4333333,119.4833333,8.0,93.01555533808761,12.844495558769289,36.49524464668373,-0.8064799463209447,0.9953031849963362,31.4333333,988.054442348889,0.9990480724184196,2.1972245773362196,-2675.457822111319,4732.066916815046,3322.51548331801,89.99408913382499,21.80140948635181,79.2
2019-08-26,89.3,98.1,81.3,5.2,12.3,2.8,3.9,2.0180894649590044,31.4333333,119.4833333,8.0,95.35516550191201,12.813684054008334,36.34489244213841,-0.8165380514459157,0.9953031849963362,31.4333333,988.054442348889,0.9990480724184196,2.1972245773362196,-2675.457822111319,4732.066916815046,3322.51548331801,89.99408913382499,21.80140948635181,79.8
2019-08-27,85.6,98.4,79.3,6.5,7.7,3.2,7.8,-77.9246129518126,31.4333333,119.4833333,8.0,91.18331453548876,12.782707645161977,36.19226391726931,-0.8263541987239094,0.9953031849963362,31.4333333,988.054442348889,0.9990480724184196,2.1972245773362196,-2675.457822111319,4732.066916815046,3322.51548331801,89.99408913382499,21.80140948635181,78.9
2019-08-28,74.7,81.5,69.1,8.5,8.0,3.4,7.8,17.37316037220656,31.4333333,119.4833333,8.0,79.37854831992705,12.751574027297519,36.037380161924894,-0.8359254794186365,0.9953031849963362,31.4333333,988.054442348889,0.9990480724184196,2.1972245773362196,-2675.457822111319,4732.066916815046,3322.51548331801,89.99408913382499,21.80140948635181,71.5
2019-08-29,73.5,81.9,67.8,9.5,11.5,3.1,5.8,14.453644127851812,31.4333333,119.4833333,8.0,77.9117809416669,12.720290765986434,35.880264036314585,-0.8452490573530634,0.9953031849963362,31.4333333,988.054442348889,0.9990480724184196,2.1972245773362196,-2675.457822111319,4732.066916815046,3322.51548331801,89.99408913382499,21.80140948635181,67.7
2019-08-30,79.5,88.2,67.1,11.0,7.5,2.8,3.9,26.43632575885858,31.4333333,119.4833333,8.0,84.06373261381124,12.688865300197923,35.72094019762842,-0.8543221697498269,0.9953031849963362,31.4333333,988.054442348889,0.9990480724184196,2.1972245773362196,-2675.457822111319,4732.066916815046,3322.51548331801,89.99408913382499,21.80140948635181,69.8
2019-08-31,78.7,87.3,70.2,12.7,8.7,3.4,7.8,-5.725974712578736,31.4333333,119.4833333,8.0,83.01082493436434,12.657304945519337,35.55943512410181,-0.8631421280499115,0.9953031849963362,31.4333333,988.054442348889,0.9990480724184196,2.1972245773362196,-2675.457822111319,4732.066916815046,3322.51548331801,89.99408913382499,21.80140948635181,68.7
2019-09-01,70.0,73.9,68.2,15.0,6.7,3.9,5.8,34.06473812966502,31.4333333,119.4833333,8.0,73.64943190316923,12.625616897686156,35.3957771364483,-0.8717063187093217,0.9953031849963362,31.4333333,988.054442348889,0.9990480724184196,2.1972245773362196,-2675.457822111319,4732.066916815046,3322.51548331801,89.99408913382499,21.80140948635181,67.8
2019-09-02,70.0,70.9,68.0,14.1,2.4,2.9,5.8,91.45646211139733,31.4333333,119.4833333,8.0,73.46388137902659,12.59380823640456,35.22999641658908,-0.8800122039735356,0.9953031849963362,31.4333333,988.054442348889,0.9990480724184196,2.1972245773362196,-2675.457822111319,4732.066916815046,3322.51548331801,89.99408913382499,21.80140948635181,69.5
2019-09-03,73.8,78.4,69.6,11.4,3.6,2.5,3.9,124.71753717479517,31.4333333,119.4833333,8.0,77.25559846611569,12.561885929449705,35.062125023613106,-0.888057322629493,0.9953031849963362,31.4333333,988.054442348889,0.9990480724184196,2.1972245773362196,-2675.457822111319,4732.066916815046,3322.51548331801,89.99408913382499,21.80140948635181,71.0
2019-09-04,73.0,74.8,70.3,9.8,1.5,2.3,3.9,25.25510103943744,31.4333333,119.4833333,8.0,76.22329575855885,12.529856837023372,34.89219690690873,-0.8958392907349089,0.9953031849963362,31.4333333,988.054442348889,0.9990480724184196,2.1972245773362196,-2675.457822111319,4732.066916815046,3322.51548331801,89.99408913382499,21.80140948635181,72.1
2019-09-05,76.6,82.4,72.3,6.5,5.0,2.9,5.8,-99.85016808405507,31.4333333,119.4833333,8.0,79.77716192273093,12.497727716354714,34.72024791641312,-0.9033558023246842,0.9953031849963362,31.4333333,988.054442348889,0.9990480724184196,2.1972245773362196,-2675.457822111319,4732.066916815046,3322.51548331801,89.99408913382499,21.80140948635181,75.1
2019-09-06,78.8,85.8,73.9,2.4,14.4,4.9,7.8,143.03079464518603,31.4333333,119.4833333,8.0,81.85681765420277,12.465505226528341,34.5463158099328,-0.9106046300942162,0.9953031849963362,31.4333333,988.054442348889,0.9990480724184196,2.1972245773362196,-2675.457822111319,4732.066916815046,3322.51548331801,89.99408913382499,21.80140948635181,73.7
2019-09-07,78.0,88.0,70.0,4.8,7.9,2.6,3.9,48.34941102017827,31.4333333,119.4833333,8.0,80.81577356790783,12.433195933524281,34.37044025749507,-0.9175836260593934,0.9953031849963362,31.4333333,988.054442348889,0.9990480724184196,2.1972245773362196,-2675.457822111319,4732.066916815046,3322.51548331801,89.99408913382499,21.80140948635181,69.5
2019-09-08,79.0,88.5,69.8,5.9,3.6,2.3,3.9,-16.50399150113455,31.4333333,119.4833333,8.0,81.63864157674284,12.40080631545461,34.192662842696635,-0.9242907221930934,0.9953031849963362,31.4333333,988.054442348889,0.9990480724184196,2.1972245773362196,-2675.457822111319,4732.066916815046,3322.51548331801,89.99408913382499,21.80140948635181,69.5
2019-09-09,80.1,88.9,70.7,7.3,9.7,3.1,3.9,-57.45350909973825,31.4333333,119.4833333,8.0,82.5586879762799,12.368342767982009,34.01302706102298,-0.9307239310379793,0.9953031849963362,31.4333333,988.054442348889,0.9990480724184196,2.1972245773362196,-2675.457822111319,4732.066916815046,3322.51548331801,89.99408913382499,21.80140948635181,71.6
2019-09-10,82.3,89.8,73.0,11.2,8.9,3.6,5.8,-56.08432233168074,31.4333333,119.4833333,8.0,84.60310795793728,12.335811609905802,33.83157831511873,-0.9368813462954315,0.9953031849963362,31.4333333,988.054442348889,0.9990480724184196,2.1972245773362196,-2675.457822111319,4732.066916815046,3322.51548331801,89.99408913382499,21.80140948635181,74.7
2019-09-11,82.2,89.4,76.1,13.4,6.0,3.4,5.8,-49.202851602516546,31.4333333,119.4833333,8.0,84.27705075897383,12.303219088901288,33.64836390699623,-0.9427611433904206,0.9953031849963362,31.4333333,988.054442348889,0.9990480724184196,2.1972245773362196,-2675.457822111319,4732.066916815046,3322.51548331801,89.99408913382499,21.80140948635181,75.8
2019-09-12,81.9,89.2,75.4,11.2,5.8,3.6,3.9,-100.11145608782167,31.4333333,119.4833333,8.0,83.74664971899591,12.270571387398668,33.46343302717718,-0.9483615800121716,0.9953031849963362,31.4333333,988.054442348889,0.9990480724184196,2.1972245773362196,-2675.457822111319,4732.066916815046,3322.51548331801,89.99408913382499,21.80140948635181,75.2
2019-09-13,81.0,88.9,74.8,9.9,8.4,2.7,5.8,101.05809626335343,31.4333333,119.4833333,8.0,82.60565374296873,12.237874628587958,33.27683674076849,-0.9536809966304455,0.9953031849963362,31.4333333,988.054442348889,0.9990480724184196,2.1972245773362196,-2675.457822111319,4732.066916815046,3322.51548331801,89.99408913382499,21.80140948635181,73.6
2019-09-14,81.6,88.7,74.5,11.4,7.5,3.4,5.8,21.626554622758672,31.4333333,119.4833333,8.0,82.99491720125025,12.2051348825368,33.08862797048146,-0.9587178169872964,0.9953031849963362,31.4333333,988.054442348889,0.9990480724184196,2.1972245773362196,-2675.457822111319,4732.066916815046,3322.51548331801,89.99408913382499,21.80140948635181,73.4
2019-09-15,76.2,83.1,69.6,11.5,15.2,3.2,3.9,47.77624705482149,31.4333333,119.4833333,8.0,77.29447439479158,12.172358172408122,32.89886147660997,-0.9634705485641486,0.9953031849963362,31.4333333,988.054442348889,0.9990480724184196,2.1972245773362196,-2675.457822111319,4732.066916815046,3322.51548331801,89.99408913382499,21.80140948635181,67.2
2019-09-16,77.0,84.9,69.1,12.9,11.6,4.1,5.8,78.21703730394287,31.4333333,119.4833333,8.0,77.89544891824222,12.139550480765022,32.70759383399089,-0.9679377830240642,0.9953031849963362,31.4333333,988.054442348889,0.9990480724184196,2.1972245773362196,-2675.457822111319,4732.066916815046,3322.51548331801,89.99408913382499,21.80140948635181,64.6
2019-09-17,78.1,85.3,69.4,15.3,13.8,3.4,5.8,69.14718157676676,31.4333333,119.4833333,8.0,78.79455472831049,12.106717755950397,32.514883405976605,-0.9721181966290612,0.9953031849963362,31.4333333,988.054442348889,0.9990480724184196,2.1972245773362196,-2675.457822111319,4732.066916815046,3322.51548331801,89.99408913382499,21.80140948635181,66.0
2019-09-18,76.1,86.5,64.6,19.2,15.6,5.1,5.8,94.66110529620781,31.4333333,119.4833333,8.0,76.56843303333802,12.073865918528995,32.32079031545701,-0.9760105506323682,0.9953031849963362,31.4333333,988.054442348889,0.9990480724184196,2.1972245773362196,-2675.457822111319,4732.066916815046,3322.51548331801,89.99408913382499,21.80140948635181,61.2
2019-09-19,72.1,80.8,62.2,17.3,16.2,3.9,5.8,137.90903226451383,31.4333333,119.4833333,8.0,72.3463468805771,12.041000867779823,32.125376412974774,-0.9796136916454901,0.9953031849963362,31.4333333,988.054442348889,0.9990480724184196,2.1972245773362196,-2675.457822111319,4732.066916815046,3322.51548331801,89.99408913382499,21.80140948635181,58.8
2019-09-20,73.1,80.8,62.6,14.1,15.0,4.6,7.8,7.731817650805144,31.4333333,119.4833333,8.0,73.14951604078216,12.008128488226895,31.928705241984765,-0.9829265519799822,0.9953031849963362,31.4333333,988.054442348889,0.9990480724184196,2.1972245773362196,-2675.457822111319,4732.066916815046,3322.51548331801,89.99408913382499,21.80140948635181,59.4
2019-09-21,73.6,81.3,66.6,12.9,16.1,6.1,9.7,130.97274364295413,31.4333333,119.4833333,8.0,73.44822855800489,11.97525465619645,31.73084200131524,-0.9859481499638303,0.9953031849963362,31.4333333,988.054442348889,0.9990480724184196,2.1972245773362196,-2675.457822111319,4732.066916815046,3322.51548331801,89.99408913382499,21.80140948635181,61.9
2019-09-22,72.3,81.7,63.9,15.5,15.5,5.1,9.7,60.574464819358475,31.4333333,119.4833333,8.0,71.95287110949289,11.942385246388861,31.531853504894727,-0.9886775902323404,0.9953031849963362,31.4333333,988.054442348889,0.9990480724184196,2.1972245773362196,-2675.457822111319,4732.066916815046,3322.51548331801,89.99408913382499,21.80140948635181,57.2
2019-09-23,70.6,82.8,60.3,19.4,12.3,2.9,3.9,-85.09798398878907,31.4333333,119.4833333,8.0,70.06771211456766,11.909526138453426,31.33180813881496,-0.9911140639934546,0.9953031849963362,31.4333333,988.054442348889,0.9990480724184196,2.1972245773362196,-2675.457822111319,4732.066916815046,3322.51548331801,89.99408913382499,21.80140948635181,57.4
2019-09-24,72.3,83.7,59.9,19.6,9.1,1.9,1.9,40.564850214837364,31.4333333,119.4833333,8.0,71.55701642191485,11.876683223554334,31.13077581580667,-0.9932568492674143,0.9953031849963362,31.4333333,988.054442348889,0.9990480724184196,2.1972245773362196,-2675.457822111319,4732.066916815046,3322.51548331801,89.99408913382499,21.80140948635181,59.4
2019-09-25,76.4,86.4,62.6,19.1,8.5,2.2,3.9,43.86347655414035,31.4333333,119.4833333,8.0,75.40592401616502,11.84386241091597,30.928827927210428,-0.9951053111006974,0.9953031849963362,31.4333333,988.054442348889,0.9990480724184196,2.1972245773362196,-2675.457822111319,4732.066916815046,3322.51548331801,89.99408913382499,21.80140948635181,61.2
2019-09-26,71.1,76.1,66.4,20.3,5.0,2.9,5.8,101.86987712753547,31.4333333,119.4833333,8.0,69.98058758343949,11.81106963433578,30.726037292531124,-0.99665890175417,0.9953031849963362,31.4333333,988.054442348889,0.9990480724184196,2.1972245773362196,-2675.457822111319,4732.066916815046,3322.51548331801,89.99408913382499,21.80140948635181,65.2
2019-09-27,72.1,82.0,63.7,19.4,6.7,3.1,3.9,-9.377539101808685,31.4333333,119.4833333,8.0,70.76801774240519,11.778310858652738,30.522478106669872,-0.9979171608653922,0.9953031849963362,31.4333333,988.054442348889,0.9990480724184196,2.1972245773362196,-2675.457822111319,4732.066916815046,3322.51548331801,89.99408913382499,21.80140948635181,63.6
2019-09-28,72.7,82.8,63.5,17.4,4.3,2.9,5.8,28.664840175804343,31.4333333,119.4833333,8.0,71.15871205531539,11.745592086159348,30.31822588493223,-0.9988797155850335,0.9953031849963362,31.4333333,988.054442348889,0.9990480724184196,2.1972245773362196,-2675.457822111319,4732.066916815046,3322.51548331801,89.99408913382499,21.80140948635181,64.7
2019-09-29,74.2,83.8,65.5,15.7,3.8,2.5,3.9,-137.96549284840046,31.4333333,119.4833333,8.0,72.42488472754363,11.71291936294506,30.11335740591715,-0.9995462806873573,0.9953031849963362,31.4333333,988.054442348889,0.9990480724184196,2.1972245773362196,-2675.457822111319,4732.066916815046,3322.51548331801,89.99408913382499,21.80140948635181,65.9
2019-09-30,75.1,82.9,66.6,13.9,5.6,3.6,5.8,-14.41033747723917,31.4333333,119.4833333,8.0,73.09920323045104,11.680298785158621,29.90795065239508,-0.9999166586547379,0.9953031849963362,31.4333333,988.054442348889,0.9990480724184196,2.1972245773362196,-2675.457822111319,4732.066916815046,3322.51548331801,89.99408913382499,21.80140948635181,67.3
2019-10-01,75.4,79.0,70.3,10.2,8.2,5.8,7.8,-84.45217168311785,31.4333333,119.4833333,8.0,73.18661104086135,11.647736505176871,29.70208475028882,-0.9999907397361901,0.9953031849963362,31.4333333,988.054442348889,0.9990480724184196,2.1972245773362196,-2675.457822111319,4732.066916815046,3322.51548331801,89.99408913382499,21.80140948635181,71.4
2019-10-02,76.8,83.3,67.5,10.9,10.0,3.1,3.9,15.604477289151529,31.4333333,119.4833333,8.0,74.33752792106957,11.61523873766712,29.495839905874252,-0.9997685019798909,0.9953031849963362,31.4333333,988.054442348889,0.9990480724184196,2.1972245773362196,-2675.457822111319,4732.066916815046,3322.51548331801,89.99408913382499,21.80140948635181,69.3
2019-10-03,76.6,87.8,67.1,11.4,5.9,2.3,3.9,72.27187931220017,31.4333333,119.4833333,8.0,73.93694843663344,11.582811765530044,29.289297341322097,-0.9992500112396835,0.9953031849963362,31.4333333,988.054442348889,0.9990480724184196,2.1972245773362196,-2675.457822111319,4732.066916815046,3322.51548331801,89.99408913382499,21.80140948635181,69.2
2019-10-04,79.6,88.3,68.4,12.9,5.9,3.4,3.9,-42.75675575370034,31.4333333,119.4833333,8.0,76.61806423987468,11.550461945709753,29.08253922870554,-0.9984354211555643,0.9953031849963362,31.4333333,988.054442348889,0.9990480724184196,2.1972245773362196,-2675.457822111319,4732.066916815046,3322.51548331801,89.99408913382499,21.80140948635181,70.7
2019-10-05,66.9,75.0,63.0,20.7,12.9,5.6,7.8,23.37971850270138,31.4333333,119.4833333,8.0,64.21394111032996,11.51819571485739,28.87564862260119,-0.9973249731081555,0.9953031849963362,31.4333333,988.054442348889,0.9990480724184196,2.1972245773362196,-2675.457822111319,4732.066916815046,3322.51548331801,89.99408913382499,21.80140948635181,61.0
2019-10-06,69.1,73.4,62.8,19.4,11.3,3.1,3.9,-42.928734231424066,31.4333333,119.4833333,8.0,66.14032950025405,11.486019594834278,28.66870939141411,-0.9959189961471792,0.9953031849963362,31.4333333,988.054442348889,0.9990480724184196,2.1972245773362196,-2675.457822111319,4732.066916815046,3322.51548331801,89.99408913382499,21.80140948635181,61.9
2019-10-07,63.7,69.3,60.4,20.9,5.8,3.4,7.8,-60.48869113261739,31.4333333,119.4833333,8.0,60.8013325512643,11.453940198040371,28.4618061475599,-0.994217906893952,0.9953031849963362,31.4333333,988.054442348889,0.9990480724184196,2.1972245773362196,-2675.457822111319,4732.066916815046,3322.51548331801,89.99408913382499,21.80140948635181,58.0
2019-10-08,60.0,64.0,56.5,22.4,2.5,2.4,3.9,13.159341923652498,31.4333333,119.4833333,8.0,57.10982116276661,11.421964232553321,28.255024176638706,-0.9922222094179324,0.9953031849963362,31.4333333,988.054442348889,0.9990480724184196,2.1972245773362196,-2675.457822111319,4732.066916815046,3322.51548331801,89.99408913382499,21.80140948635181,56.3
2019-10-09,66.9,74.3,56.1,15.9,3.9,3.6,5.8,-80.03740120857094,31.4333333,119.4833333,8.0,63.49979917687764,11.390098507063252,28.048449365738218,-0.989932495087353,0.9953031849963362,31.4333333,988.054442348889,0.9990480724184196,2.1972245773362196,-2675.457822111319,4732.066916815046,3322.51548331801,89.99408913382499,21.80140948635181,62.0
2019-10-10,74.2,84.2,62.8,12.6,4.1,3.1,5.8,28.785954345925028,31.4333333,119.4833333,8.0,70.23246376838523,11.358349935587908,27.842168131003444,-0.9873494423939864,0.9953031849963362,31.4333333,988.054442348889,0.9990480724184196,2.1972245773362196,-2675.457822111319,4732.066916815046,3322.51548331801,89.99408913382499,21.80140948635181,66.0
2019-10-11,70.6,74.1,68.2,14.1,2.7,2.3,3.9,-112.20600673786551,31.4333333,119.4833333,8.0,66.63890193848718,11.326725541952497,27.636267344612456,-0.9844738167520923,0.9953031849963362,31.4333333,988.054442348889,0.9990480724184196,2.1972245773362196,-2675.457822111319,4732.066916815046,3322.51548331801,89.99408913382499,21.80140948635181,64.3
2019-10-12,70.0,73.4,67.6,16.5,5.2,2.5,3.9,-70.89931950473698,31.4333333,119.4833333,8.0,65.88885604010667,11.295232464018286,27.43083426129786,-0.9813064702716093,0.9953031849963362,31.4333333,988.054442348889,0.9990480724184196,2.1972245773362196,-2675.457822111319,4732.066916815046,3322.51548331801,89.99408913382499,21.80140948635181,63.4
2019-10-13,70.6,75.6,64.6,20.9,8.2,3.2,3.9,20.329436978716004,31.4333333,119.4833333,8.0,66.26914865080302,11.263877957643572,27.22595644455347,-0.9778483415056567,0.9953031849963362,31.4333333,988.054442348889,0.9990480724184196,2.1972245773362196,-2675.457822111319,4732.066916815046,3322.51548331801,89.99408913382499,21.80140948635181,62.1
2019-10-14,64.2,74.1,55.0,28.8,13.3,5.6,7.8,33.674850245031976,31.4333333,119.4833333,8.0,60.094781291928655,11.232669400360496,27.02172169266633,-0.9741004551724206,0.9953031849963362,31.4333333,988.054442348889,0.9990480724184196,2.1972245773362196,-2675.457822111319,4732.066916815046,3322.51548331801,89.99408913382499,21.80140948635181,55.5
2019-10-15,59.0,69.1,48.7,28.8,15.7,3.9,7.8,-108.04448989667894,31.4333333,119.4833333,8.0,55.07460361585744,11.201614294750666,26.818217964712723,-0.970063921851507,0.9953031849963362,31.4333333,988.054442348889,0.9990480724184196,2.1972245773362196,-2675.457822111319,4732.066916815046,3322.51548331801,89.99408913382499,21.80140948635181,46.4
2019-10-16,63.0,70.3,48.0,24.7,13.0,2.9,3.9,23.60474318697174,31.4333333,119.4833333,8.0,58.64628142538836,11.170720271502544,26.61553330665657,-0.965739937654855,0.9953031849963362,31.4333333,988.054442348889,0.9990480724184196,2.1972245773362196,-2675.457822111319,4732.066916815046,3322.51548331801,89.99408913382499,21.80140948635181,49.4
2019-10-17,64.7,72.5,56.8,22.7,13.2,3.1,5.8,80.76398941225492,31.4333333,119.4833333,8.0,60.063140205084515,11.139995092133141,26.413755777687044,-0.9611297838723007,0.9953031849963362,31.4333333,988.054442348889,0.9990480724184196,2.1972245773362196,-2675.457822111319,4732.066916815046,3322.51548331801,89.99408913382499,21.80140948635181,52.5
2019-10-18,62.1,73.2,52.9,22.0,8.4,4.3,7.8,56.94115078017256,31.4333333,119.4833333,8.0,57.4913864207696,11.109446651356444,26.212973376930403,-0.9562348265919058,0.9953031849963362,31.4333333,988.054442348889,0.9990480724184196,2.1972245773362196,-2675.457822111319,4732.066916815046,3322.51548331801,89.99408913382499,21.80140948635181,53.4
2019-10-19,62.9,75.0,52.2,21.9,3.6,2.7,3.9,-62.89762378908115,31.4333333,119.4833333,8.0,58.0728599486825,11.079082979080923,26.013273970669278,-0.9510565162951536,0.9953031849963362,31.4333333,988.054442348889,0.9990480724184196,2.1972245773362196,-2675.457822111319,4732.066916815046,3322.51548331801,89.99408913382499,21.80140948635181,53.4
2019-10-20,63.6,76.3,53.1,19.1,4.7,3.6,5.8,30.14626136509279,31.4333333,119.4833333,8.0,58.5592348826967,11.048912242018245,25.814745220199946,-0.9455963874271428,0.9953031849963362,31.4333333,988.054442348889,0.9990480724184196,2.1972245773362196,-2675.457822111319,4732.066916815046,3322.51548331801,89.99408913382499,21.80140948635181,54.7
2019-10-21,64.5,75.0,55.2,16.7,3.7,2.8,5.8,43.899446824508374,31.4333333,119.4833333,8.0,59.22681725375925,11.018942744885441,25.61747451045537,-0.9398560579418953,0.9953031849963362,31.4333333,988.054442348889,0.9990480724184196,2.1972245773362196,-2675.457822111319,4732.066916815046,3322.51548331801,89.99408913382499,21.80140948635181,56.7
2019-10-22,65.3,70.5,56.1,15.9,4.7,2.2,3.9,-107.67927427686595,31.4333333,119.4833333,8.0,59.799470450519394,10.989182931182738,25.421548879518948,-0.9338372288229252,0.9953031849963362,31.4333333,988.054442348889,0.9990480724184196,2.1972245773362196,-2675.457822111319,4732.066916815046,3322.51548331801,89.99408913382499,21.80140948635181,57.3
2019-10-23,63.5,73.9,54.9,17.2,3.6,2.6,3.9,82.14676288012157,31.4333333,119.4833333,8.0,57.99476898784295,10.959641383529377,25.227054949149803,-0.9275416835791965,0.9953031849963362,31.4333333,988.054442348889,0.9990480724184196,2.1972245773362196,-2675.457822111319,4732.066916815046,3322.51548331801,89.99408913382499,21.80140948635181,55.7
2019-10-24,63.8,75.9,53.8,19.6,2.7,2.3,3.9,99.241468406308,31.4333333,119.4833333,8.0,58.11290427848767,10.930326823540002,25.03407885643723,-0.9209712877166347,0.9953031849963362,31.4333333,988.054442348889,0.9990480724184196,2.1972245773362196,-2675.457822111319,4732.066916815046,3322.51548331801,89.99408913382499,21.80140948635181,55.6
2019-10-25,66.2,75.9,55.2,22.2,5.6,4.4,5.8,83.42441207615046,31.4333333,119.4833333,8.0,60.13855208025468,10.901248111224412,24.84270618669736,-0.9141279881853337,0.9953031849963362,31.4333333,988.054442348889,0.9990480724184196,2.1972245773362196,-2675.457822111319,4732.066916815046,3322.51548331801,89.99408913382499,21.80140948635181,55.3
2019-10-26,58.0,62.6,53.4,22.7,11.3,3.1,5.8,76.82446232184537,31.4333333,119.4833333,8.0,52.55000217882063,10.872414243893923,24.653021907720653,-0.9070138128026362,0.9953031849963362,31.4333333,988.054442348889,0.9990480724184196,2.1972245773362196,-2675.457822111319,4732.066916815046,3322.51548331801,89.99408913382499,21.80140948635181,46.4
2019-10-27,55.8,63.1,48.9,19.2,3.7,1.9,1.9,52.34975687862171,31.4333333,119.4833333,8.0,50.42382974869482,10.843834354558027,24.46511030547417,-0.8996308696522434,0.9953031849963362,31.4333333,988.054442348889,0.9990480724184196,2.1972245773362196,-2675.457822111319,4732.066916815046,3322.51548331801,89.99408913382499,21.80140948635181,47.5
2019-10-28,60.2,71.6,48.7,17.0,4.8,3.6,9.7,42.177270972696235,31.4333333,119.4833333,8.0,54.25784717747466,10.815517709795612,24.27905492135731,-0.8919813464595487,0.9953031849963362,31.4333333,988.054442348889,0.9990480724184196,2.1972245773362196,-2675.457822111319,4732.066916815046,3322.51548331801,89.99408913382499,21.80140948635181,49.5
2019-10-29,59.2,73.6,47.5,20.6,4.3,3.4,5.8,45.35955513216922,31.4333333,119.4833333,8.0,53.21820362162339,10.787473707085821,24.094938491104408,-0.8840675099433637,0.9953031849963362,31.4333333,988.054442348889,0.9990480724184196,2.1972245773362196,-2675.457822111319,4732.066916815046,3322.51548331801,89.99408913382499,21.80140948635181,42.1
2019-10-30,59.4,76.6,46.9,21.3,4.6,2.9,3.9,69.66285874567848,31.4333333,119.4833333,8.0,53.26057376434221,10.759711871584285,23.912842885421757,-0.8758917051442433,0.9953031849963362,31.4333333,988.054442348889,0.9990480724184196,2.1972245773362196,-2675.457822111319,4732.066916815046,3322.51548331801,89.99408913382499,21.80140948635181,42.2
2019-10-31,61.5,78.8,47.1,21.1,5.6,9.657788680673134,39.26052448318703,89.03285859486454,31.4333333,119.4833333,8.0,55.002739493199414,10.732241852331594,23.73284905244075,-0.8674563547295971,0.9953031849963362,31.4333333,988.054442348889,0.9990480724184196,2.1972245773362196,-2675.457822111319,4732.066916815046,3322.51548331801,89.99408913382499,21.80140948635181,44.5
2019-11-01,62.6,77.4,48.9,20.7,6.0,3.3,7.8,-12.47264170146541,31.4333333,119.4833333,8.0,55.84479966328368,10.705073417881856,23.555036962063,-0.858763958275803,0.9953031849963362,31.4333333,988.054442348889,0.9990480724184196,2.1972245773362196,-2675.457822111319,4732.066916815046,3322.51548331801,89.99408913382499,21.80140948635181,50.2
2019-11-02,66.1,74.8,52.3,17.7,4.3,3.4,7.8,-4.782621553077085,31.4333333,119.4833333,8.0,58.81917561946687,10.67821645134043,23.379485552266026,-0.8498170915275277,0.9953031849963362,31.4333333,988.054442348889,0.9990480724184196,2.1972245773362196,-2675.457822111319,4732.066916815046,3322.51548331801,89.99408913382499,21.80140948635181,54.9
2019-11-03,64.0,75.2,55.8,20.7,6.2,2.8,3.9,96.26939075376372,31.4333333,119.4833333,8.0,56.808965038940535,10.65168094480135,23.206272677432477,-0.8406184056344783,0.9953031849963362,31.4333333,988.054442348889,0.9990480724184196,2.1972245773362196,-2675.457822111319,4732.066916815046,3322.51548331801,89.99408913382499,21.80140948635181,55.4
2019-11-04,60.8,70.9,51.1,23.0,5.9,3.6,5.8,-126.3696229563698,31.4333333,119.4833333,8.0,53.8357500987603,10.625476993176376,23.035475058758298,-0.8311706263658079,0.9953031849963362,31.4333333,988.054442348889,0.9990480724184196,2.1972245773362196,-2675.457822111319,4732.066916815046,3322.51548331801,89.99408913382499,21.80140948635181,51.3
2019-11-05,57.6,69.3,49.5,20.2,6.5,2.6,3.9,46.770399821145276,31.4333333,119.4833333,8.0,50.87815097956467,10.599614787409307,22.8671682367884,-0.8214765533024145,0.9953031849963362,31.4333333,988.054442348889,0.9990480724184196,2.1972245773362196,-2675.457822111319,4732.066916815046,3322.51548331801,89.99408913382499,21.80140948635181,47.1
2019-11-06,60.1,67.8,48.7,16.8,8.7,2.9,5.8,126.55580181213404,31.4333333,119.4833333,8.0,52.958640573747445,10.574104607071037,22.70142652612176,-0.8115390590073611,0.9953031849963362,31.4333333,988.054442348889,0.9990480724184196,2.1972245773362196,-2675.457822111319,4732.066916815046,3322.51548331801,89.99408913382499,21.80140948635181,50.4
2019-11-07,62.1,67.3,52.7,21.3,4.6,2.9,5.8,49.61779086913002,31.4333333,119.4833333,8.0,54.59085150382161,10.548956812332678,22.538322972319538,-0.801361088174677,0.9953031849963362,31.4333333,988.054442348889,0.9990480724184196,2.1972245773362196,-2675.457822111319,4732.066916815046,3322.51548331801,89.99408913382499,21.80140948635181,50.8
2019-11-08,54.9,65.7,45.3,24.6,6.5,3.9,5.8,181.25578016716565,31.4333333,119.4833333,8.0,48.148131896571776,10.524181835316236,22.377929311043495,-0.7909456567567774,0.9953031849963362,31.4333333,988.054442348889,0.9990480724184196,2.1972245773362196,-2675.457822111319,4732.066916815046,3322.51548331801,89.99408913382499,21.80140948635181,45.2
2019-11-09,54.3,67.1,44.6,21.1,4.6,2.3,3.9,44.270653004657106,31.4333333,119.4833333,8.0,47.51155052298118,10.499790170824571,22.22031592944377,-0.780295851070776,0.9953031849963362,31.4333333,988.054442348889,0.9990480724184196,2.1972245773362196,-2675.457822111319,4732.066916815046,3322.51548331801,89.99408913382499,21.80140948635181,43.4
2019-11-10,59.8,72.9,44.6,14.4,7.5,4.2,7.8,-104.05050711544986,31.4333333,119.4833333,8.0,52.20436529283241,10.475792366454664,22.065551829807664,-0.7694148268839381,0.9953031849963362,31.4333333,988.054442348889,0.9990480724184196,2.1972245773362196,-2675.457822111319,4732.066916815046,3322.51548331801,89.99408913382499,21.80140948635181,43.7
2019-11-11,59.5,75.2,45.5,16.8,10.5,2.6,3.9,74.92430073673927,31.4333333,119.4833333,8.0,51.825486768333235,10.45219901210082,21.913704595473682,-0.7583058084785625,0.9953031849963362,31.4333333,988.054442348889,0.9990480724184196,2.1972245773362196,-2675.457822111319,4732.066916815046,3322.51548331801,89.99408913382499,21.80140948635181,37.8
2019-11-12,63.3,69.1,49.8,17.7,6.0,2.3,3.9,-27.327712810529277,31.4333333,119.4833333,8.0,55.013084344720376,10.429020728856944,21.764840359007156,-0.7469720876965551,0.9953031849963362,31.4333333,988.054442348889,0.9990480724184196,2.1972245773362196,-2675.457822111319,4732.066916815046,3322.51548331801,89.99408913382499,21.80140948635181,50.9
2019-11-13,59.4,69.6,43.5,25.0,10.3,4.4,7.8,7.784320581473354,31.4333333,119.4833333,8.0,51.511027378782856,10.40626815732987,21.619023772626573,-0.7354170229639858,0.9953031849963362,31.4333333,988.054442348889,0.9990480724184196,2.1972245773362196,-2675.457822111319,4732.066916815046,3322.51548331801,89.99408913382499,21.80140948635181,42.3
2019-11-14,53.1,67.6,41.9,21.7,9.3,2.2,3.9,-20.3752071669966,31.4333333,119.4833333,8.0,45.94898735829998,10.383951945378527,21.476317980861474,-0.7236440382959124,0.9953031849963362,31.4333333,988.054442348889,0.9990480724184196,2.1972245773362196,-2675.457822111319,4732.066916815046,3322.51548331801,89.99408913382499,21.80140948635181,35.2
2019-11-15,57.6,72.9,41.9,16.0,6.6,2.2,3.9,-29.566819376248255,31.4333333,119.4833333,8.0,49.73799712942375,10.362082735296616,21.33678459541615,-0.711656622281775,0.9953031849963362,31.4333333,988.054442348889,0.9990480724184196,2.1972245773362196,-2675.457822111319,4732.066916815046,3322.51548331801,89.99408913382499,21.80140948635181,42.9
2019-11-16,63.8,78.6,48.2,13.6,5.8,1.9,1.9,-2.812507565090838,31.4333333,119.4833333,8.0,54.97790161661013,10.340671150459587,21.20048367220538,-0.6994583270516471,0.9953031849963362,31.4333333,988.054442348889,0.9990480724184196,2.1972245773362196,-2675.457822111319,4732.066916815046,3322.51548331801,89.99408913382499,21.80140948635181,48.6
2019-11-17,60.5,74.7,50.7,18.5,3.0,4.4,7.8,-3.000421335460242,31.4333333,119.4833333,8.0,52.028627564859306,10.319727781459697,21.067473690521233,-0.6870527672236675,0.9953031849963362,31.4333333,988.054442348889,0.9990480724184196,2.1972245773362196,-2675.457822111319,4732.066916815046,3322.51548331801,89.99408913382499,21.80140948635181,55.6
2019-11-18,46.5,52.5,36.5,28.8,6.3,3.6,5.8,36.27076573916683,31.4333333,119.4833333,8.0,39.909644790554765,10.299263171756069,20.937811534283327,-0.6744436188329457,0.9953031849963362,31.4333333,988.054442348889,0.9990480724184196,2.1972245773362196,-2675.457822111319,4732.066916815046,3322.51548331801,89.99408913382499,21.80140948635181,37.6
2019-11-19,44.4,55.4,34.3,29.5,6.2,2.7,3.9,70.67845854001186,31.4333333,119.4833333,8.0,38.033364870618456,10.279287802869854,20.811552475317402,-0.661634618242279,0.9953031849963362,31.4333333,988.054442348889,0.9990480724184196,2.1972245773362196,-2675.457822111319,4732.066916815046,3322.51548331801,89.99408913382499,21.80140948635181,33.0
2019-11-20,53.1,60.3,37.8,27.7,12.2,4.1,7.8,-18.926256386365765,31.4333333,119.4833333,8.0,45.39966845027285,10.259812079157706,20.68875015860092,-0.6486295610349818,0.9953031849963362,31.4333333,988.054442348889,0.9990480724184196,2.1972245773362196,-2675.457822111319,4732.066916815046,3322.51548331801,89.99408913382499,21.80140948635181,41.4
2019-11-21,55.4,65.8,47.1,23.5,11.2,4.3,7.8,-34.85146214551103,31.4333333,119.4833333,8.0,47.278573807989666,10.240846312199928,20.569456589407867,-0.6354323008901775,0.9953031849963362,31.4333333,988.054442348889,0.9990480724184196,2.1972245773362196,-2675.457822111319,4732.066916815046,3322.51548331801,89.99408913382499,21.80140948635181,47.3
2019-11-22,61.4,71.2,46.4,19.7,5.6,3.9,5.8,42.33147883322625,31.4333333,119.4833333,8.0,52.304616939778626,10.222400704842729,20.453722122278627,-0.622046748440868,0.9953031849963362,31.4333333,988.054442348889,0.9990480724184196,2.1972245773362196,-2675.457822111319,4732.066916815046,3322.51548331801,89.99408913382499,21.80140948635181,56.2
2019-11-23,66.5,76.1,55.9,17.3,3.5,3.1,7.8,46.01023633719606,31.4333333,119.4833333,8.0,56.54985623110956,10.204485334937063,20.34159545173545,-0.6084768701151264,0.9953031849963362,31.4333333,988.054442348889,0.9990480724184196,2.1972245773362196,-2675.457822111319,4732.066916815046,3322.51548331801,89.99408913382499,21.80140948635181,62.1
2019-11-24,56.6,68.4,47.3,26.7,4.7,7.0,9.7,106.05774171727091,31.4333333,119.4833333,8.0,48.04920282143182,10.187110138819467,20.23312360465832,-0.594726686960764,0.9953031849963362,31.4333333,988.054442348889,0.9990480724184196,2.1972245773362196,-2675.457822111319,4732.066916815046,3322.51548331801,89.99408913382499,21.80140948635181,52.2
2019-11-25,43.0,49.1,41.5,33.4,9.4,4.1,5.8,-127.50615654480016,31.4333333,119.4833333,8.0,36.4435208722559,10.170284894583043,20.128351934231212,-0.5808002734538013,0.9953031849963362,31.4333333,988.054442348889,0.9990480724184196,2.1972245773362196,-2675.457822111319,4732.066916815046,3322.51548331801,89.99408913382499,21.80140948635181,38.3
2019-11-26,46.4,50.0,40.8,29.1,6.7,3.6,5.8,83.7385010689143,31.4333333,119.4833333,8.0,39.262207593399566,10.154019205189543,20.027324115364042,-0.5667017562911184,0.9953031849963362,31.4333333,988.054442348889,0.9990480724184196,2.1972245773362196,-2675.457822111319,4732.066916815046,3322.51548331801,89.99408913382499,21.80140948635181,41.0
2019-11-27,43.9,45.1,42.4,31.9,6.5,5.6,7.8,20.697782757618512,31.4333333,119.4833333,8.0,37.08936307806576,10.138322481475834,19.930082141491837,-0.5524353131676203,0.9953031849963362,31.4333333,988.054442348889,0.9990480724184196,2.1972245773362196,-2675.457822111319,4732.066916815046,3322.51548331801,89.99408913382499,21.80140948635181,41.2
2019-11-28,43.2,49.8,38.1,33.6,14.0,4.1,7.8,38.43879921104793,31.4333333,119.4833333,8.0,36.443534130397566,10.123203925110435,19.83666632264857,-0.5380051715382992,0.9953031849963362,31.4333333,988.054442348889,0.9990480724184196,2.1972245773362196,-2675.457822111319,4732.066916815046,3322.51548331801,89.99408913382499,21.80140948635181,33.9
2019-11-29,44.3,51.8,37.6,30.2,8.6,3.1,3.9,-76.77365598517135,31.4333333,119.4833333,8.0,37.31784935516762,10.10867251155782,19.747115284710507,-0.5234156073655503,0.9953031849963362,31.4333333,988.054442348889,0.9990480724184196,2.1972245773362196,-2675.457822111319,4732.066916815046,3322.51548331801,89.99408913382499,21.80140948635181,38.5
2019-11-30,49.6,52.7,38.8,24.5,3.4,2.4,3.9,-1.2100848882939186,31.4333333,119.4833333,8.0,41.72491282218808,10.094736973110018,19.66146596970107,-0.5086709438521042,0.9953031849963362,31.4333333,988.054442348889,0.9990480724184196,2.1972245773362196,-2675.457822111319,4732.066916815046,3322.51548331801,89.99408913382499,21.80140948635181,47.4
2019-12-01,43.5,48.4,39.0,26.8,4.5,5.6,7.8,-32.64975818876256,31.4333333,119.4833333,8.0,36.545095959918626,10.081405782046517,19.579753637047457,-0.49377555015997737,0.9953031849963362,31.4333333,988.054442348889,0.9990480724184196,2.1972245773362196,-2675.457822111319,4732.066916815046,3322.51548331801,89.99408913382499,21.80140948635181,39.9
2019-12-02,40.4,50.5,30.6,30.0,1.6,2.6,3.9,-33.05966423538171,31.4333333,119.4833333,8.0,33.89791335108205,10.068687133984769,19.50201186567774,-0.4787338401157883,0.9953031849963362,31.4333333,988.054442348889,0.9990480724184196,2.1972245773362196,-2675.457822111319,4732.066916815046,3322.51548331801,89.99408913382499,21.80140948635181,33.7
2019-12-03,40.8,53.4,30.2,29.6,3.3,1.6,1.9,10.1,31.4333333,119.4833333,8.0,34.19240236704707,10.056588931484434,19.42827255684646,-0.4635502709028512,0.9953031849963362,31.4333333,988.054442348889,0.9990480724184196,2.1972245773362196,-2675.457822111319,4732.066916815046,3322.51548331801,89.99408913382499,21.80140948635181,28.4
2019-12-04,42.3,57.6,29.8,31.4,5.1,1.0,2.1,9.593517189230766,31.4333333,119.4833333,8.0,35.40904365709104,10.045118767969091,19.358565937576646,-0.4482293417404106,0.9953031849963362,31.4333333,988.054442348889,0.9990480724184196,2.1972245773362196,-2675.457822111319,4732.066916815046,3322.51548331801,89.99408913382499,21.80140948635181,30.1
2019-12-05,45.9,57.6,31.1,35.2,6.3,4.0,5.8,11.8,31.4333333,119.4833333,8.0,38.3811359635121,10.034283912029307,19.2929205646066,-0.4327755925504317,0.9953031849963362,31.4333333,988.054442348889,0.9990480724184196,2.1972245773362196,-2675.457822111319,4732.066916815046,3322.51548331801,89.99408913382499,21.80140948635181,32.8
2019-12-06,40.1,55.9,29.8,34.5,8.0,2.6,5.8,12.6,31.4333333,119.4833333,8.0,33.4971717346707,10.024091292170782,19.23136332873099,-0.41719360261231697,0.9953031849963362,31.4333333,988.054442348889,0.9990480724184196,2.1972245773362196,-2675.457822111319,4732.066916815046,3322.51548331801,89.99408913382499,21.80140948635181,31.2
2019-12-07,39.1,52.9,29.1,31.7,3.8,1.8,3.9,70.43922633168694,31.4333333,119.4833333,8.0,32.63073387908033,10.01454748207069,19.17391945942736,-0.4014879892059737,0.9953031849963362,31.4333333,988.054442348889,0.9990480724184196,2.1972245773362196,-2675.457822111319,4732.066916815046,3322.51548331801,89.99408913382499,21.80140948635181,30.3
2019-12-08,41.5,58.5,29.1,26.7,5.0,1.7,2.5,53.35418583908495,31.4333333,119.4833333,8.0,34.60290295714851,10.005658686404388,19.120612529661983,-0.38566340624360745,0.9953031849963362,31.4333333,988.054442348889,0.9990480724184196,2.1972245773362196,-2675.457822111319,4732.066916815046,3322.51548331801,89.99408913382499,21.80140948635181,29.2
2019-12-09,47.3,64.2,31.8,21.3,6.7,2.2,5.8,12.4,31.4333333,119.4833333,8.0,39.4065394501203,9.997430727303248,19.071464460771516,-0.3697245428906732,0.9953031849963362,31.4333333,988.054442348889,0.9990480724184196,2.1972245773362196,-2675.457822111319,4732.066916815046,3322.51548331801,89.99408913382499,21.80140948635181,35.3
2019-12-10,52.0,66.7,35.2,18.8,7.9,2.5,3.9,12.6,31.4333333,119.4833333,8.0,43.289432469844684,9.98986903150262,19.026495527321092,-0.3536761221763721,0.9953031849963362,31.4333333,988.054442348889,0.9990480724184196,2.1972245773362196,-2675.457822111319,4732.066916815046,3322.51548331801,89.99408913382499,21.80140948635181,37.7
2019-12-11,46.4,66.7,37.4,24.7,2.7,1.7,2.3,25.627450404266668,31.4333333,119.4833333,8.0,38.60085065718186,9.982978618236688,18.985724361843246,-0.33752289959411347,0.9953031849963362,31.4333333,988.054442348889,0.9990480724184196,2.1972245773362196,-2675.457822111319,4732.066916815046,3322.51548331801,89.99408913382499,21.80140948635181,35.8
2019-12-12,47.2,59.7,37.2,26.6,6.4,3.7,7.8,15.7,31.4333333,119.4833333,8.0,39.24193874587562,9.97676408793448,18.949167959367504,-0.32126966169236515,0.9953031849963362,31.4333333,988.054442348889,0.9990480724184196,2.1972245773362196,-2675.457822111319,4732.066916815046,3322.51548331801,89.99408913382499,21.80140948635181,36.3
2019-12-13,50.3,65.3,37.8,24.5,4.0,2.4,3.9,9.7,31.4333333,119.4833333,8.0,41.7960707893285,9.971229611768232,18.916841681655303,-0.3049212246562894,0.9953031849963362,31.4333333,988.054442348889,0.9990480724184196,2.1972245773362196,-2675.457822111319,4732.066916815046,3322.51548331801,89.99408913382499,21.80140948635181,38.9
2019-12-14,51.7,65.3,40.8,26.1,4.4,5.1,6.2,14.4,31.4333333,119.4833333,8.0,42.938482522722936,9.966378922102034,18.888759261061548,-0.2884824328806098,0.9953031849963362,31.4333333,988.054442348889,0.9990480724184196,2.1972245773362196,-2675.457822111319,4732.066916815046,3322.51548331801,89.99408913382499,21.80140948635181,45.8
2019-12-15,54.7,63.0,46.2,20.4,4.0,5.1,8.2,16.5,31.4333333,119.4833333,8.0,45.411098093542414,9.962215303884989,18.864932803949873,-0.27195815753410524,0.9953031849963362,31.4333333,988.054442348889,0.9990480724184196,2.1972245773362196,-2675.457822111319,4732.066916815046,3322.51548331801,89.99408913382499,21.80140948635181,49.9
2019-12-16,58.9,68.2,48.6,16.0,1.9,3.7,5.4,10.9,31.4333333,119.4833333,8.0,48.880823289667546,9.958741587029042,18.845372793596294,-0.2553532951161881,0.9953031849963362,31.4333333,988.054442348889,0.9990480724184196,2.1972245773362196,-2675.457822111319,4732.066916815046,3322.51548331801,89.99408913382499,21.80140948635181,53.0
2019-12-17,47.5,68.2,43.9,23.9,2.0,4.7,5.8,13.4,31.4333333,119.4833333,8.0,39.4090088867376,9.955960139807395,18.83008809252292,-0.23867276600594997,0.9953031849963362,31.4333333,988.054442348889,0.9990480724184196,2.1972245773362196,-2675.457822111319,4732.066916815046,3322.51548331801,89.99408913382499,21.80140948635181,45.8
2019-12-18,40.8,51.4,36.9,29.0,7.1,4.8,7.8,16.3,31.4333333,119.4833333,8.0,33.84316773523614,9.953872863304749,18.8190859442112,-0.22192151300416674,0.9953031849963362,31.4333333,988.054442348889,0.9990480724184196,2.1972245773362196,-2675.457822111319,4732.066916815046,3322.51548331801,89.99408913382499,21.80140948635181,37.4
2019-12-19,37.8,45.3,32.2,29.7,2.8,1.2,1.9,14.851231341629976,31.4333333,119.4833333,8.0,31.350315738879466,9.952481186945862,18.812371974152576,-0.20510449986861926,0.9953031849963362,31.4333333,988.054442348889,0.9990480724184196,2.1972245773362196,-2675.457822111319,4732.066916815046,3322.51548331801,89.99408913382499,21.80140948635181,34.7
2019-12-20,42.5,45.7,32.2,27.5,2.4,3.1,5.8,12.6,31.4333333,119.4833333,8.0,35.24590898064673,9.951786065123784,18.80995019020244,-0.1882267098432439,0.9953031849963362,31.4333333,988.054442348889,0.9990480724184196,2.1972245773362196,-2675.457822111319,4732.066916815046,3322.51548331801,89.99408913382499,21.80140948635181,39.9
2019-12-21,46.3,47.7,36.1,21.5,1.4,3.2,5.6,14.0,31.4333333,119.4833333,8.0,38.397315269992234,9.951787974943992,18.811822982212142,-0.1712931441814778,0.9953031849963362,31.4333333,988.054442348889,0.9990480724184196,2.1972245773362196,-2675.457822111319,4732.066916815046,3322.51548331801,89.99408913382499,21.80140948635181,46.1
2019-12-22,46.7,49.1,41.9,20.5,1.8,1.6,1.9,-4.407551319885077,31.4333333,119.4833333,8.0,38.7317615779125,9.952486915095289,18.817991120922624,-0.154308820664281,0.9953031849963362,31.4333333,988.054442348889,0.9990480724184196,2.1972245773362196,-2675.457822111319,4732.066916815046,3322.51548331801,89.99408913382499,21.80140948635181,45.6
2019-12-23,47.4,50.9,41.5,22.8,1.5,3.6,6.4,13.8,31.4333333,119.4833333,8.0,39.31783550311902,9.953882405852916,18.82845375611212,-0.13727877211326517,0.9953031849963362,31.4333333,988.054442348889,0.9990480724184196,2.1972245773362196,-2675.457822111319,4732.066916815046,3322.51548331801,89.99408913382499,21.80140948635181,45.4
2019-12-24,48.5,50.9,42.6,23.0,2.6,3.7,4.3,11.8,31.4333333,119.4833333,8.0,40.238726189614255,9.955973490213836,18.84320841399938,-0.12020804489935275,0.9953031849963362,31.4333333,988.054442348889,0.9990480724184196,2.1972245773362196,-2675.457822111319,4732.066916815046,3322.51548331801,89.99408913382499,21.80140948635181,47.0
2019-12-25,50.4,52.2,46.2,17.9,2.7,3.7,5.8,14.2,31.4333333,119.4833333,8.0,41.826786691866765,9.958758736158755,18.862250993912962,-0.10310169744743544,0.9953031849963362,31.4333333,988.054442348889,0.9990480724184196,2.1972245773362196,-2675.457822111319,4732.066916815046,3322.51548331801,89.99408913382499,21.80140948635181,49.1
2019-12-26,41.5,52.2,34.5,27.0,2.6,4.1,6.4,15.7,31.4333333,119.4833333,8.0,34.452733663436916,9.96223624002995,18.885575764246024,-0.0859647987374467,0.9953031849963362,31.4333333,988.054442348889,0.9990480724184196,2.1972245773362196,-2675.457822111319,4732.066916815046,3322.51548331801,89.99408913382499,21.80140948635181,38.8
2019-12-27,37.0,47.7,29.7,26.9,2.3,2.1,3.9,139.0941751017409,31.4333333,119.4833333,8.0,30.729744528943485,9.966403631008697,18.91317535772493,-0.06880242680232064,0.9953031849963362,31.4333333,988.054442348889,0.9990480724184196,2.1972245773362196,-2675.457822111319,4732.066916815046,3322.51548331801,89.99408913382499,21.80140948635181,30.9
2019-12-28,45.2,52.0,29.1,22.3,1.9,2.6,5.8,22.294675235206093,31.4333333,119.4833333,8.0,37.55840542212688,9.971258076670853,18.945040766028807,-0.05161966722325418,0.9953031849963362,31.4333333,988.054442348889,0.9990480724184196,2.1972245773362196,-2675.457822111319,4732.066916815046,3322.51548331801,89.99408913382499,21.80140948635181,39.5
2019-12-29,45.0,52.0,31.1,21.7,1.9,1.7,3.9,9.7,31.4333333,119.4833333,8.0,37.41298608597803,9.97679628959414,18.981161333805332,-0.034421611622745804,0.9953031849963362,31.4333333,988.054442348889,0.9990480724184196,2.1972245773362196,-2675.457822111319,4732.066916815046,3322.51548331801,89.99408913382499,21.80140948635181,42.7
2019-12-30,43.3,55.4,30.9,32.4,5.6,7.3,11.1,21.0,31.4333333,119.4833333,8.0,36.0220441137404,9.983014534985791,19.02152475213679,-0.01721335615583528,0.9953031849963362,31.4333333,988.054442348889,0.9990480724184196,2.1972245773362196,-2675.457822111319,4732.066916815046,3322.51548331801,89.99408913382499,21.80140948635181,34.4
2019-12-31,32.1,55.4,27.0,36.4,9.5,3.0,5.8,19.8,31.4333333,119.4833333,8.0,26.72300561011334,9.989908639294706,19.066117051517583,6.432490598706546e-16,0.9953031849963362,31.4333333,988.054442348889,0.9990480724184196,2.1972245773362196,-2675.457822111319,4732.066916815046,3322.51548331801,89.99408913382499,21.80140948635181,23.3
2020-01-01,42.2,46.4,27.0,29.4,5.6,2.9,5.8,11.3,31.4333333,119.4833333,8.0,35.15778356585025,9.997473999767843,19.114922594412665,0.017213356155834685,0.9953031849963362,31.4333333,988.054442348889,0.9990480724184196,2.1972245773362196,-2675.457822111319,4732.066916815046,3322.51548331801,89.99408913382499,21.80140948635181,35.5
2020-01-02,45.9,47.7,31.6,28.0,1.9,1.8,3.9,-34.93621593104362,31.4333333,119.4833333,8.0,38.271823900517994,10.005705594906665,19.167924067472754,0.03442161162274574,0.9953031849963362,31.4333333,988.054442348889,0.9990480724184196,2.1972245773362196,-2675.457822111319,4732.066916815046,3322.51548331801,89.99408913382499,21.80140948635181,43.7
2020-01-03,46.9,48.0,43.2,26.5,0.8,2.6,3.9,-38.55983575370877,31.4333333,119.4833333,8.0,39.14038716682322,10.014597995775663,19.225102473489407,0.051619667223253764,0.9953031849963362,31.4333333,988.054442348889,0.9990480724184196,2.1972245773362196,-2675.457822111319,4732.066916815046,3322.51548331801,89.99408913382499,21.80140948635181,46.8
2020-01-04,47.0,48.2,45.3,26.0,1.1,3.3,5.8,13.8,31.4333333,119.4833333,8.0,39.26123606427097,10.024145378111736,19.28643712317854,0.06880242680231986,0.9953031849963362,31.4333333,988.054442348889,0.9990480724184196,2.1972245773362196,-2675.457822111319,4732.066916815046,3322.51548331801,89.99408913382499,21.80140948635181,45.4
2020-01-05,52.0,54.0,45.3,21.3,3.3,4.9,7.8,22.5,31.4333333,119.4833333,8.0,43.48214665244743,10.034341535180177,19.351905626887298,0.08596479873744647,0.9953031849963362,31.4333333,988.054442348889,0.9990480724184196,2.1972245773362196,-2675.457822111319,4732.066916815046,3322.51548331801,89.99408913382499,21.80140948635181,49.2
2020-01-06,54.5,60.1,48.2,16.6,1.5,2.8,3.9,10.3,31.4333333,119.4833333,8.0,45.62185867308038,10.045179891320451,19.42148388632337,0.10310169744743485,0.9953031849963362,31.4333333,988.054442348889,0.9990480724184196,2.1972245773362196,-2675.457822111319,4732.066916815046,3322.51548331801,89.99408913382499,21.80140948635181,52.1
2020-01-07,42.7,60.1,39.4,20.7,7.3,8.3,11.7,22.3,31.4333333,119.4833333,8.0,35.78492542820361,10.056653516122793,19.495146086411168,0.1202080448993527,0.9953031849963362,31.4333333,988.054442348889,0.9990480724184196,2.1972245773362196,-2675.457822111319,4732.066916815046,3322.51548331801,89.99408913382499,21.80140948635181,38.9
2020-01-08,40.1,48.6,37.8,27.8,5.1,3.3,4.9,18.6,31.4333333,119.4833333,8.0,33.646423423409125,10.068755139174801,19.572864687382257,0.13727877211326478,0.9953031849963362,31.4333333,988.054442348889,0.9990480724184196,2.1972245773362196,-2675.457822111319,4732.066916815046,3322.51548331801,89.99408913382499,21.80140948635181,32.2
2020-01-09,40.3,42.4,37.8,24.3,2.1,4.1,5.8,11.3,31.4333333,119.4833333,8.0,33.8569608135193,10.08147716531592,19.65461041721133,0.15430882066428117,0.9953031849963362,31.4333333,988.054442348889,0.9990480724184196,2.1972245773362196,-2675.457822111319,4732.066916815046,3322.51548331801,89.99408913382499,21.80140948635181,38.3
2020-01-10,42.8,44.6,38.1,21.5,1.4,4.7,7.4,12.0,31.4333333,119.4833333,8.0,36.00482836220063,10.094811690336625,19.74035226451114,0.1712931441814776,0.9953031849963362,31.4333333,988.054442348889,0.9990480724184196,2.1972245773362196,-2675.457822111319,4732.066916815046,3322.51548331801,89.99408913382499,21.80140948635181,42.7
2020-01-11,39.9,44.6,36.9,23.2,1.8,3.3,3.9,12.0,31.4333333,119.4833333,8.0,33.61159546921997,10.108750517058638,19.830057472001915,0.1882267098432442,0.9953031849963362,31.4333333,988.054442348889,0.9990480724184196,2.1972245773362196,-2675.457822111319,4732.066916815046,3322.51548331801,89.99408913382499,21.80140948635181,38.3
2020-01-12,35.7,45.3,30.2,24.2,1.2,2.2,4.9,10.1,31.4333333,119.4833333,8.0,30.11677338590338,10.123285171732228,19.923691530671945,0.2051044998686192,0.9953031849963362,31.4333333,988.054442348889,0.9990480724184196,2.1972245773362196,-2675.457822111319,4732.066916815046,3322.51548331801,89.99408913382499,21.80140948635181,32.4
2020-01-13,39.4,45.3,30.2,24.1,1.3,2.4,3.9,29.130287570713953,31.4333333,119.4833333,8.0,33.28776938958879,10.138406920686942,20.02121817474682,0.2219215130041655,0.9953031849963362,31.4333333,988.054442348889,0.9990480724184196,2.1972245773362196,-2675.457822111319,4732.066916815046,3322.51548331801,89.99408913382499,21.80140948635181,34.9
2020-01-14,37.2,45.3,29.8,28.0,1.7,2.7,3.9,11.3,31.4333333,119.4833333,8.0,31.477731040234914,10.154106787172552,20.12259937758446,0.2386727660059501,0.9953031849963362,31.4333333,988.054442348889,0.9990480724184196,2.1972245773362196,-2675.457822111319,4732.066916815046,3322.51548331801,89.99408913382499,21.80140948635181,31.1
2020-01-15,38.9,44.4,29.8,25.4,2.4,5.8,7.8,15.3,31.4333333,119.4833333,8.0,32.96896746732995,10.170375568328007,20.227795348612812,0.255353295116187,0.9953031849963362,31.4333333,988.054442348889,0.9990480724184196,2.1972245773362196,-2675.457822111319,4732.066916815046,3322.51548331801,89.99408913382499,21.80140948635181,36.4
2020-01-16,38.9,41.5,35.6,26.6,2.0,3.6,5.8,14.0,31.4333333,119.4833333,8.0,33.02351915427115,10.187203852217323,20.33676453142545,0.2719581575341055,0.9953031849963362,31.4333333,988.054442348889,0.9990480724184196,2.1972245773362196,-2675.457822111319,4732.066916815046,3322.51548331801,89.99408913382499,21.80140948635181,38.3
2020-01-17,38.3,40.1,36.3,27.5,2.4,2.7,3.9,10.1,31.4333333,119.4833333,8.0,32.56962432796945,10.204582034872935,20.449463603148697,0.288482432880609,0.9953031849963362,31.4333333,988.054442348889,0.9990480724184196,2.1972245773362196,-2675.457822111319,4732.066916815046,3322.51548331801,89.99408913382499,21.80140948635181,34.7
2020-01-18,39.5,41.4,36.3,25.2,3.3,1.8,1.9,11.811258220783223,31.4333333,119.4833333,8.0,33.64906361024226,10.222500337288787,20.565847475191177,0.30492122465628907,0.9953031849963362,31.4333333,988.054442348889,0.9990480724184196,2.1972245773362196,-2675.457822111319,4732.066916815046,3322.51548331801,89.99408913382499,21.80140948635181,32.9
2020-01-19,39.8,49.5,32.7,24.3,2.2,2.6,5.8,12.4,31.4333333,119.4833333,8.0,33.965813593986695,10.240948822307546,20.68586929548391,0.3212696616923644,0.9953031849963362,31.4333333,988.054442348889,0.9990480724184196,2.1972245773362196,-2675.457822111319,4732.066916815046,3322.51548331801,89.99408913382499,21.80140948635181,33.5
2020-01-20,40.7,52.7,32.4,26.4,2.2,1.6,2.5,-151.73829539054566,31.4333333,119.4833333,8.0,34.79821988682393,10.259917411348578,20.809480452315213,0.3375228995941133,0.9953031849963362,31.4333333,988.054442348889,0.9990480724184196,2.1972245773362196,-2675.457822111319,4732.066916815046,3322.51548331801,89.99408913382499,21.80140948635181,33.0
2020-01-21,44.0,52.7,33.1,22.7,0.8,2.8,6.0,13.2,31.4333333,119.4833333,8.0,37.69111830339479,10.27939590092585,20.936630579860907,0.3536761221763716,0.9953031849963362,31.4333333,988.054442348889,0.9990480724184196,2.1972245773362196,-2675.457822111319,4732.066916815046,3322.51548331801,89.99408913382499,21.80140948635181,42.6
2020-01-22,45.3,48.4,37.8,21.2,0.8,1.9,3.1,72.51385108859006,31.4333333,119.4833333,8.0,38.880136770375934,10.299373978907534,21.067267565505308,0.3697245428906731,0.9953031849963362,31.4333333,988.054442348889,0.9990480724184196,2.1972245773362196,-2675.457822111319,4732.066916815046,3322.51548331801,89.99408913382499,21.80140948635181,44.8
2020-01-23,46.4,48.6,44.1,25.2,2.0,2.9,3.9,46.72456193783104,31.4333333,119.4833333,8.0,39.90338612982494,10.319841240471966,21.201337559043903,0.38566340624360707,0.9953031849963362,31.4333333,988.054442348889,0.9990480724184196,2.1972245773362196,-2675.457822111319,4732.066916815046,3322.51548331801,89.99408913382499,21.80140948635181,45.6
2020-01-24,45.0,48.6,43.2,28.7,3.0,4.3,5.8,11.7,31.4333333,119.4833333,8.0,38.77795201394066,10.34078720371751,21.338784983852815,0.401487989205973,0.9953031849963362,31.4333333,988.054442348889,0.9990480724184196,2.1972245773362196,-2675.457822111319,4732.066916815046,3322.51548331801,89.99408913382499,21.80140948635181,42.5
2020-01-25,42.4,47.8,41.4,27.0,5.1,4.9,6.4,13.6,31.4333333,119.4833333,8.0,36.61311134793352,10.362201324886845,21.47955255010442,0.4171936026123168,0.9953031849963362,31.4333333,988.054442348889,0.9990480724184196,2.1972245773362196,-2675.457822111319,4732.066916815046,3322.51548331801,89.99408913382499,21.80140948635181,40.9
2020-01-26,42.0,44.6,39.9,21.9,4.2,3.7,5.8,17.1,31.4333333,119.4833333,8.0,36.344255546092995,10.384073013169427,21.62358127010227,0.4327755925504312,0.9953031849963362,31.4333333,988.054442348889,0.9990480724184196,2.1972245773362196,-2675.457822111319,4732.066916815046,3322.51548331801,89.99408913382499,21.80140948635181,41.3
2020-01-27,38.9,44.6,37.8,22.5,2.3,4.2,5.8,11.5,31.4333333,119.4833333,8.0,33.73405291603327,10.406391645048824,21.77081047580194,0.4482293417404106,0.9953031849963362,31.4333333,988.054442348889,0.9990480724184196,2.1972245773362196,-2675.457822111319,4732.066916815046,3322.51548331801,89.99408913382499,21.80140948635181,37.2
2020-01-28,40.0,41.5,37.6,23.9,3.4,4.3,5.8,13.8,31.4333333,119.4833333,8.0,34.76382192721645,10.429146578164934,21.921177838577513,0.4635502709028509,0.9953031849963362,31.4333333,988.054442348889,0.9990480724184196,2.1972245773362196,-2675.457822111319,4732.066916815046,3322.51548331801,89.99408913382499,21.80140948635181,33.9
2020-01-29,43.4,49.1,37.6,23.3,4.1,3.7,5.8,17.3,31.4333333,119.4833333,8.0,37.80258324553534,10.45232716466415,22.074619391286284,0.47873384011578846,0.9953031849963362,31.4333333,988.054442348889,0.9990480724184196,2.1972245773362196,-2675.457822111319,4732.066916815046,3322.51548331801,89.99408913382499,21.80140948635181,33.4
2020-01-30,39.6,49.1,30.9,24.7,3.6,3.6,7.8,18.3,31.4333333,119.4833333,8.0,34.570545121245075,10.475922764013658,22.231069552677234,0.49377555015997715,0.9953031849963362,31.4333333,988.054442348889,0.9990480724184196,2.1972245773362196,-2675.457822111319,4732.066916815046,3322.51548331801,89.99408913382499,21.80140948635181,26.9
2020-01-31,38.6,51.8,28.8,25.8,4.7,1.7,2.7,37.58843508745966,31.4333333,119.4833333,8.0,33.77475152941708,10.499922755259195,22.390461154180702,0.5086709438521044,0.9953031849963362,31.4333333,988.054442348889,0.9990480724184196,2.1972245773362196,-2675.457822111319,4732.066916815046,3322.51548331801,89.99408913382499,21.80140948635181,26.9
2020-02-01,45.4,57.0,27.9,25.7,12.2,3.4,6.0,15.3,31.4333333,119.4833333,8.0,39.81699760928058,10.524316548708523,22.55272546910983,0.5234156073655503,0.9953031849963362,31.4333333,988.054442348889,0.9990480724184196,2.1972245773362196,-2675.457822111319,4732.066916815046,3322.51548331801,89.99408913382499,21.80140948635181,29.3
2020-02-02,46.6,57.0,32.9,24.8,10.2,3.1,5.8,12.0,31.4333333,119.4833333,8.0,40.965646801783855,10.549093597025884,22.71779224429566,0.5380051715382996,0.9953031849963362,31.4333333,988.054442348889,0.9990480724184196,2.1972245773362196,-2675.457822111319,4732.066916815046,3322.51548331801,89.99408913382499,21.80140948635181,37.8
2020-02-03,43.8,54.9,36.1,27.2,3.0,3.9,7.2,13.0,31.4333333,119.4833333,8.0,38.59598843089802,10.574243405725484,22.885589734170672,0.5524353131676196,0.9953031849963362,31.4333333,988.054442348889,0.9990480724184196,2.1972245773362196,-2675.457822111319,4732.066916815046,3322.51548331801,89.99408913382499,21.80140948635181,38.6
2020-02-04,45.5,56.1,36.9,25.2,4.4,3.0,5.1,11.7,31.4333333,119.4833333,8.0,40.19073976741636,10.599755543054863,23.056044737306934,0.5667017562911176,0.9953031849963362,31.4333333,988.054442348889,0.9990480724184196,2.1972245773362196,-2675.457822111319,4732.066916815046,3322.51548331801,89.99408913382499,21.80140948635181,39.0
2020-02-05,45.4,56.1,34.0,29.5,8.2,7.0,9.7,19.4,31.4333333,119.4833333,8.0,40.20026100637282,10.62561964926154,23.229082635407448,0.5808002734538009,0.9953031849963362,31.4333333,988.054442348889,0.9990480724184196,2.1972245773362196,-2675.457822111319,4732.066916815046,3322.51548331801,89.99408913382499,21.80140948635181,35.1
2020-02-06,40.2,53.8,38.8,28.5,7.6,7.5,9.7,21.8,31.4333333,119.4833333,8.0,35.68361524155042,10.65182544523893,23.404627434741133,0.5947266869607634,0.9953031849963362,31.4333333,988.054442348889,0.9990480724184196,2.1972245773362196,-2675.457822111319,4732.066916815046,3322.51548331801,89.99408913382499,21.80140948635181,37.3
2020-02-07,43.0,45.5,38.8,29.7,4.0,3.1,4.9,12.0,31.4333333,119.4833333,8.0,38.264133153636806,10.678362740549806,23.58260181000388,0.6084768701151261,0.9953031849963362,31.4333333,988.054442348889,0.9990480724184196,2.1972245773362196,-2675.457822111319,4732.066916815046,3322.51548331801,89.99408913382499,21.80140948635181,41.4
2020-02-08,44.9,49.1,40.5,31.9,4.8,1.8,3.9,-87.63177618211249,31.4333333,119.4833333,8.0,40.05537022443086,10.705221440827847,23.76292715058011,0.6220467484408675,0.9953031849963362,31.4333333,988.054442348889,0.9990480724184196,2.1972245773362196,-2675.457822111319,4732.066916815046,3322.51548331801,89.99408913382499,21.80140948635181,39.3
2020-02-09,42.6,54.7,33.3,27.9,4.4,2.8,5.8,12.4,31.4333333,119.4833333,8.0,38.0999900186878,10.732391554559943,23.945523609171676,0.6354323008901774,0.9953031849963362,31.4333333,988.054442348889,0.9990480724184196,2.1972245773362196,-2675.457822111319,4732.066916815046,3322.51548331801,89.99408913382499,21.80140948635181,36.0
2020-02-10,50.6,61.3,33.3,22.6,7.7,2.3,5.8,11.3,31.4333333,119.4833333,8.0,45.37075649018677,10.759863199253779,24.1303101527528,0.6486295610349814,0.9953031849963362,31.4333333,988.054442348889,0.9990480724184196,2.1972245773362196,-2675.457822111319,4732.066916815046,3322.51548331801,89.99408913382499,21.80140948635181,41.2
2020-02-11,49.9,61.3,37.9,18.9,3.6,1.4,1.9,-15.275445103006758,31.4333333,119.4833333,8.0,44.858547307429696,10.787626606997122,24.317204615802442,0.6616346182422783,0.9953031849963362,31.4333333,988.054442348889,0.9990480724184196,2.1972245773362196,-2675.457822111319,4732.066916815046,3322.51548331801,89.99408913382499,21.80140948635181,48.6
2020-02-12,50.6,62.4,41.4,17.7,4.6,2.3,3.9,112.50976405255514,31.4333333,119.4833333,8.0,45.6060841457075,10.815672129416798,24.50612375575781,0.6744436188329455,0.9953031849963362,31.4333333,988.054442348889,0.9990480724184196,2.1972245773362196,-2675.457822111319,4732.066916815046,3322.51548331801,89.99408913382499,21.80140948635181,46.1
2020-02-13,54.3,62.4,41.4,14.1,1.7,2.4,3.9,9.7,31.4333333,119.4833333,8.0,49.06905584526241,10.843990242046942,24.696983310625466,0.6870527672236669,0.9953031849963362,31.4333333,988.054442348889,0.9990480724184196,2.1972245773362196,-2675.457822111319,4732.066916815046,3322.51548331801,89.99408913382499,21.80140948635181,53.6
2020-02-14,57.5,62.8,46.2,15.1,2.6,3.6,5.8,12.4,31.4333333,119.4833333,8.0,52.097738668062426,10.872571548117376,24.889698058679336,0.699458327051647,0.9953031849963362,31.4333333,988.054442348889,0.9990480724184196,2.1972245773362196,-2675.457822111319,4732.066916815046,3322.51548331801,89.99408913382499,21.80140948635181,56.8
2020-02-15,37.1,62.8,31.6,26.1,4.8,4.5,7.8,20.6,31.4333333,119.4833333,8.0,33.70351596698553,10.901406781774295,25.08418188016797,0.7116566222817746,0.9953031849963362,31.4333333,988.054442348889,0.9990480724184196,2.1972245773362196,-2675.457822111319,4732.066916815046,3322.51548331801,89.99408913382499,21.80140948635181,35.1
2020-02-16,36.7,45.5,31.3,29.8,16.9,6.4,9.7,17.5,31.4333333,119.4833333,8.0,33.429072162866134,10.93048681074642,25.280347820946893,0.7236440382959124,0.9953031849963362,31.4333333,988.054442348889,0.9990480724184196,2.1972245773362196,-2675.457822111319,4732.066916815046,3322.51548331801,89.99408913382499,21.80140948635181,22.1
2020-02-17,41.2,51.6,31.3,31.6,18.6,4.9,9.7,20.6,31.4333333,119.4833333,8.0,37.628655725416586,10.95980263847085,25.478108157945055,0.7354170229639855,0.9953031849963362,31.4333333,988.054442348889,0.9990480724184196,2.1972245773362196,-2675.457822111319,4732.066916815046,3322.51548331801,89.99408913382499,21.80140948635181,20.7
2020-02-18,40.9,52.7,28.6,29.2,16.8,2.7,5.4,11.1,31.4333333,119.4833333,8.0,37.45535225773888,10.989345405693559,25.67737446636872,0.7469720876965552,0.9953031849963362,31.4333333,988.054442348889,0.9990480724184196,2.1972245773362196,-2675.457822111319,4732.066916815046,3322.51548331801,89.99408913382499,21.80140948635181,24.6
2020-02-19,44.0,52.7,32.4,26.4,9.2,2.0,3.9,9.7,31.4333333,119.4833333,8.0,40.403390102387796,11.019106391560308,25.87805768853963,0.7583058084785624,0.9953031849963362,31.4333333,988.054442348889,0.9990480724184196,2.1972245773362196,-2675.457822111319,4732.066916815046,3322.51548331801,89.99408913382499,21.80140948635181,34.3
2020-02-20,49.6,61.2,34.5,29.2,10.7,4.2,7.8,16.9,31.4333333,119.4833333,8.0,45.66951832541872,11.049077014214207,26.08006820425933,0.7694148268839378,0.9953031849963362,31.4333333,988.054442348889,0.9990480724184196,2.1972245773362196,-2675.457822111319,4732.066916815046,3322.51548331801,89.99408913382499,21.80140948635181,39.5
2020-02-21,49.5,61.2,40.3,29.0,7.4,3.5,4.9,13.8,31.4333333,119.4833333,8.0,45.70190142753175,11.07924883091679,26.28331590258564,0.7802958510707755,0.9953031849963362,31.4333333,988.054442348889,0.9990480724184196,2.1972245773362196,-2675.457822111319,4732.066916815046,3322.51548331801,89.99408913382499,21.80140948635181,42.5
2020-02-22,50.5,64.0,40.5,31.2,7.0,3.6,6.4,14.0,31.4333333,119.4833333,8.0,46.752956971194976,11.109613537709699,26.48771025490265,0.7909456567567772,0.9953031849963362,31.4333333,988.054442348889,0.9990480724184196,2.1972245773362196,-2675.457822111319,4732.066916815046,3322.51548331801,89.99408913382499,21.80140948635181,35.9
2020-02-23,52.0,64.0,38.5,23.5,5.2,3.7,7.8,16.1,31.4333333,119.4833333,8.0,48.274039530749505,11.1401629686345,26.693160389160766,0.8013610881746766,0.9953031849963362,31.4333333,988.054442348889,0.9990480724184196,2.1972245773362196,-2675.457822111319,4732.066916815046,3322.51548331801,89.99408913382499,21.80140948635181,41.9
2020-02-24,61.2,73.2,45.7,14.6,3.6,2.5,3.9,9.9,31.4333333,119.4833333,8.0,56.97153438209402,11.170889094528238,26.89957516515926,0.8115390590073611,0.9953031849963362,31.4333333,988.054442348889,0.9990480724184196,2.1972245773362196,-2675.457822111319,4732.066916815046,3322.51548331801,89.99408913382499,21.80140948635181,53.2
2020-02-25,57.6,73.2,48.4,18.6,4.5,4.5,7.8,14.6,31.4333333,119.4833333,8.0,53.76856330278016,11.201784021412532,27.106863250739565,0.8214765533024142,0.9953031849963362,31.4333333,988.054442348889,0.9990480724184196,2.1972245773362196,-2675.457822111319,4732.066916815046,3322.51548331801,89.99408913382499,21.80140948635181,52.9
2020-02-26,49.6,67.8,45.5,26.6,6.3,4.9,5.8,14.6,31.4333333,119.4833333,8.0,46.429071952441845,11.232839988493994,27.314933198754147,0.8311706263658079,0.9953031849963362,31.4333333,988.054442348889,0.9990480724184196,2.1972245773362196,-2675.457822111319,4732.066916815046,3322.51548331801,89.99408913382499,21.80140948635181,42.4
2020-02-27,50.9,55.2,44.8,22.6,7.0,6.4,9.7,19.2,31.4333333,119.4833333,8.0,47.77834272657548,11.264049365793827,27.523693524672577,0.8406184056344782,0.9953031849963362,31.4333333,988.054442348889,0.9990480724184196,2.1972245773362196,-2675.457822111319,4732.066916815046,3322.51548331801,89.99408913382499,21.80140948635181,42.6
2020-02-28,48.4,55.2,45.7,17.8,2.6,3.7,5.8,13.8,31.4333333,119.4833333,8.0,45.55813209407767,11.295404651424217,27.733052784683462,0.8498170915275278,0.9953031849963362,31.4333333,988.054442348889,0.9990480724184196,2.1972245773362196,-2675.457822111319,4732.066916815046,3322.51548331801,89.99408913382499,21.80140948635181,47.6
2020-02-29,49.5,52.3,46.8,17.4,4.7,2.6,4.1,84.22687269202629,31.4333333,119.4833333,8.0,46.723456182682945,11.326898468529198,27.94291965414869,0.8587639582758029,0.9953031849963362,31.4333333,988.054442348889,0.9990480724184196,2.1972245773362196,-2675.457822111319,4732.066916815046,3322.51548331801,89.99408913382499,21.80140948635181,46.6
2020-03-01,47.1,52.3,41.4,23.5,4.7,4.3,5.8,13.8,31.4333333,119.4833333,8.0,44.58220498048608,11.358523561907282,28.15320300626425,0.8674563547295969,0.9953031849963362,31.4333333,988.054442348889,0.9990480724184196,2.1972245773362196,-2675.457822111319,4732.066916815046,3322.51548331801,89.99408913382499,21.80140948635181,43.8
2020-03-02,48.3,53.4,39.2,24.8,7.8,4.3,5.8,15.0,31.4333333,119.4833333,8.0,45.845847997190646,11.39027279433308,28.36381199078028,0.8758917051442429,0.9953031849963362,31.4333333,988.054442348889,0.9990480724184196,2.1972245773362196,-2675.457822111319,4732.066916815046,3322.51548331801,89.99408913382499,21.80140948635181,37.8
2020-03-03,50.2,53.4,43.3,24.2,6.7,3.0,5.8,13.8,31.4333333,119.4833333,8.0,47.78261541318828,11.422139142594807,28.574656112631693,0.8840675099433636,0.9953031849963362,31.4333333,988.054442348889,0.9990480724184196,2.1972245773362196,-2675.457822111319,4732.066916815046,3322.51548331801,89.99408913382499,21.80140948635181,40.7
2020-03-04,47.5,55.9,36.0,27.8,8.6,4.0,5.8,14.4,31.4333333,119.4833333,8.0,45.339207952504374,11.454115693264262,28.78564531033021,0.8919813464595485,0.9953031849963362,31.4333333,988.054442348889,0.9990480724184196,2.1972245773362196,-2675.457822111319,4732.066916815046,3322.51548331801,89.99408913382499,21.80140948635181,35.3
2020-03-05,45.4,55.9,36.0,23.8,10.2,4.3,7.8,17.1,31.4333333,119.4833333,8.0,43.45610683124921,11.486195638215651,28.99669003396775,0.8996308696522433,0.9953031849963362,31.4333333,988.054442348889,0.9990480724184196,2.1972245773362196,-2675.457822111319,4732.066916815046,3322.51548331801,89.99408913382499,21.80140948635181,32.7
2020-03-06,53.2,57.9,38.1,15.3,5.5,3.5,7.8,14.2,31.4333333,119.4833333,8.0,51.06478372993082,11.518372269909207,29.207701322681626,0.9070138128026359,0.9953031849963362,31.4333333,988.054442348889,0.9990480724184196,2.1972245773362196,-2675.457822111319,4732.066916815046,3322.51548331801,89.99408913382499,21.80140948635181,44.4
2020-03-07,55.4,65.8,46.9,15.5,4.8,3.5,5.8,11.7,31.4333333,119.4833333,8.0,53.32544994130169,11.550638976455241,29.418590881431914,0.9141279881853337,0.9953031849963362,31.4333333,988.054442348889,0.9990480724184196,2.1972245773362196,-2675.457822111319,4732.066916815046,3322.51548331801,89.99408913382499,21.80140948635181,47.4
2020-03-08,55.6,65.8,48.0,10.3,6.8,7.0,9.9,21.6,31.4333333,119.4833333,8.0,53.66785012899621,11.582989236474,29.629271156942668,0.9209712877166346,0.9953031849963362,31.4333333,988.054442348889,0.9990480724184196,2.1972245773362196,-2675.457822111319,4732.066916815046,3322.51548331801,89.99408913382499,21.80140948635181,49.5
2020-03-09,51.9,62.2,47.7,11.5,4.6,4.5,5.8,16.5,31.4333333,119.4833333,8.0,50.23667685453892,11.615416613766225,29.839655412659397,0.9275416835791966,0.9953031849963362,31.4333333,988.054442348889,0.9990480724184196,2.1972245773362196,-2675.457822111319,4732.066916815046,3322.51548331801,89.99408913382499,21.80140948635181,50.8
2020-03-10,48.9,56.8,39.9,20.3,4.2,3.6,5.8,16.5,31.4333333,119.4833333,8.0,47.46525261362198,11.647914751809074,30.049657802577396,0.9338372288229252,0.9953031849963362,31.4333333,988.054442348889,0.9990480724184196,2.1972245773362196,-2675.457822111319,4732.066916815046,3322.51548331801,89.99408913382499,21.80140948635181,42.6
2020-03-11,52.3,62.8,38.7,19.6,6.4,2.3,5.8,10.5,31.4333333,119.4833333,8.0,50.907413862599654,11.6804773680917,30.259193443796992,0.9398560579418954,0.9953031849963362,31.4333333,988.054442348889,0.9990480724184196,2.1972245773362196,-2675.457822111319,4732.066916815046,3322.51548331801,89.99408913382499,21.80140948635181,39.7
2020-03-12,56.8,64.2,45.9,16.6,2.8,3.1,7.8,12.6,31.4333333,119.4833333,8.0,55.441998375307506,11.713098248304403,30.468178487664574,0.9455963874271426,0.9953031849963362,31.4333333,988.054442348889,0.9990480724184196,2.1972245773362196,-2675.457822111319,4732.066916815046,3322.51548331801,89.99408913382499,21.80140948635181,49.8
2020-03-13,49.6,64.2,42.3,23.4,7.0,5.1,10.3,19.2,31.4333333,119.4833333,8.0,48.549187793632896,11.745771240395054,30.67653018936104,0.9510565162951535,0.9953031849963362,31.4333333,988.054442348889,0.9990480724184196,2.1972245773362196,-2675.457822111319,4732.066916815046,3322.51548331801,89.99408913382499,21.80140948635181,45.6
2020-03-14,51.3,59.7,41.2,21.4,10.2,3.7,6.0,15.2,31.4333333,119.4833333,8.0,50.35304581236352,11.778490248506087,30.884166975802355,0.9562348265919056,0.9953031849963362,31.4333333,988.054442348889,0.9990480724184196,2.1972245773362196,-2675.457822111319,4732.066916815046,3322.51548331801,89.99408913382499,21.80140948635181,37.8
2020-03-15,57.4,70.0,42.1,20.4,12.8,4.2,7.8,20.0,31.4333333,119.4833333,8.0,56.49714213488475,11.811249226805174,31.091008511720602,0.9611297838723007,0.9953031849963362,31.4333333,988.054442348889,0.9990480724184196,2.1972245773362196,-2675.457822111319,4732.066916815046,3322.51548331801,89.99408913382499,21.80140948635181,35.9
2020-03-16,57.6,70.0,46.9,20.9,17.6,3.9,6.2,15.7,31.4333333,119.4833333,8.0,56.851402431467406,11.844042173222375,31.296975763797754,0.9657399376548549,0.9953031849963362,31.4333333,988.054442348889,0.9990480724184196,2.1972245773362196,-2675.457822111319,4732.066916815046,3322.51548331801,89.99408913382499,21.80140948635181,41.0
2020-03-17,61.7,74.5,49.3,16.5,11.9,3.0,5.8,13.4,31.4333333,119.4833333,8.0,61.06687122463838,11.87686312310633,31.501991062728777,0.9700639218515071,0.9953031849963362,31.4333333,988.054442348889,0.9990480724184196,2.1972245773362196,-2675.457822111319,4732.066916815046,3322.51548331801,89.99408913382499,21.80140948635181,42.2
2020-03-18,64.4,77.7,49.5,12.0,13.5,3.3,5.8,13.4,31.4333333,119.4833333,8.0,63.9154229664239,11.909706142811906,31.705978163095274,0.9741004551724205,0.9953031849963362,31.4333333,988.054442348889,0.9990480724184196,2.1972245773362196,-2675.457822111319,4732.066916815046,3322.51548331801,89.99408913382499,21.80140948635181,43.0
2020-03-19,57.0,77.7,44.6,16.5,14.3,3.6,7.8,19.2,31.4333333,119.4833333,8.0,56.72718528534938,11.942565323231449,31.90886230093562,0.9778483415056568,0.9953031849963362,31.4333333,988.054442348889,0.9990480724184196,2.1972245773362196,-2675.457822111319,4732.066916815046,3322.51548331801,89.99408913382499,21.80140948635181,35.4
2020-03-20,61.6,76.1,43.9,12.1,9.8,2.6,3.9,10.7,31.4333333,119.4833333,8.0,61.47389850284619,11.975434773281725,32.110570248903265,0.9813064702716093,0.9953031849963362,31.4333333,988.054442348889,0.9990480724184196,2.1972245773362196,-2675.457822111319,4732.066916815046,3322.51548331801,89.99408913382499,21.80140948635181,46.8
2020-03-21,69.7,84.2,51.1,9.6,7.6,3.0,5.8,14.2,31.4333333,119.4833333,8.0,69.74825919592371,12.008308613358457,32.31103036890977,0.9844738167520922,0.9953031849963362,31.4333333,988.054442348889,0.9990480724184196,2.1972245773362196,-2675.457822111319,4732.066916815046,3322.51548331801,89.99408913382499,21.80140948635181,59.1
2020-03-22,59.1,84.2,48.9,17.0,12.4,4.0,8.5,15.7,31.4333333,119.4833333,8.0,59.30281627119362,12.041180968770277,32.51017266215576,0.9873494423939864,0.9953031849963362,31.4333333,988.054442348889,0.9990480724184196,2.1972245773362196,-2675.457822111319,4732.066916815046,3322.51548331801,89.99408913382499,21.80140948635181,49.2
2020-03-23,56.1,68.0,47.1,19.2,15.9,4.2,7.8,16.7,31.4333333,119.4833333,8.0,56.446164877791354,12.074045963163925,32.70792881645828,0.989932495087353,0.9953031849963362,31.4333333,988.054442348889,0.9990480724184196,2.1972245773362196,-2675.457822111319,4732.066916815046,3322.51548331801,89.99408913382499,21.80140948635181,42.3
2020-03-24,60.8,67.3,48.9,15.5,16.2,5.1,9.7,19.4,31.4333333,119.4833333,8.0,61.3416150738921,12.10689771195239,32.904232250790045,0.9922222094179323,0.9953031849963362,31.4333333,988.054442348889,0.9990480724184196,2.1972245773362196,-2675.457822111319,4732.066916815046,3322.51548331801,89.99408913382499,21.80140948635181,44.7
2020-03-25,66.2,74.3,56.5,9.4,4.1,2.5,3.9,11.1,31.4333333,119.4833333,8.0,66.97084557526388,12.1397303157578,33.09901815695227,0.994217906893952,0.9953031849963362,31.4333333,988.054442348889,0.9990480724184196,2.1972245773362196,-2675.457822111319,4732.066916815046,3322.51548331801,89.99408913382499,21.80140948635181,60.1
2020-03-26,62.5,74.3,49.5,12.0,1.6,4.2,11.7,-15.790788431761825,31.4333333,119.4833333,8.0,63.39863465562944,12.17253785388085,33.29222353830965,0.995918996147179,0.9953031849963362,31.4333333,988.054442348889,0.9990480724184196,2.1972245773362196,-2675.457822111319,4732.066916815046,3322.51548331801,89.99408913382499,21.80140948635181,61.9
2020-03-27,47.5,68.7,37.2,23.5,13.2,6.1,9.7,-44.84870173215347,31.4333333,119.4833333,8.0,48.31270274549256,12.205314377808648,33.48378724552302,0.9973249731081555,0.9953031849963362,31.4333333,988.054442348889,0.9990480724184196,2.1972245773362196,-2675.457822111319,4732.066916815046,3322.51548331801,89.99408913382499,21.80140948635181,39.3
2020-03-28,42.7,55.0,34.0,24.8,8.5,2.7,3.9,3.5854554370321754,31.4333333,119.4833333,8.0,43.54707514448375,12.23805390477295,33.6736500092225,0.9984354211555643,0.9953031849963362,31.4333333,988.054442348889,0.9990480724184196,2.1972245773362196,-2675.457822111319,4732.066916815046,3322.51548331801,89.99408913382499,21.80140948635181,39.2
2020-03-29,43.7,47.7,35.2,20.0,4.8,3.9,5.8,-11.183505830999474,31.4333333,119.4833333,8.0,44.68598274807582,12.270750411370935,33.8617544695708,0.9992500112396835,0.9953031849963362,31.4333333,988.054442348889,0.9990480724184196,2.1972245773362196,-2675.457822111319,4732.066916815046,3322.51548331801,89.99408913382499,21.80140948635181,42.1
2020-03-30,48.7,50.0,42.4,18.9,1.4,2.7,3.9,41.81626009583657,31.4333333,119.4833333,8.0,49.931289515633225,12.303397827260753,34.0480452026745,0.9997685019798909,0.9953031849963362,31.4333333,988.054442348889,0.9990480724184196,2.1972245773362196,-2675.457822111319,4732.066916815046,3322.51548331801,89.99408913382499,21.80140948635181,48.5
2020-03-31,51.8,57.2,45.5,17.1,3.1,2.5,3.9,132.7957090132543,31.4333333,119.4833333,8.0,53.25035695827646,12.335990028944355,34.232468743807715,0.9999907397361901,0.9953031849963362,31.4333333,988.054442348889,0.9990480724184196,2.1972245773362196,-2675.457822111319,4732.066916815046,3322.51548331801,89.99408913382499,21.80140948635181,50.4
2020-04-01,54.7,62.2,47.8,22.3,5.1,3.2,5.8,-9.096467951831295,31.4333333,119.4833333,8.0,56.379840800055995,12.36852083365031,34.41497360742102,0.9999166586547379,0.9953031849963362,31.4333333,988.054442348889,0.9990480724184196,2.1972245773362196,-2675.457822111319,4732.066916815046,3322.51548331801,89.99408913382499,21.80140948635181,47.9
2020-04-02,56.1,63.0,45.7,22.4,14.9,4.6,9.7,-82.0377994265967,31.4333333,119.4833333,8.0,57.97460016881539,12.400983993329497,34.59551030391538,0.9995462806873573,0.9953031849963362,31.4333333,988.054442348889,0.9990480724184196,2.1972245773362196,-2675.457822111319,4732.066916815046,3322.51548331801,89.99408913382499,21.80140948635181,42.3
2020-04-03,54.6,63.7,47.1,22.2,8.1,3.1,5.8,98.94107529728836,31.4333333,119.4833333,8.0,56.57184800893514,12.433373188776955,34.77403135316933,0.9988797155850336,0.9953031849963362,31.4333333,988.054442348889,0.9990480724184196,2.1972245773362196,-2675.457822111319,4732.066916815046,3322.51548331801,89.99408913382499,21.80140948635181,42.7
2020-04-04,57.0,68.5,44.6,25.1,7.8,3.9,7.8,-100.91734515705392,31.4333333,119.4833333,8.0,59.211989613493216,12.465682023893308,34.950491294814526,0.9979171608653922,0.9953031849963362,31.4333333,988.054442348889,0.9990480724184196,2.1972245773362196,-2675.457822111319,4732.066916815046,3322.51548331801,89.99408913382499,21.80140948635181,43.4
2020-04-05,53.0,68.5,43.5,24.6,12.8,3.6,5.8,126.94948554940393,31.4333333,119.4833333,8.0,55.19907608877339,12.497904020099636,35.12484669526299,0.9966589017541702,0.9953031849963362,31.4333333,988.054442348889,0.9990480724184196,2.1972245773362196,-2675.457822111319,4732.066916815046,3322.51548331801,89.99408913382499,21.80140948635181,41.1
2020-04-06,51.9,63.1,41.4,19.8,11.3,4.3,7.8,12.6,31.4333333,119.4833333,8.0,54.19239104222843,12.530032610919868,35.29705615149696,0.9951053111006976,0.9953031849963362,31.4333333,988.054442348889,0.9990480724184196,2.1972245773362196,-2675.457822111319,4732.066916815046,3322.51548331801,89.99408913382499,21.80140948635181,39.3
2020-04-07,56.0,70.3,40.5,18.4,13.6,3.4,3.9,40.490585186911865,31.4333333,119.4833333,8.0,58.62295197147747,12.562061136745173,35.467080291639704,0.9932568492674143,0.9953031849963362,31.4333333,988.054442348889,0.9990480724184196,2.1972245773362196,-2675.457822111319,4732.066916815046,3322.51548331801,89.99408913382499,21.80140948635181,35.8
2020-04-08,61.3,74.7,42.3,17.7,11.5,3.4,7.8,121.11722756205008,31.4333333,119.4833333,8.0,64.33426233995353,12.593982839795144,35.63488177233305,0.9911140639934547,0.9953031849963362,31.4333333,988.054442348889,0.9990480724184196,2.1972245773362196,-2675.457822111319,4732.066916815046,3322.51548331801,89.99408913382499,21.80140948635181,39.6
2020-04-09,63.7,74.7,49.5,19.0,7.3,5.1,5.8,-41.710861192594116,31.4333333,119.4833333,8.0,67.02190647806921,12.625790859290904,35.800425272955415,0.9886775902323405,0.9953031849963362,31.4333333,988.054442348889,0.9990480724184196,2.1972245773362196,-2675.457822111319,4732.066916815046,3322.51548331801,89.99408913382499,21.80140948635181,47.2
2020-04-10,60.9,74.1,51.8,19.5,5.5,7.0,9.7,-95.11790435832313,31.4333333,119.4833333,8.0,64.23670200129233,12.657478226855632,35.96367748672031,0.9859481499638304,0.9953031849963362,31.4333333,988.054442348889,0.9990480724184196,2.1972245773362196,-2675.457822111319,4732.066916815046,3322.51548331801,89.99408913382499,21.80140948635181,52.9
2020-04-11,48.1,70.7,46.6,21.2,4.9,6.1,9.7,20.7774731901226,31.4333333,119.4833333,8.0,50.86189343081798,12.689037862158331,36.124607108703664,0.9829265519799822,0.9953031849963362,31.4333333,988.054442348889,0.9990480724184196,2.1972245773362196,-2675.457822111319,4732.066916815046,3322.51548331801,89.99408913382499,21.80140948635181,45.6
2020-04-12,57.7,67.5,46.6,17.4,12.4,5.8,9.7,12.163032222623858,31.4333333,119.4833333,8.0,61.16422418506159,12.720462568816968,36.28318482085421,0.9796136916454901,0.9953031849963362,31.4333333,988.054442348889,0.9990480724184196,2.1972245773362196,-2675.457822111319,4732.066916815046,3322.51548331801,89.99408913382499,21.80140948635181,37.6
2020-04-13,55.7,69.4,43.2,19.4,9.0,3.6,5.8,-14.246511134823072,31.4333333,119.4833333,8.0,59.189349850263895,12.7517450305775,36.4393832740486,0.9760105506323683,0.9953031849963362,31.4333333,988.054442348889,0.9990480724184196,2.1972245773362196,-2675.457822111319,4732.066916815046,3322.51548331801,89.99408913382499,21.80140948635181,35.2
2020-04-14,61.5,70.7,42.8,14.1,8.3,3.3,7.8,130.55030833532703,31.4333333,119.4833333,8.0,65.5122487649008,12.782877807785523,36.59317706725927,0.9721181966290613,0.9953031849963362,31.4333333,988.054442348889,0.9990480724184196,2.1972245773362196,-2675.457822111319,4732.066916815046,3322.51548331801,89.99408913382499,21.80140948635181,42.1
2020-04-15,65.2,78.3,52.2,11.3,14.5,3.5,5.8,76.76852823950568,31.4333333,119.4833333,8.0,69.62193644897732,12.813853334167606,36.744542723909085,0.9679377830240642,0.9953031849963362,31.4333333,988.054442348889,0.9990480724184196,2.1972245773362196,-2675.457822111319,4732.066916815046,3322.51548331801,89.99408913382499,21.80140948635181,47.0
2020-04-16,72.5,84.0,52.5,8.8,10.5,2.3,3.9,10.9,31.4333333,119.4833333,8.0,77.60317781338482,12.844663913939556,36.89345866549367,0.9634705485641488,0.9953031849963362,31.4333333,988.054442348889,0.9990480724184196,2.1972245773362196,-2675.457822111319,4732.066916815046,3322.51548331801,89.99408913382499,21.80140948635181,55.9
2020-04-17,65.2,84.0,58.3,14.9,6.0,3.1,5.8,43.7338194545153,31.4333333,119.4833333,8.0,69.95580600797479,12.875301719259161,37.039905182557014,0.9587178169872964,0.9953031849963362,31.4333333,988.054442348889,0.9990480724184196,2.1972245773362196,-2675.457822111319,4732.066916815046,3322.51548331801,89.99408913382499,21.80140948635181,53.5
2020-04-18,58.6,72.1,53.8,13.9,4.9,4.6,7.8,-47.02364076241738,31.4333333,119.4833333,8.0,63.023122081600235,12.905758788041002,37.18386440311252,0.9536809966304457,0.9953031849963362,31.4333333,988.054442348889,0.9990480724184196,2.1972245773362196,-2675.457822111319,4732.066916815046,3322.51548331801,89.99408913382499,21.80140948635181,51.0
2020-04-19,57.6,64.4,53.4,13.3,7.0,4.1,7.8,59.204056909147056,31.4333333,119.4833333,8.0,62.0929297063253,12.936027022151105,37.3253202586061,0.9483615800121715,0.9953031849963362,31.4333333,988.054442348889,0.9990480724184196,2.1972245773362196,-2675.457822111319,4732.066916815046,3322.51548331801,89.99408913382499,21.80140948635181,53.3
2020-04-20,62.4,72.3,53.4,16.5,6.9,4.1,5.8,54.842469421659075,31.4333333,119.4833333,8.0,67.4237105671963,12.96609818599929,37.464258447523115,0.9427611433904207,0.9953031849963362,31.4333333,988.054442348889,0.9990480724184196,2.1972245773362196,-2675.457822111319,4732.066916815046,3322.51548331801,89.99408913382499,21.80140948635181,53.4
2020-04-21,55.1,72.3,51.3,20.6,11.4,3.3,5.8,4.074691672484525,31.4333333,119.4833333,8.0,59.673134266303016,12.995963905546937,37.60066639674572,0.9368813462954315,0.9953031849963362,31.4333333,988.054442348889,0.9990480724184196,2.1972245773362196,-2675.457822111319,4732.066916815046,3322.51548331801,89.99408913382499,21.80140948635181,46.3
2020-04-22,61.0,70.0,50.0,21.2,8.5,2.9,5.8,109.83757163978953,31.4333333,119.4833333,8.0,66.21354631105227,13.025615667747989,37.73453322077082,0.9307239310379795,0.9953031849963362,31.4333333,988.054442348889,0.9990480724184196,2.1972245773362196,-2675.457822111319,4732.066916815046,3322.51548331801,89.99408913382499,21.80140948635181,46.8
2020-04-23,58.8,70.0,46.9,21.5,10.4,2.2,3.9,-52.40429682396008,31.4333333,119.4833333,8.0,63.96971962015919,13.055044820440653,37.86584967890311,0.9242907221930933,0.9953031849963362,31.4333333,988.054442348889,0.9990480724184196,2.1972245773362196,-2675.457822111319,4732.066916815046,3322.51548331801,89.99408913382499,21.80140948635181,41.2
2020-04-24,65.8,75.2,46.6,17.6,16.5,4.2,5.8,-27.11621047765052,31.4333333,119.4833333,8.0,71.74526344034466,13.084242572707232,37.99460813054105,0.9175836260593937,0.9953031849963362,31.4333333,988.054442348889,0.9990480724184196,2.1972245773362196,-2675.457822111319,4732.066916815046,3322.51548331801,89.99408913382499,21.80140948635181,37.2
2020-04-25,69.8,82.0,57.0,14.8,16.1,4.6,7.8,-83.34628191326104,31.4333333,119.4833333,8.0,76.27511330843207,13.11319999571898,38.12080248867667,0.9106046300942162,0.9953031849963362,31.4333333,988.054442348889,0.9990480724184196,2.1972245773362196,-2675.457822111319,4732.066916815046,3322.51548331801,89.99408913382499,21.80140948635181,42.2
2020-04-26,66.2,82.0,55.9,16.4,10.3,4.1,5.8,70.615926355506,31.4333333,119.4833333,8.0,72.49952593285569,13.141908024082603,38.24442817173263,0.9033558023246845,0.9953031849963362,31.4333333,988.054442348889,0.9990480724184196,2.1972245773362196,-2675.457822111319,4732.066916815046,3322.51548331801,89.99408913382499,21.80140948635181,52.0
2020-04-27,55.8,80.2,45.1,22.9,7.7,3.9,5.8,37.038692483449964,31.4333333,119.4833333,8.0,61.24216217832535,13.170357457704377,38.36548205386266,0.895839290734909,0.9953031849963362,31.4333333,988.054442348889,0.9990480724184196,2.1972245773362196,-2675.457822111319,4732.066916815046,3322.51548331801,89.99408913382499,21.80140948635181,45.5
2020-04-28,62.2,74.1,45.0,18.0,14.4,5.3,9.7,-12.025726410827431,31.4333333,119.4833333,8.0,68.41242696437082,13.198538964187298,38.483962413842875,0.8880573226294932,0.9953031849963362,31.4333333,988.054442348889,0.9990480724184196,2.1972245773362196,-2675.457822111319,4732.066916815046,3322.51548331801,89.99408913382499,21.80140948635181,44.4
2020-04-29,70.2,86.7,50.9,13.2,8.9,2.7,3.9,-53.45457795697416,31.4333333,119.4833333,8.0,77.37469202838861,13.22644308177583,38.59986888268332,0.8800122039735357,0.9953031849963362,31.4333333,988.054442348889,0.9990480724184196,2.1972245773362196,-2675.457822111319,4732.066916815046,3322.51548331801,89.99408913382499,21.80140948635181,55.5
2020-04-30,81.1,93.9,59.5,10.3,11.9,3.2,5.8,-102.38116922687094,31.4333333,119.4833333,8.0,89.57535700617528,13.254060222861941,38.71320239008998,0.8717063187093218,0.9953031849963362,31.4333333,988.054442348889,0.9990480724184196,2.1972245773362196,-2675.457822111319,4732.066916815046,3322.51548331801,89.99408913382499,21.80140948635181,60.6
2020-05-01,72.3,93.9,66.6,8.2,5.6,3.3,5.8,-47.62900256221499,31.4333333,119.4833333,8.0,80.02031858534264,13.281380678065167,38.823965109908286,0.8631421280499114,0.9953031849963362,31.4333333,988.054442348889,0.9990480724184196,2.1972245773362196,-2675.457822111319,4732.066916815046,3322.51548331801,89.99408913382499,21.80140948635181,65.3
2020-05-02,78.9,89.1,66.4,2.7,9.2,4.2,5.8,6.9204767264785705,31.4333333,119.4833333,8.0,87.50269463240554,13.308394620898179,38.93216040467904,0.854322169749827,0.9953031849963362,31.4333333,988.054442348889,0.9990480724184196,2.1972245773362196,-2675.457822111319,4732.066916815046,3322.51548331801,89.99408913382499,21.80140948635181,67.8
2020-05-03,83.5,96.3,71.4,3.8,12.2,3.9,5.8,-29.98206005516016,31.4333333,119.4833333,8.0,92.79001595315387,13.335092113028102,39.037792769438006,0.8452490573530633,0.9953031849963362,31.4333333,988.054442348889,0.9990480724184196,2.1972245773362196,-2675.457822111319,4732.066916815046,3322.51548331801,89.99408913382499,21.80140948635181,66.1
2020-05-04,78.8,96.3,68.0,7.3,4.5,5.3,7.8,-24.555778877047246,31.4333333,119.4833333,8.0,87.7402744232683,13.361463110142381,39.14086777488935,0.8359254794186372,0.9953031849963362,31.4333333,988.054442348889,0.9990480724184196,2.1972245773362196,-2675.457822111319,4732.066916815046,3322.51548331801,89.99408913382499,21.80140948635181,68.9
2020-05-05,64.5,90.7,59.2,8.1,3.2,4.6,7.8,96.6411276347845,31.4333333,119.4833333,8.0,71.95779889279194,13.387497468426407,39.241392010082485,0.8263541987239096,0.9953031849963362,31.4333333,988.054442348889,0.9990480724184196,2.1972245773362196,-2675.457822111319,4732.066916815046,3322.51548331801,89.99408913382499,21.80140948635181,62.5
2020-05-06,66.5,69.8,59.2,11.1,3.9,4.9,7.8,19.152416371874434,31.4333333,119.4833333,8.0,74.33139994044018,13.413184951658378,39.339373024720096,0.8165380514459161,0.9953031849963362,31.4333333,988.054442348889,0.9990480724184196,2.1972245773362196,-2675.457822111319,4732.066916815046,3322.51548331801,89.99408913382499,21.80140948635181,61.3
2020-05-07,71.6,77.0,61.2,6.7,6.4,5.6,7.8,57.52132308087906,31.4333333,119.4833333,8.0,80.18314092558593,13.438515238925017,39.43481927122394,0.8064799463209448,0.9953031849963362,31.4333333,988.054442348889,0.9990480724184196,2.1972245773362196,-2675.457822111319,4732.066916815046,3322.51548331801,89.99408913382499,21.80140948635181,66.0
2020-05-08,74.8,86.0,66.6,3.5,6.9,4.1,5.8,-104.71116764935542,31.4333333,119.4833333,8.0,83.92234578211571,13.46347793295974,39.52774004668207,0.7961828637826158,0.9953031849963362,31.4333333,988.054442348889,0.9990480724184196,2.1972245773362196,-2675.457822111319,4732.066916815046,3322.51548331801,89.99408913382499,21.80140948635181,69.3
2020-05-09,66.8,86.0,62.2,9.2,6.1,3.6,3.9,-8.981189842490565,31.4333333,119.4833333,8.0,75.08354830133831,13.488062569102693,39.61814543479946,0.7856498550787147,0.9953031849963362,31.4333333,988.054442348889,0.9990480724184196,2.1972245773362196,-2675.457822111319,4732.066916815046,3322.51548331801,89.99408913382499,21.80140948635181,58.3
2020-05-10,67.8,77.9,59.5,12.1,4.7,3.5,3.9,8.534712732853523,31.4333333,119.4833333,8.0,76.34426123057085,13.512258624879797,39.706046247970306,0.7748840413670407,0.9953031849963362,31.4333333,988.054442348889,0.9990480724184196,2.1972245773362196,-2675.457822111319,4732.066916815046,3322.51548331801,89.99408913382499,21.80140948635181,58.7
2020-05-11,72.7,83.3,59.5,11.2,12.7,3.4,5.8,-44.46752449626937,31.4333333,119.4833333,8.0,82.00593642043444,13.536055530195505,39.79145396958797,0.7638886127905428,0.9953031849963362,31.4333333,988.054442348889,0.9990480724184196,2.1972245773362196,-2675.457822111319,4732.066916815046,3322.51548331801,89.99408913382499,21.80140948635181,54.9
2020-05-12,73.9,85.8,60.3,12.5,18.3,4.4,5.8,-62.41442548657755,31.4333333,119.4833333,8.0,83.50356782615906,13.559442678131376,39.874380696704016,0.7526668275320085,0.9953031849963362,31.4333333,988.054442348889,0.9990480724184196,2.1972245773362196,-2675.457822111319,4732.066916815046,3322.51548331801,89.99408913382499,21.80140948635181,45.9
2020-05-13,76.7,86.4,59.9,12.0,14.5,4.9,7.8,92.36622526049874,31.4333333,119.4833333,8.0,86.81423364727277,13.582409436339939,39.95483908314501,0.7412220108485958,0.9953031849963362,31.4333333,988.054442348889,0.9990480724184196,2.1972245773362196,-2675.457822111319,4732.066916815046,3322.51548331801,89.99408913382499,21.80140948635181,51.8
2020-05-14,72.1,86.4,65.5,5.3,7.7,3.6,5.8,118.85752442863841,31.4333333,119.4833333,8.0,81.74304549711471,13.60494515902048,40.032842283190796,0.7295575540864875,0.9953031849963362,31.4333333,988.054442348889,0.9990480724184196,2.1972245773362196,-2675.457822111319,4732.066916815046,3322.51548331801,89.99408913382499,21.80140948635181,62.8
2020-05-15,72.1,81.9,65.5,5.4,3.7,1.9,1.9,-84.78452735267199,31.4333333,119.4833333,8.0,81.87579385675858,13.627039199460514,40.108403895914094,0.717676913675962,0.9953031849963362,31.4333333,988.054442348889,0.9990480724184196,2.1972245773362196,-2675.457822111319,4732.066916815046,3322.51548331801,89.99408913382499,21.80140948635181,70.0
2020-05-16,75.9,85.5,68.4,4.8,6.7,2.9,3.9,-13.532168074995152,31.4333333,119.4833333,8.0,86.32790683875771,13.648680923123747,40.181537910276525,0.705583610107178,0.9953031849963362,31.4333333,988.054442348889,0.9990480724184196,2.1972245773362196,-2675.457822111319,4732.066916815046,3322.51548331801,89.99408913382499,21.80140948635181,70.6
2020-05-17,81.7,91.0,69.6,0.4,10.9,2.7,3.9,127.14908354977291,31.4333333,119.4833333,8.0,93.06896160226036,13.669859721262231,40.25225865107167,0.6932812268869777,0.9953031849963362,31.4333333,988.054442348889,0.9990480724184196,2.1972245773362196,-2675.457822111319,4732.066916815046,3322.51548331801,89.99408913382499,21.80140948635181,70.6
2020-05-18,72.3,91.0,57.9,4.6,16.9,4.7,7.8,-72.9625469462674,31.4333333,119.4833333,8.0,82.48565427578981,13.690565025027356,40.320580725800205,0.6807734094770161,0.9953031849963362,31.4333333,988.054442348889,0.9990480724184196,2.1972245773362196,-2675.457822111319,4732.066916815046,3322.51548331801,89.99408913382499,21.80140948635181,48.3
2020-05-19,71.9,84.9,57.9,7.1,16.4,2.9,5.8,39.75511300386515,31.4333333,119.4833333,8.0,82.15046136764019,13.710786320051213,40.38651897255777,0.6680638642135335,0.9953031849963362,31.4333333,988.054442348889,0.9990480724184196,2.1972245773362196,-2675.457822111319,4732.066916815046,3322.51548331801,89.99408913382499,21.80140948635181,44.9
2020-05-20,78.2,88.2,59.7,8.0,16.3,4.4,7.8,144.58617792913407,31.4333333,119.4833333,8.0,89.47717743555741,13.73051316146661,40.450088409010455,0.6551563572090853,0.9953031849963362,31.4333333,988.054442348889,0.9990480724184196,2.1972245773362196,-2675.457822111319,4732.066916815046,3322.51548331801,89.99408913382499,21.80140948635181,50.9
2020-05-21,75.6,88.2,67.8,7.4,14.0,4.1,7.8,153.06451057864408,31.4333333,119.4833333,8.0,86.62333169278536,13.749735189331009,40.511304182527965,0.6420547132365637,0.9953031849963362,31.4333333,988.054442348889,0.9990480724184196,2.1972245773362196,-2675.457822111319,4732.066916815046,3322.51548331801,89.99408913382499,21.80140948635181,63.0
2020-05-22,74.6,84.9,66.2,6.8,12.7,3.9,5.8,10.748414059600407,31.4333333,119.4833333,8.0,85.5938153311222,13.768442144416442,40.57018152153857,0.6287628145958344,0.9953031849963362,31.4333333,988.054442348889,0.9990480724184196,2.1972245773362196,-2675.457822111319,4732.066916815046,3322.51548331801,89.99408913382499,21.80140948635181,64.7
2020-05-23,76.1,86.0,66.0,6.8,9.8,4.2,7.8,-47.62717145124215,31.4333333,119.4833333,8.0,87.43017313309097,13.786623884324463,40.626735688165205,0.6152845999633276,0.9953031849963362,31.4333333,988.054442348889,0.9990480724184196,2.1972245773362196,-2675.457822111319,4732.066916815046,3322.51548331801,89.99408913382499,21.80140948635181,65.1
2020-05-24,79.2,88.7,67.6,10.2,11.3,4.1,7.8,-37.80250067297044,31.4333333,119.4833333,8.0,91.1081846392222,13.80427039988215,40.68098193219619,0.6016240632249226,0.9953031849963362,31.4333333,988.054442348889,0.9990480724184196,2.1972245773362196,-2675.457822111319,4732.066916815046,3322.51548331801,89.99408913382499,21.80140948635181,61.4
2020-05-25,70.6,88.7,63.0,10.6,5.3,2.4,3.9,94.5609548257943,31.4333333,119.4833333,8.0,81.31573761026095,13.821371831772403,40.73293544643905,0.5877852522924732,0.9953031849963362,31.4333333,988.054442348889,0.9990480724184196,2.1972245773362196,-2675.457822111319,4732.066916815046,3322.51548331801,89.99408913382499,21.80140948635181,60.2
2020-05-26,70.3,79.0,63.0,10.0,4.8,2.2,3.9,101.63145292376649,31.4333333,119.4833333,8.0,81.0671391383858,13.837918487348928,40.78261132350033,0.5737722679043246,0.9953031849963362,31.4333333,988.054442348889,0.9990480724184196,2.1972245773362196,-2675.457822111319,4732.066916815046,3322.51548331801,89.99408913382499,21.80140948635181,65.6
2020-05-27,77.7,86.2,65.3,9.1,11.9,3.2,5.8,32.78989628013025,31.4333333,119.4833333,8.0,89.70400805285492,13.853900857583769,40.83002451402946,0.5595892624101765,0.9953031849963362,31.4333333,988.054442348889,0.9990480724184196,2.1972245773362196,-2675.457822111319,4732.066916815046,3322.51548331801,89.99408913382499,21.80140948635181,63.1
2020-05-28,79.4,89.2,70.2,9.9,10.4,2.8,3.9,60.75920797182268,31.4333333,119.4833333,8.0,91.76859874558146,13.869309634092916,40.8751897864593,0.545240438540651,0.9953031849963362,31.4333333,988.054442348889,0.9990480724184196,2.1972245773362196,-2675.457822111319,4732.066916815046,3322.51548331801,89.99408913382499,21.80140948635181,66.1
2020-05-29,70.9,89.2,64.4,10.5,5.7,5.1,9.7,64.46315922059365,31.4333333,119.4833333,8.0,82.03210191553242,13.884135726183201,40.918121688271626,0.5307300481619334,0.9953031849963362,31.4333333,988.054442348889,0.9990480724184196,2.1972245773362196,-2675.457822111319,4732.066916815046,3322.51548331801,89.99408913382499,21.80140948635181,63.2
2020-05-30,66.7,81.3,63.5,9.9,5.3,3.6,5.8,43.75451676170441,31.4333333,119.4833333,8.0,77.25177479444902,13.89837027786189,40.95883450881049,0.5160623910158528,0.9953031849963362,31.4333333,988.054442348889,0.9990480724184196,2.1972245773362196,-2675.457822111319,4732.066916815046,3322.51548331801,89.99408913382499,21.80140948635181,65.3
2020-05-31,76.6,85.5,63.5,9.7,5.2,2.3,3.9,73.87800189217407,31.4333333,119.4833333,8.0,88.8049632376456,13.91200468474866,40.99734224366254,0.5012418134457758,0.9953031849963362,31.4333333,988.054442348889,0.9990480724184196,2.1972245773362196,-2675.457822111319,4732.066916815046,3322.51548331801,89.99408913382499,21.80140948635181,69.8
2020-06-01,81.3,90.9,67.8,7.6,7.5,4.9,5.8,46.611868756472134,31.4333333,119.4833333,8.0,94.34208238836118,13.92503061082822,41.03365856061867,0.48627270710868997,0.9953031849963362,31.4333333,988.054442348889,0.9990480724184196,2.1972245773362196,-2675.457822111319,4732.066916815046,3322.51548331801,89.99408913382499,21.80140948635181,69.0
2020-06-02,84.8,93.2,70.3,3.3,17.1,3.6,5.8,20.626678425552537,31.4333333,119.4833333,8.0,98.49124270186496,13.937440004980893,41.067796767227705,0.4711595076738638,0.9953031849963362,31.4333333,988.054442348889,0.9990480724184196,2.1972245773362196,-2675.457822111319,4732.066916815046,3322.51548331801,89.99408913382499,21.80140948635181,71.6
2020-06-03,80.2,93.2,75.9,2.4,16.8,3.4,5.8,-30.710196994497352,31.4333333,119.4833333,8.0,93.22732120013785,13.949225117227607,41.09976977994911,0.4559066935084588,0.9953031849963362,31.4333333,988.054442348889,0.9990480724184196,2.1972245773362196,-2675.457822111319,4732.066916815046,3322.51548331801,89.99408913382499,21.80140948635181,72.7
2020-06-04,81.3,93.6,72.5,3.1,11.4,2.7,3.9,56.549794981590054,31.4333333,119.4833333,8.0,94.58156443658778,13.960378514625503,41.129590094907996,0.440518784350495,0.9953031849963362,31.4333333,988.054442348889,0.9990480724184196,2.1972245773362196,-2675.457822111319,4732.066916815046,3322.51548331801,89.99408913382499,21.80140948635181,71.5
2020-06-05,72.3,93.6,69.3,4.4,6.2,3.4,5.8,12.666163294219963,31.4333333,119.4833333,8.0,84.17463090792029,13.970893096750258,41.157269760253314,0.42500033996955416,0.9953031849963362,31.4333333,988.054442348889,0.9990480724184196,2.1972245773362196,-2675.457822111319,4732.066916815046,3322.51548331801,89.99408913382499,21.80140948635181,70.9
2020-06-06,77.7,86.5,69.3,7.5,13.0,3.6,5.8,-20.502024537733778,31.4333333,119.4833333,8.0,90.5254346667934,13.980762110701683,41.182820350116664,0.4093559588156213,0.9953031849963362,31.4333333,988.054442348889,0.9990480724184196,2.1972245773362196,-2675.457822111319,4732.066916815046,3322.51548331801,89.99408913382499,21.80140948635181,68.9
2020-06-07,77.9,86.5,69.6,8.2,13.4,5.3,9.7,77.40929434449353,31.4333333,119.4833333,8.0,90.81828141649123,13.989979165569892,41.20625294016725,0.39359027665646673,0.9953031849963362,31.4333333,988.054442348889,0.9990480724184196,2.1972245773362196,-2675.457822111319,4732.066916815046,3322.51548331801,89.99408913382499,21.80140948635181,67.1
2020-06-08,78.6,85.1,72.0,8.1,11.2,5.6,7.8,52.44670912764674,31.4333333,119.4833333,8.0,91.69042551326841,13.998538246300521,41.22757808475646,0.3777079652039649,0.9953031849963362,31.4333333,988.054442348889,0.9990480724184196,2.1972245773362196,-2675.457822111319,4732.066916815046,3322.51548331801,89.99408913382499,21.80140948635181,71.1
2020-06-09,81.8,89.6,74.8,5.9,14.4,3.6,5.8,117.56132465914534,31.4333333,119.4833333,8.0,95.47718990502875,14.006433726899084,41.246805795643354,0.36171373072976765,0.9953031849963362,31.4333333,988.054442348889,0.9990480724184196,2.1972245773362196,-2675.457822111319,4732.066916815046,3322.51548331801,89.99408913382499,21.80140948635181,73.9
2020-06-10,80.6,89.6,77.0,3.8,7.2,2.6,3.9,-51.844379727511125,31.4333333,119.4833333,8.0,94.12508557192253,14.013660382916507,41.26394552229194,0.3456123126707335,0.9953031849963362,31.4333333,988.054442348889,0.9990480724184196,2.1972245773362196,-2675.457822111319,4732.066916815046,3322.51548331801,89.99408913382499,21.80140948635181,77.5
2020-06-11,82.9,87.8,78.1,2.8,2.4,2.2,3.9,37.04851515278936,31.4333333,119.4833333,8.0,96.856307593499,14.02021340316029,41.27900613372906,0.3294084822245304,0.9953031849963362,31.4333333,988.054442348889,0.9990480724184196,2.1972245773362196,-2675.457822111319,4732.066916815046,3322.51548331801,89.99408913382499,21.80140948635181,77.9
2020-06-12,83.1,96.6,76.5,1.0,10.8,3.6,9.7,-24.630821102688422,31.4333333,119.4833333,8.0,97.13066217400635,14.026088400578535,41.291995901951935,0.3131070409358269,0.9953031849963362,31.4333333,988.054442348889,0.9990480724184196,2.1972245773362196,-2675.457822111319,4732.066916815046,3322.51548331801,89.99408913382499,21.80140948635181,77.6
2020-06-13,82.0,96.6,75.4,3.9,11.4,3.9,5.8,102.99625219559542,31.4333333,119.4833333,8.0,95.88042305215922,14.031281422267204,41.302922486873626,0.29671281927349075,0.9953031849963362,31.4333333,988.054442348889,0.9990480724184196,2.1972245773362196,-2675.457822111319,4732.066916815046,3322.51548331801,89.99408913382499,21.80140948635181,77.6
2020-06-14,81.4,93.9,75.4,7.8,10.2,1.9,1.9,-74.97150313577488,31.4333333,119.4833333,8.0,95.20943510219463,14.035788958554491,41.311792922794695,0.28023067519921585,0.9953031849963362,31.4333333,988.054442348889,0.9990480724184196,2.1972245773362196,-2675.457822111319,4732.066916815046,3322.51548331801,89.99408913382499,21.80140948635181,78.8
2020-06-15,77.8,86.7,76.1,6.3,7.4,97.58243369939949,146.45431412567837,249.5296341848384,31.4333333,119.4833333,8.0,91.02345821642862,14.039607951120098,41.31861360638981,0.26366549272800704,0.9953031849963362,31.4333333,988.054442348889,0.9990480724184196,2.1972245773362196,-2675.457822111319,4732.066916815046,3322.51548331801,89.99408913382499,21.80140948635181,77.5
2020-06-16,74.0,80.8,71.1,3.7,2.9,3.9,5.8,68.75510838668299,31.4333333,119.4833333,8.0,86.59687076735312,14.042735800111316,41.32339028619843,0.24702218048093552,0.9953031849963362,31.4333333,988.054442348889,0.9990480724184196,2.1972245773362196,-2675.457822111319,4732.066916815046,3322.51548331801,89.99408913382499,21.80140948635181,72.9
2020-06-17,88.5,97.7,71.1,999.1,15.6,3.3,5.8,-8.706875868340976,31.4333333,119.4833333,8.0,103.58313148038953,14.045170370222309,41.3261280536095,0.23030567023061221,0.9953031849963362,31.4333333,988.054442348889,0.9990480724184196,2.1972245773362196,-2675.457822111319,4732.066916815046,3322.51548331801,89.99408913382499,21.80140948635181,77.0
2020-06-18,71.7,97.7,69.4,4.3,6.6,3.2,3.9,127.41730580053365,31.4333333,119.4833333,8.0,83.93028722435352,14.0469099957077,41.326831335331285,0.21352091543979612,0.9953031849963362,31.4333333,988.054442348889,0.9990480724184196,2.1972245773362196,-2675.457822111319,4732.066916815046,3322.51548331801,89.99408913382499,21.80140948635181,69.9
2020-06-19,76.8,83.3,69.4,7.8,10.9,2.7,3.9,81.3714855745614,31.4333333,119.4833333,8.0,89.9069022995619,14.047953484306548,41.325503887338336,0.19667288979357647,0.9953031849963362,31.4333333,988.054442348889,0.9990480724184196,2.1972245773362196,-2675.457822111319,4732.066916815046,3322.51548331801,89.99408913382499,21.80140948635181,67.3
2020-06-20,72.4,83.3,68.7,6.4,7.3,2.7,3.9,-22.94462495492295,31.4333333,119.4833333,8.0,84.75807739101562,14.048300120057837,41.32214879028943,0.1797665857255624,0.9953031849963362,31.4333333,988.054442348889,0.9990480724184196,2.1972245773362196,-2675.457822111319,4732.066916815046,3322.51548331801,89.99408913382499,21.80140948635181,67.3
2020-06-21,70.9,78.4,68.7,3.6,5.6,4.6,5.8,-146.2095133406019,31.4333333,119.4833333,8.0,82.99996927067279,14.047949664993984,41.3167684464112,0.16280701293851715,0.9953031849963362,31.4333333,988.054442348889,0.9990480724184196,2.1972245773362196,-2675.457822111319,4732.066916815046,3322.51548331801,89.99408913382499,21.80140948635181,70.2
2020-06-22,74.0,76.3,69.8,3.3,5.7,3.6,5.8,-21.228074260583355,31.4333333,119.4833333,8.0,86.62256455150911,14.04690235970418,41.30936457784454,0.1457991969198751,0.9953031849963362,31.4333333,988.054442348889,0.9990480724184196,2.1972245773362196,-2675.457822111319,4732.066916815046,3322.51548331801,89.99408913382499,21.80140948635181,72.7
2020-06-23,76.3,80.8,70.9,1.5,3.3,2.9,3.9,-26.973369978819875,31.4333333,119.4833333,8.0,89.30380215057987,14.045158922764854,41.299938226451566,0.12874817745258132,0.9953031849963362,31.4333333,988.054442348889,0.9990480724184196,2.1972245773362196,-2675.457822111319,4732.066916815046,3322.51548331801,89.99408913382499,21.80140948635181,75.8
2020-06-24,80.2,85.3,74.1,2.0,10.5,3.4,3.9,93.91064902880083,31.4333333,119.4833333,8.0,93.85218233608383,14.042720549039975,41.28848975508361,0.11165900712169512,0.9953031849963362,31.4333333,988.054442348889,0.9990480724184196,2.1972245773362196,-2675.457822111319,4732.066916815046,3322.51548331801,89.99408913382499,21.80140948635181,73.0
2020-06-25,78.4,85.5,72.7,3.8,3.3,1.9,1.9,131.3626527060196,31.4333333,119.4833333,8.0,91.72531419148174,14.039588906859448,41.27501885031138,0.09453674981719912,0.9953031849963362,31.4333333,988.054442348889,0.9990480724184196,2.1972245773362196,-2675.457822111319,4732.066916815046,3322.51548331801,89.99408913382499,21.80140948635181,73.6
2020-06-26,83.1,90.0,72.5,3.2,5.9,3.6,5.8,-83.73950464707576,31.4333333,119.4833333,8.0,97.19768047856716,14.035766134089123,41.25952452662086,0.07738647923346301,0.9953031849963362,31.4333333,988.054442348889,0.9990480724184196,2.1972245773362196,-2675.457822111319,4732.066916815046,3322.51548331801,89.99408913382499,21.80140948635181,77.5
2020-06-27,80.0,90.0,76.6,3.0,6.4,2.5,3.9,8.087261993784452,31.4333333,119.4833333,8.0,93.54169888740859,14.031254833111289,41.24200513207935,0.06021327736579302,0.9953031849963362,31.4333333,988.054442348889,0.9990480724184196,2.1972245773362196,-2675.457822111319,4732.066916815046,3322.51548331801,89.99408913382499,21.80140948635181,78.5
2020-06-28,80.0,84.6,75.7,0.7,9.3,3.6,5.8,23.112927729936924,31.4333333,119.4833333,8.0,93.50705376493087,14.026058064739631,41.22245835547803,0.04302223300453059,0.9953031849963362,31.4333333,988.054442348889,0.9990480724184196,2.1972245773362196,-2675.457822111319,4732.066916815046,3322.51548331801,89.99408913382499,21.80140948635181,77.5
2020-06-29,76.6,83.8,69.4,999.2,11.1,3.3,5.8,-71.40085876837614,31.4333333,119.4833333,8.0,89.49547812733937,14.020179341097553,41.20088123495811,0.02581844022713308,0.9953031849963362,31.4333333,988.054442348889,0.9990480724184196,2.1972245773362196,-2675.457822111319,4732.066916815046,3322.51548331801,89.99408913382499,21.80140948635181,73.2
2020-06-30,79.9,88.2,69.4,2.2,7.2,2.5,3.9,-9.052488992508374,31.4333333,119.4833333,8.0,93.30737059481096,14.013622617493509,41.17727016812911,0.008606996888688698,0.9953031849963362,31.4333333,988.054442348889,0.9990480724184196,2.1972245773362196,-2675.457822111319,4732.066916815046,3322.51548331801,89.99408913382499,21.80140948635181,71.1
2020-07-01,80.1,88.2,75.6,4.8,8.9,3.9,5.8,-16.12710486059742,31.4333333,119.4833333,8.0,93.49266849123748,14.006392283331458,41.151620923688476,-0.008606996888688009,0.9953031849963362,31.4333333,988.054442348889,0.9990480724184196,2.1972245773362196,-2675.457822111319,4732.066916815046,3322.51548331801,89.99408913382499,21.80140948635181,72.5
2020-07-02,77.4,87.1,75.4,4.1,7.7,3.9,5.8,21.9542177491702,31.4333333,119.4833333,8.0,90.2902808310364,13.998493152098666,41.12392865455226,-0.02581844022713239,0.9953031849963362,31.4333333,988.054442348889,0.9990480724184196,2.1972245773362196,-2675.457822111319,4732.066916815046,3322.51548331801,89.99408913382499,21.80140948635181,75.2
2020-07-03,79.5,87.1,74.1,5.7,9.1,4.2,5.8,43.026134168789405,31.4333333,119.4833333,8.0,92.68328923441018,13.989930450477008,41.09418791250706,-0.04302223300453034,0.9953031849963362,31.4333333,988.054442348889,0.9990480724184196,2.1972245773362196,-2675.457822111319,4732.066916815046,3322.51548331801,89.99408913382499,21.80140948635181,73.8
2020-07-04,77.8,87.1,73.6,5.4,4.6,2.4,3.9,47.97899572892318,31.4333333,119.4833333,8.0,90.64160191296783,13.98070980662743,41.062392664393464,-0.060213277365792774,0.9953031849963362,31.4333333,988.054442348889,0.9990480724184196,2.1972245773362196,-2675.457822111319,4732.066916815046,3322.51548331801,89.99408913382499,21.80140948635181,72.4
2020-07-05,76.2,81.7,74.8,999.8,2.5,2.3,3.9,-59.23589598474342,31.4333333,119.4833333,8.0,88.71481645939694,13.970837237700307,41.02853630983083,-0.07738647923346322,0.9953031849963362,31.4333333,988.054442348889,0.9990480724184196,2.1972245773362196,-2675.457822111319,4732.066916815046,3322.51548331801,89.99408913382499,21.80140948635181,76.1
2020-07-06,77.8,81.9,75.4,0.3,8.4,3.3,3.9,71.59069433475894,31.4333333,119.4833333,8.0,90.50940240246706,13.96031913662731,40.992611700492866,-0.09453674981719933,0.9953031849963362,31.4333333,988.054442348889,0.9990480724184196,2.1972245773362196,-2675.457822111319,4732.066916815046,3322.51548331801,89.99408913382499,21.80140948635181,77.0
2020-07-07,84.4,91.0,75.4,4.0,13.3,3.1,3.9,43.280143896202496,31.4333333,119.4833333,8.0,98.10910788304425,13.949162258252736,40.954611160942434,-0.11165900712169444,0.9953031849963362,31.4333333,988.054442348889,0.9990480724184196,2.1972245773362196,-2675.457822111319,4732.066916815046,3322.51548331801,89.99408913382499,21.80140948635181,78.5
2020-07-08,80.4,91.0,77.2,0.6,4.4,4.1,5.8,96.88451438006119,31.4333333,119.4833333,8.0,93.38040382259018,13.937373704864203,40.91452651103283,-0.12874817745258066,0.9953031849963362,31.4333333,988.054442348889,0.9990480724184196,2.1972245773362196,-2675.457822111319,4732.066916815046,3322.51548331801,89.99408913382499,21.80140948635181,76.5
2020-07-09,78.0,87.8,75.2,999.2,4.4,3.9,7.8,11.290324321590946,31.4333333,119.4833333,8.0,90.51224592269783,13.924960911184282,40.87234908988119,-0.14579919691987442,0.9953031849963362,31.4333333,988.054442348889,0.9990480724184196,2.1972245773362196,-2675.457822111319,4732.066916815046,3322.51548331801,89.99408913382499,21.80140948635181,75.1
2020-07-10,79.3,84.7,75.2,2.8,3.6,3.2,3.9,94.92542363491708,31.4333333,119.4833333,8.0,91.93468151421983,13.911931628885725,40.82806978141787,-0.16280701293851646,0.9953031849963362,31.4333333,988.054442348889,0.9990480724184196,2.1972245773362196,-2675.457822111319,4732.066916815046,3322.51548331801,89.99408913382499,21.80140948635181,74.8
2020-07-11,79.3,84.7,75.7,3.0,2.1,3.1,3.9,85.4680376099248,31.4333333,119.4833333,8.0,91.84455892650135,13.898293910693774,40.78167904151317,-0.17976658572556214,0.9953031849963362,31.4333333,988.054442348889,0.9990480724184196,2.1972245773362196,-2675.457822111319,4732.066916815046,3322.51548331801,89.99408913382499,21.80140948635181,78.6
2020-07-12,86.8,95.7,75.6,1.7,13.9,4.4,5.8,5.042750454754525,31.4333333,119.4833333,8.0,100.4280057476085,13.884056094139424,40.73316692668057,-0.19667288979357622,0.9953031849963362,31.4333333,988.054442348889,0.9990480724184196,2.1972245773362196,-2675.457822111319,4732.066916815046,3322.51548331801,89.99408913382499,21.80140948635181,77.4
2020-07-13,74.1,95.7,73.0,6.1,4.2,2.6,3.9,-5.579724545071018,31.4333333,119.4833333,8.0,85.6424753975446,13.869226785027468,40.68252312435219,-0.2135209154397959,0.9953031849963362,31.4333333,988.054442348889,0.9990480724184196,2.1972245773362196,-2675.457822111319,4732.066916815046,3322.51548331801,89.99408913382499,21.80140948635181,73.6
2020-07-14,74.9,79.2,72.7,6.6,7.4,2.7,5.8,114.4315345150769,31.4333333,119.4833333,8.0,86.47089429726189,13.853814840682812,40.629736984719706,-0.23030567023061196,0.9953031849963362,31.4333333,988.054442348889,0.9990480724184196,2.1972245773362196,-2675.457822111319,4732.066916815046,3322.51548331801,89.99408913382499,21.80140948635181,71.9
2020-07-15,69.9,79.2,68.9,5.2,3.2,3.9,5.8,53.26948797145829,31.4333333,119.4833333,8.0,80.60535598144527,13.837829353037813,40.57479755412984,-0.24702218048093527,0.9953031849963362,31.4333333,988.054442348889,0.9990480724184196,2.1972245773362196,-2675.457822111319,4732.066916815046,3322.51548331801,89.99408913382499,21.80140948635181,69.8
2020-07-16,72.4,75.2,68.9,5.4,5.6,2.7,3.9,108.96644962954618,31.4333333,119.4833333,8.0,83.38838711078797,13.821279631622314,40.51769361001994,-0.2636654927280072,0.9953031849963362,31.4333333,988.054442348889,0.9990480724184196,2.1972245773362196,-2675.457822111319,4732.066916815046,3322.51548331801,89.99408913382499,21.80140948635181,70.5
2020-07-17,74.8,76.8,70.5,3.3,2.2,2.4,3.9,66.3696618290041,31.4333333,119.4833333,8.0,86.04602532928743,13.8041751865167,40.45841369737558,-0.2802306751992161,0.9953031849963362,31.4333333,988.054442348889,0.9990480724184196,2.1972245773362196,-2675.457822111319,4732.066916815046,3322.51548331801,89.99408913382499,21.80140948635181,74.7
2020-07-18,80.0,84.2,71.8,0.5,0.8,1.9,1.9,26.469770078177547,31.4333333,119.4833333,8.0,91.91017140884382,13.786525711326572,40.39694616668703,-0.2967128192734901,0.9953031849963362,31.4333333,988.054442348889,0.9990480724184196,2.1972245773362196,-2675.457822111319,4732.066916815046,3322.51548331801,89.99408913382499,21.80140948635181,79.2
2020-07-19,78.4,92.8,72.5,2.4,7.2,3.6,5.8,-63.58263197669168,31.4333333,119.4833333,8.0,89.95316163274057,13.7683410662358,40.333279213377786,-0.3131070409358267,0.9953031849963362,31.4333333,988.054442348889,0.9990480724184196,2.1972245773362196,-2675.457822111319,4732.066916815046,3322.51548331801,89.99408913382499,21.80140948635181,75.9
2020-07-20,73.8,92.8,71.8,8.8,2.9,1.9,1.9,-25.42792472281783,31.4333333,119.4833333,8.0,84.56023225633325,13.7496312611924,40.267400918673324,-0.3294084822245302,0.9953031849963362,31.4333333,988.054442348889,0.9990480724184196,2.1972245773362196,-2675.457822111319,4732.066916815046,3322.51548331801,89.99408913382499,21.80140948635181,72.7
2020-07-21,78.2,83.3,71.8,9.2,3.9,1.9,1.9,132.64061765882224,31.4333333,119.4833333,8.0,89.47648196263735,13.730406439279388,40.199299291873345,-0.3456123126707333,0.9953031849963362,31.4333333,988.054442348889,0.9990480724184196,2.1972245773362196,-2675.457822111319,4732.066916815046,3322.51548331801,89.99408913382499,21.80140948635181,75.3
2020-07-22,87.6,97.5,75.0,3.9,13.0,2.9,3.9,-18.823682211658856,31.4333333,119.4833333,8.0,100.0879410803375,13.710676860320207,40.128962313986314,-0.3617137307297674,0.9953031849963362,31.4333333,988.054442348889,0.9990480724184196,2.1972245773362196,-2675.457822111319,4732.066916815046,3322.51548331801,89.99408913382499,21.80140948635181,77.1
2020-07-23,82.1,97.5,76.3,5.5,12.3,3.6,5.8,-71.17872524752232,31.4333333,119.4833333,8.0,93.66551515327006,13.690452884765419,40.05637798267951,-0.37770796520396466,0.9953031849963362,31.4333333,988.054442348889,0.9990480724184196,2.1972245773362196,-2675.457822111319,4732.066916815046,3322.51548331801,89.99408913382499,21.80140948635181,75.4
2020-07-24,73.4,89.2,71.2,7.9,8.4,2.9,4.7,13.6,31.4333333,119.4833333,8.0,83.61327332585043,13.669744957904701,39.98153435849326,-0.39359027665646645,0.9953031849963362,31.4333333,988.054442348889,0.9990480724184196,2.1972245773362196,-2675.457822111319,4732.066916815046,3322.51548331801,89.99408913382499,21.80140948635181,71.3
2020-07-25,80.1,89.2,70.9,5.7,6.7,2.7,3.9,48.31581431782962,31.4333333,119.4833333,8.0,91.10416199292048,13.648563594445017,39.90441961226275,-0.4093559588156211,0.9953031849963362,31.4333333,988.054442348889,0.9990480724184196,2.1972245773362196,-2675.457822111319,4732.066916815046,3322.51548331801,89.99408913382499,21.80140948635181,72.2
2020-07-26,80.7,89.2,72.5,3.3,2.0,2.6,3.9,53.14164482711211,31.4333333,119.4833333,8.0,91.64103271948977,13.626919363492902,39.82502207368531,-0.42500033996955394,0.9953031849963362,31.4333333,988.054442348889,0.9990480724184196,2.1972245773362196,-2675.457822111319,4732.066916815046,3322.51548331801,89.99408913382499,21.80140948635181,76.1
2020-07-27,80.0,88.9,76.8,4.8,9.2,2.9,3.9,-24.5895771478383,31.4333333,119.4833333,8.0,90.69881915983741,13.604822873975612,39.74333028096685,-0.4405187843504952,0.9953031849963362,31.4333333,988.054442348889,0.9990480724184196,2.1972245773362196,-2675.457822111319,4732.066916815046,3322.51548331801,89.99408913382499,21.80140948635181,77.1
2020-07-28,79.0,86.4,76.3,7.2,3.4,2.2,3.9,-23.058133412026088,31.4333333,119.4833333,8.0,89.41670800684078,13.582284760532776,39.659333031475164,-0.455906693508459,0.9953031849963362,31.4333333,988.054442348889,0.9990480724184196,2.1972245773362196,-2675.457822111319,4732.066916815046,3322.51548331801,89.99408913382499,21.80140948635181,77.7
2020-07-29,83.0,90.0,76.5,8.5,3.5,1.9,1.9,3.7852805797343247,31.4333333,119.4833333,8.0,93.78526671685714,13.559315669907056,39.57301943332365,-0.47115950767386394,0.9953031849963362,31.4333333,988.054442348889,0.9990480724184196,2.1972245773362196,-2675.457822111319,4732.066916815046,3322.51548331801,89.99408913382499,21.80140948635181,79.6
2020-07-30,85.3,91.6,78.8,8.8,13.5,2.5,3.9,-121.4976753993237,31.4333333,119.4833333,8.0,96.21787574519851,13.535926247859111,39.48437895780364,-0.4862727071086902,0.9953031849963362,31.4333333,988.054442348889,0.9990480724184196,2.1972245773362196,-2675.457822111319,4732.066916815046,3322.51548331801,89.99408913382499,21.80140948635181,80.2
2020-07-31,86.9,95.2,80.4,7.4,17.2,3.6,5.8,69.60180224519975,31.4333333,119.4833333,8.0,97.85032060867304,13.512127126629188,39.39340149257925,-0.5012418134457756,0.9953031849963362,31.4333333,988.054442348889,0.9990480724184196,2.1972245773362196,-2675.457822111319,4732.066916815046,3322.51548331801,89.99408913382499,21.80140948635181,78.9
2020-08-01,88.7,99.0,80.1,5.7,18.2,2.8,3.9,-18.121173045154947,31.4333333,119.4833333,8.0,99.69827454832905,13.48792891296447,39.30007739555393,-0.5160623910158526,0.9953031849963362,31.4333333,988.054442348889,0.9990480724184196,2.1972245773362196,-2675.457822111319,4732.066916815046,3322.51548331801,89.99408913382499,21.80140948635181,78.8
2020-08-02,89.4,99.3,79.9,4.6,15.3,2.9,5.8,85.66254283414283,31.4333333,119.4833333,8.0,100.30189921662696,13.46334217672845,39.2043975493136,-0.5307300481619331,0.9953031849963362,31.4333333,988.054442348889,0.9990480724184196,2.1972245773362196,-2675.457822111319,4732.066916815046,3322.51548331801,89.99408913382499,21.80140948635181,78.6
2020-08-03,89.1,99.3,79.9,3.5,18.3,4.1,7.8,75.54059126337893,31.4333333,119.4833333,8.0,99.77995249278436,13.438377440105638,39.106353416047355,-0.5452404385406507,0.9953031849963362,31.4333333,988.054442348889,0.9990480724184196,2.1972245773362196,-2675.457822111319,4732.066916815046,3322.51548331801,89.99408913382499,21.80140948635181,78.1
2020-08-04,85.9,97.9,81.0,1.2,13.4,4.6,7.8,47.04803680555317,31.4333333,119.4833333,8.0,96.01504832339207,13.413045167412163,39.00593709284275,-0.5595892624101763,0.9953031849963362,31.4333333,988.054442348889,0.9990480724184196,2.1972245773362196,-2675.457822111319,4732.066916815046,3322.51548331801,89.99408913382499,21.80140948635181,78.3
2020-08-05,91.5,99.3,82.6,5.0,18.1,4.1,5.8,-14.232568098371326,31.4333333,119.4833333,8.0,102.07858763584073,13.387355755520097,38.903141367248935,-0.5737722679043243,0.9953031849963362,31.4333333,988.054442348889,0.9990480724184196,2.1972245773362196,-2675.457822111319,4732.066916815046,3322.51548331801,89.99408913382499,21.80140948635181,79.2
2020-08-06,88.8,99.3,83.8,5.5,18.6,3.4,3.9,16.928937049242776,31.4333333,119.4833333,8.0,98.87376448426608,13.361319524900821,38.79795977299808,-0.5877852522924734,0.9953031849963362,31.4333333,988.054442348889,0.9990480724184196,2.1972245773362196,-2675.457822111319,4732.066916815046,3322.51548331801,89.99408913382499,21.80140948635181,77.4
2020-08-07,90.0,96.3,83.8,2.3,18.6,4.4,7.8,9.698377300875316,31.4333333,119.4833333,8.0,100.01210033467699,13.334946711290264,38.690386645771774,-0.6016240632249227,0.9953031849963362,31.4333333,988.054442348889,0.9990480724184196,2.1972245773362196,-2675.457822111319,4732.066916815046,3322.51548331801,89.99408913382499,21.80140948635181,76.8
2020-08-08,87.0,96.3,83.7,999.5,18.6,2.9,3.9,-11.942707438997408,31.4333333,119.4833333,8.0,96.48479407033045,13.308247457976615,38.580417178897605,-0.6152845999633277,0.9953031849963362,31.4333333,988.054442348889,0.9990480724184196,2.1972245773362196,-2675.457822111319,4732.066916815046,3322.51548331801,89.99408913382499,21.80140948635181,78.3
2020-08-09,86.0,95.7,80.4,998.5,11.8,3.9,5.8,85.87814250226742,31.4333333,119.4833333,8.0,95.18216129574654,13.281231808708819,38.46804747885721,-0.6287628145958345,0.9953031849963362,31.4333333,988.054442348889,0.9990480724184196,2.1972245773362196,-2675.457822111319,4732.066916815046,3322.51548331801,89.99408913382499,21.80140948635181,79.8
2020-08-10,81.3,95.7,78.6,2.0,14.6,2.9,5.8,14.30288648657254,31.4333333,119.4833333,8.0,89.79523822578142,13.25390970122235,38.353274620486395,-0.6420547132365636,0.9953031849963362,31.4333333,988.054442348889,0.9990480724184196,2.1972245773362196,-2675.457822111319,4732.066916815046,3322.51548331801,89.99408913382499,21.80140948635181,78.6
2020-08-11,86.7,96.3,78.6,5.5,14.2,3.2,5.8,79.88801680323651,31.4333333,119.4833333,8.0,95.55995219594642,13.226290961376668,38.23609670174587,-0.655156357209085,0.9953031849963362,31.4333333,988.054442348889,0.9990480724184196,2.1972245773362196,-2675.457822111319,4732.066916815046,3322.51548331801,89.99408913382499,21.80140948635181,79.6
2020-08-12,86.4,96.3,77.5,7.6,18.6,4.4,7.8,-64.29140116110162,31.4333333,119.4833333,8.0,95.02837414485978,13.198385297897191,38.116512897939344,-0.6680638642135333,0.9953031849963362,31.4333333,988.054442348889,0.9990480724184196,2.1972245773362196,-2675.457822111319,4732.066916815046,3322.51548331801,89.99408913382499,21.80140948635181,74.5
2020-08-13,90.3,98.4,77.4,6.4,18.6,3.9,7.8,-53.39191883031447,31.4333333,119.4833333,8.0,99.10577229028998,13.170202297712953,37.99452351525558,-0.6807734094770159,0.9953031849963362,31.4333333,988.054442348889,0.9990480724184196,2.1972245773362196,-2675.457822111319,4732.066916815046,3322.51548331801,89.99408913382499,21.80140948635181,74.8
2020-08-14,89.1,98.4,79.9,5.7,18.6,3.9,5.8,149.1921445594947,31.4333333,119.4833333,8.0,97.57750430745709,13.141751421879745,37.87013004351017,-0.6932812268869771,0.9953031849963362,31.4333333,988.054442348889,0.9990480724184196,2.1972245773362196,-2675.457822111319,4732.066916815046,3322.51548331801,89.99408913382499,21.80140948635181,76.9
2020-08-15,90.6,100.2,79.7,5.2,17.2,2.2,3.9,27.67621678435391,31.4333333,119.4833333,8.0,99.00346711568258,13.113042002077165,37.74333520796215,-0.7055836101071774,0.9953031849963362,31.4333333,988.054442348889,0.9990480724184196,2.1972245773362196,-2675.457822111319,4732.066916815046,3322.51548331801,89.99408913382499,21.80140948635181,79.0
2020-08-16,87.9,100.2,78.3,6.8,15.4,3.1,3.9,15.055200747990616,31.4333333,119.4833333,8.0,95.84090971591016,13.084083237666913,37.61414302008192,-0.7176769136759615,0.9953031849963362,31.4333333,988.054442348889,0.9990480724184196,2.1972245773362196,-2675.457822111319,4732.066916815046,3322.51548331801,89.99408913382499,21.80140948635181,76.5
2020-08-17,89.7,99.7,78.3,8.4,12.1,3.6,5.8,19.082959708989627,31.4333333,119.4833333,8.0,97.58525934490716,13.054884193298617,37.48255882714619,-0.7295575540864876,0.9953031849963362,31.4333333,988.054442348889,0.9990480724184196,2.1972245773362196,-2675.457822111319,4732.066916815046,3322.51548331801,89.99408913382499,21.80140948635181,77.7
2020-08-18,88.9,98.1,80.6,7.9,9.2,3.3,5.8,-37.21476618709118,31.4333333,119.4833333,8.0,96.49690354646819,13.025453797048574,37.34858936053789,-0.7412220108485957,0.9953031849963362,31.4333333,988.054442348889,0.9990480724184196,2.1972245773362196,-2675.457822111319,4732.066916815046,3322.51548331801,89.99408913382499,21.80140948635181,78.0
2020-08-19,90.1,98.1,80.2,7.6,11.7,3.9,7.8,56.38812183324703,31.4333333,119.4833333,8.0,97.5768046333961,12.995800839076063,37.21224278262947,-0.7526668275320083,0.9953031849963362,31.4333333,988.054442348889,0.9990480724184196,2.1972245773362196,-2675.457822111319,4732.066916815046,3322.51548331801,89.99408913382499,21.80140948635181,77.9
2020-08-20,88.8,98.2,81.3,9.0,7.5,3.1,5.8,-76.19704149573766,31.4333333,119.4833333,8.0,95.94791138378056,12.965933970781158,37.07352873213031,-0.7638886127905429,0.9953031849963362,31.4333333,988.054442348889,0.9990480724184196,2.1972245773362196,-2675.457822111319,4732.066916815046,3322.51548331801,89.99408913382499,21.80140948635181,79.3
2020-08-21,86.6,98.2,81.0,9.8,8.8,3.4,5.8,28.160523950016774,31.4333333,119.4833333,8.0,93.35380196709653,12.935861704447557,36.93245836778094,-0.7748840413670406,0.9953031849963362,31.4333333,988.054442348889,0.9990480724184196,2.1972245773362196,-2675.457822111319,4732.066916815046,3322.51548331801,89.99408913382499,21.80140948635181,78.1
2020-08-22,86.6,94.1,80.4,7.6,7.7,3.3,5.8,26.941641251295636,31.4333333,119.4833333,8.0,93.13535858303341,12.90559241335336,36.78904441027915,-0.7856498550787144,0.9953031849963362,31.4333333,988.054442348889,0.9990480724184196,2.1972245773362196,-2675.457822111319,4732.066916815046,3322.51548331801,89.99408913382499,21.80140948635181,78.6
2020-08-23,86.7,95.7,78.4,3.7,14.9,3.2,5.8,106.57499466715451,31.4333333,119.4833333,8.0,93.02284555110228,12.875134332332497,36.64330118232609,-0.7961828637826154,0.9953031849963362,31.4333333,988.054442348889,0.9990480724184196,2.1972245773362196,-2675.457822111319,4732.066916815046,3322.51548331801,89.99408913382499,21.80140948635181,76.3
2020-08-24,89.5,99.3,78.4,0.4,13.4,2.4,3.9,16.932257653154252,31.4333333,119.4833333,8.0,95.79852937582095,12.844495558769289,36.49524464668373,-0.8064799463209447,0.9953031849963362,31.4333333,988.054442348889,0.9990480724184196,2.1972245773362196,-2675.457822111319,4732.066916815046,3322.51548331801,89.99408913382499,21.80140948635181,76.5
2020-08-25,86.9,99.3,80.2,999.5,9.3,3.9,5.8,-55.24881932442062,31.4333333,119.4833333,8.0,92.79242869111036,12.813684054008334,36.34489244213841,-0.8165380514459157,0.9953031849963362,31.4333333,988.054442348889,0.9990480724184196,2.1972245773362196,-2675.457822111319,4732.066916815046,3322.51548331801,89.99408913382499,21.80140948635181,78.4
2020-08-26,83.6,97.2,76.1,997.8,9.4,4.7,7.8,32.52748203409358,31.4333333,119.4833333,8.0,89.0528632612951,12.782707645161977,36.19226391726931,-0.8263541987239094,0.9953031849963362,31.4333333,988.054442348889,0.9990480724184196,2.1972245773362196,-2675.457822111319,4732.066916815046,3322.51548331801,89.99408913382499,21.80140948635181,75.8
2020-08-27,83.3,93.6,75.7,0.8,14.0,3.2,3.9,-75.38860497075915,31.4333333,119.4833333,8.0,88.5171763728236,12.751574027297519,36.037380161924894,-0.8359254794186365,0.9953031849963362,31.4333333,988.054442348889,0.9990480724184196,2.1972245773362196,-2675.457822111319,4732.066916815046,3322.51548331801,89.99408913382499,21.80140948635181,73.8
2020-08-28,79.2,91.8,73.8,4.2,7.9,3.3,3.9,-41.845102478237116,31.4333333,119.4833333,8.0,83.95391905551045,12.720290765986434,35.880264036314585,-0.8452490573530634,0.9953031849963362,31.4333333,988.054442348889,0.9990480724184196,2.1972245773362196,-2675.457822111319,4732.066916815046,3322.51548331801,89.99408913382499,21.80140948635181,73.8
2020-08-29,78.9,84.9,73.8,6.3,8.2,3.1,5.8,-109.08644431229709,31.4333333,119.4833333,8.0,83.42928934880135,12.688865300197923,35.72094019762842,-0.8543221697498269,0.9953031849963362,31.4333333,988.054442348889,0.9990480724184196,2.1972245773362196,-2675.457822111319,4732.066916815046,3322.51548331801,89.99408913382499,21.80140948635181,75.2
2020-08-30,85.5,92.5,75.2,7.3,7.4,2.4,3.9,13.865025320013324,31.4333333,119.4833333,8.0,90.18329773682528,12.657304945519337,35.55943512410181,-0.8631421280499115,0.9953031849963362,31.4333333,988.054442348889,0.9990480724184196,2.1972245773362196,-2675.457822111319,4732.066916815046,3322.51548331801,89.99408913382499,21.80140948635181,78.7
2020-08-31,86.4,94.6,79.2,7.1,14.0,3.6,5.8,-75.75153422543217,31.4333333,119.4833333,8.0,90.90444166334032,12.625616897686156,35.3957771364483,-0.8717063187093217,0.9953031849963362,31.4333333,988.054442348889,0.9990480724184196,2.1972245773362196,-2675.457822111319,4732.066916815046,3322.51548331801,89.99408913382499,21.80140948635181,78.2
2020-09-01,83.8,94.6,77.9,5.0,12.6,4.7,11.7,19.14506537622125,31.4333333,119.4833333,8.0,87.94676085089183,12.59380823640456,35.22999641658908,-0.8800122039735356,0.9953031849963362,31.4333333,988.054442348889,0.9990480724184196,2.1972245773362196,-2675.457822111319,4732.066916815046,3322.51548331801,89.99408913382499,21.80140948635181,76.0
2020-09-02,79.6,93.9,72.9,5.4,9.9,3.4,5.8,115.69410225999565,31.4333333,119.4833333,8.0,83.32717666534971,12.561885929449705,35.062125023613106,-0.888057322629493,0.9953031849963362,31.4333333,988.054442348889,0.9990480724184196,2.1972245773362196,-2675.457822111319,4732.066916815046,3322.51548331801,89.99408913382499,21.80140948635181,72.5
2020-09-03,78.0,91.2,68.0,9.7,13.0,3.6,5.8,54.47492235416762,31.4333333,119.4833333,8.0,81.44406944065192,12.529856837023372,34.89219690690873,-0.8958392907349089,0.9953031849963362,31.4333333,988.054442348889,0.9990480724184196,2.1972245773362196,-2675.457822111319,4732.066916815046,3322.51548331801,89.99408913382499,21.80140948635181,64.4
2020-09-04,81.7,93.7,67.8,9.4,13.0,3.1,5.8,-79.5944656161621,31.4333333,119.4833333,8.0,85.08869620218168,12.497727716354714,34.72024791641312,-0.9033558023246842,0.9953031849963362,31.4333333,988.054442348889,0.9990480724184196,2.1972245773362196,-2675.457822111319,4732.066916815046,3322.51548331801,89.99408913382499,21.80140948635181,65.1
2020-09-05,80.2,93.7,67.8,8.4,14.0,2.7,3.9,-37.545562559736425,31.4333333,119.4833333,8.0,83.31112659729776,12.465505226528341,34.5463158099328,-0.9106046300942162,0.9953031849963362,31.4333333,988.054442348889,0.9990480724184196,2.1972245773362196,-2675.457822111319,4732.066916815046,3322.51548331801,89.99408913382499,21.80140948635181,63.8
2020-09-06,81.8,92.5,67.3,5.8,14.4,3.0,5.8,44.78930796737981,31.4333333,119.4833333,8.0,84.75295228019051,12.433195933524281,34.37044025749507,-0.9175836260593934,0.9953031849963362,31.4333333,988.054442348889,0.9990480724184196,2.1972245773362196,-2675.457822111319,4732.066916815046,3322.51548331801,89.99408913382499,21.80140948635181,63.0
2020-09-07,81.3,94.1,69.4,7.0,11.7,3.6,5.8,98.61248472444066,31.4333333,119.4833333,8.0,84.01546278720497,12.40080631545461,34.192662842696635,-0.9242907221930934,0.9953031849963362,31.4333333,988.054442348889,0.9990480724184196,2.1972245773362196,-2675.457822111319,4732.066916815046,3322.51548331801,89.99408913382499,21.80140948635181,67.0
2020-09-08,84.7,96.8,69.3,9.7,11.0,2.7,3.9,-110.30353158853904,31.4333333,119.4833333,8.0,87.29988603733968,12.368342767982009,34.01302706102298,-0.9307239310379793,0.9953031849963362,31.4333333,988.054442348889,0.9990480724184196,2.1972245773362196,-2675.457822111319,4732.066916815046,3322.51548331801,89.99408913382499,21.80140948635181,66.3
2020-09-09,83.3,96.8,73.6,7.9,9.2,2.5,3.9,71.78121138274031,31.4333333,119.4833333,8.0,85.63109225876276,12.335811609905802,33.83157831511873,-0.9368813462954315,0.9953031849963362,31.4333333,988.054442348889,0.9990480724184196,2.1972245773362196,-2675.457822111319,4732.066916815046,3322.51548331801,89.99408913382499,21.80140948635181,69.2
2020-09-10,75.4,94.1,70.5,6.6,2.4,3.6,3.9,23.951568756577824,31.4333333,119.4833333,8.0,77.30522660859643,12.303219088901288,33.64836390699623,-0.9427611433904206,0.9953031849963362,31.4333333,988.054442348889,0.9990480724184196,2.1972245773362196,-2675.457822111319,4732.066916815046,3322.51548331801,89.99408913382499,21.80140948635181,72.5
2020-09-11,75.7,85.5,70.5,10.6,11.7,3.9,5.8,23.56344683973014,31.4333333,119.4833333,8.0,77.40685450217326,12.270571387398668,33.46343302717718,-0.9483615800121716,0.9953031849963362,31.4333333,988.054442348889,0.9990480724184196,2.1972245773362196,-2675.457822111319,4732.066916815046,3322.51548331801,89.99408913382499,21.80140948635181,67.9
2020-09-12,76.5,84.9,69.8,14.8,13.2,3.3,5.8,130.28165332236063,31.4333333,119.4833333,8.0,78.01645075724824,12.237874628587958,33.27683674076849,-0.9536809966304455,0.9953031849963362,31.4333333,988.054442348889,0.9990480724184196,2.1972245773362196,-2675.457822111319,4732.066916815046,3322.51548331801,89.99408913382499,21.80140948635181,68.5
2020-09-13,75.7,84.9,68.9,14.7,7.2,2.6,3.9,56.680833836303336,31.4333333,119.4833333,8.0,76.99405921733633,12.2051348825368,33.08862797048146,-0.9587178169872964,0.9953031849963362,31.4333333,988.054442348889,0.9990480724184196,2.1972245773362196,-2675.457822111319,4732.066916815046,3322.51548331801,89.99408913382499,21.80140948635181,68.8
2020-09-14,74.9,83.1,68.7,12.3,4.0,1.9,1.9,78.06122901745519,31.4333333,119.4833333,8.0,75.97580225944736,12.172358172408122,32.89886147660997,-0.9634705485641486,0.9953031849963362,31.4333333,988.054442348889,0.9990480724184196,2.1972245773362196,-2675.457822111319,4732.066916815046,3322.51548331801,89.99408913382499,21.80140948635181,71.1
2020-09-15,72.5,81.9,70.7,9.3,10.3,2.2,3.9,-11.67253810630071,31.4333333,119.4833333,8.0,73.34311748795534,12.139550480765022,32.70759383399089,-0.9679377830240642,0.9953031849963362,31.4333333,988.054442348889,0.9990480724184196,2.1972245773362196,-2675.457822111319,4732.066916815046,3322.51548331801,89.99408913382499,21.80140948635181,71.2
2020-09-16,76.3,84.2,66.4,9.6,5.6,2.4,3.9,20.597761278219373,31.4333333,119.4833333,8.0,76.97854706491793,12.106717755950397,32.514883405976605,-0.9721181966290612,0.9953031849963362,31.4333333,988.054442348889,0.9990480724184196,2.1972245773362196,-2675.457822111319,4732.066916815046,3322.51548331801,89.99408913382499,21.80140948635181,71.2
2020-09-17,66.4,84.2,61.9,13.8,3.9,2.6,3.9,32.886839361848146,31.4333333,119.4833333,8.0,66.80872474919377,12.073865918528995,32.32079031545701,-0.9760105506323682,0.9953031849963362,31.4333333,988.054442348889,0.9990480724184196,2.1972245773362196,-2675.457822111319,4732.066916815046,3322.51548331801,89.99408913382499,21.80140948635181,65.5
2020-09-18,63.9,70.5,60.4,17.7,9.1,2.9,3.9,-18.331716157292455,31.4333333,119.4833333,8.0,64.11832962092755,12.041000867779823,32.125376412974774,-0.9796136916454901,0.9953031849963362,31.4333333,988.054442348889,0.9990480724184196,2.1972245773362196,-2675.457822111319,4732.066916815046,3322.51548331801,89.99408913382499,21.80140948635181,60.9
2020-09-19,68.8,78.1,60.4,16.9,5.0,3.4,3.9,23.688949896993897,31.4333333,119.4833333,8.0,68.84660333250086,12.008128488226895,31.928705241984765,-0.9829265519799822,0.9953031849963362,31.4333333,988.054442348889,0.9990480724184196,2.1972245773362196,-2675.457822111319,4732.066916815046,3322.51548331801,89.99408913382499,21.80140948635181,64.4
2020-09-20,72.4,81.7,63.7,16.3,10.3,3.4,5.8,-32.66050216766973,31.4333333,119.4833333,8.0,72.25070309238525,11.97525465619645,31.73084200131524,-0.9859481499638303,0.9953031849963362,31.4333333,988.054442348889,0.9990480724184196,2.1972245773362196,-2675.457822111319,4732.066916815046,3322.51548331801,89.99408913382499,21.80140948635181,62.6
2020-09-21,71.5,81.7,67.3,15.1,6.5,3.1,3.9,-58.05805400085861,31.4333333,119.4833333,8.0,71.15671209306697,11.942385246388861,31.531853504894727,-0.9886775902323404,0.9953031849963362,31.4333333,988.054442348889,0.9990480724184196,2.1972245773362196,-2675.457822111319,4732.066916815046,3322.51548331801,89.99408913382499,21.80140948635181,66.3
2020-09-22,70.7,78.4,66.7,14.0,3.7,2.2,3.9,-9.351522321828142,31.4333333,119.4833333,8.0,70.16695816572144,11.909526138453426,31.33180813881496,-0.9911140639934546,0.9953031849963362,31.4333333,988.054442348889,0.9990480724184196,2.1972245773362196,-2675.457822111319,4732.066916815046,3322.51548331801,89.99408913382499,21.80140948635181,65.7
2020-09-23,69.8,78.6,65.3,14.2,12.7,2.2,3.9,55.59618661961465,31.4333333,119.4833333,8.0,69.08270741700771,11.876683223554334,31.13077581580667,-0.9932568492674143,0.9953031849963362,31.4333333,988.054442348889,0.9990480724184196,2.1972245773362196,-2675.457822111319,4732.066916815046,3322.51548331801,89.99408913382499,21.80140948635181,63.2
2020-09-24,71.4,81.3,63.0,13.5,10.2,2.7,3.9,104.18395063417763,31.4333333,119.4833333,8.0,70.47098134495002,11.84386241091597,30.928827927210428,-0.9951053111006974,0.9953031849963362,31.4333333,988.054442348889,0.9990480724184196,2.1972245773362196,-2675.457822111319,4732.066916815046,3322.51548331801,89.99408913382499,21.80140948635181,63.0
2020-09-25,72.5,81.3,62.6,14.2,11.4,2.8,3.9,5.148982474556581,31.4333333,119.4833333,8.0,71.35854570744533,11.81106963433578,30.726037292531124,-0.99665890175417,0.9953031849963362,31.4333333,988.054442348889,0.9990480724184196,2.1972245773362196,-2675.457822111319,4732.066916815046,3322.51548331801,89.99408913382499,21.80140948635181,64.0
2020-09-26,72.4,81.3,64.4,15.1,14.3,2.7,3.9,37.10008779645011,31.4333333,119.4833333,8.0,71.06247551387152,11.778310858652738,30.522478106669872,-0.9979171608653922,0.9953031849963362,31.4333333,988.054442348889,0.9990480724184196,2.1972245773362196,-2675.457822111319,4732.066916815046,3322.51548331801,89.99408913382499,21.80140948635181,62.9
2020-09-27,73.2,81.3,64.4,15.3,13.2,3.1,3.9,-71.57201866022942,31.4333333,119.4833333,8.0,71.64811172557202,11.745592086159348,30.31822588493223,-0.9988797155850335,0.9953031849963362,31.4333333,988.054442348889,0.9990480724184196,2.1972245773362196,-2675.457822111319,4732.066916815046,3322.51548331801,89.99408913382499,21.80140948635181,62.4
2020-09-28,74.0,81.9,67.3,12.7,15.6,2.9,3.9,99.93051333415369,31.4333333,119.4833333,8.0,72.22966940482787,11.71291936294506,30.11335740591715,-0.9995462806873573,0.9953031849963362,31.4333333,988.054442348889,0.9990480724184196,2.1972245773362196,-2675.457822111319,4732.066916815046,3322.51548331801,89.99408913382499,21.80140948635181,65.9
2020-09-29,73.7,82.0,67.3,10.4,11.3,3.4,3.9,24.24084630583486,31.4333333,119.4833333,8.0,71.73650170551588,11.680298785158621,29.90795065239508,-0.9999166586547379,0.9953031849963362,31.4333333,988.054442348889,0.9990480724184196,2.1972245773362196,-2675.457822111319,4732.066916815046,3322.51548331801,89.99408913382499,21.80140948635181,63.3
2020-09-30,72.8,82.0,64.8,12.8,11.6,3.4,5.8,66.66443479513151,31.4333333,119.4833333,8.0,70.66293479807302,11.647736505176871,29.70208475028882,-0.9999907397361901,0.9953031849963362,31.4333333,988.054442348889,0.9990480724184196,2.1972245773362196,-2675.457822111319,4732.066916815046,3322.51548331801,89.99408913382499,21.80140948635181,63.3
2020-10-01,72.6,81.9,64.4,11.6,7.2,3.3,5.8,69.43093228540431,31.4333333,119.4833333,8.0,70.27219436288607,11.61523873766712,29.495839905874252,-0.9997685019798909,0.9953031849963362,31.4333333,988.054442348889,0.9990480724184196,2.1972245773362196,-2675.457822111319,4732.066916815046,3322.51548331801,89.99408913382499,21.80140948635181,64.7
2020-10-02,76.9,84.9,64.8,12.4,8.5,2.7,3.9,-31.950286713247294,31.4333333,119.4833333,8.0,74.2265187307717,11.582811765530044,29.289297341322097,-0.9992500112396835,0.9953031849963362,31.4333333,988.054442348889,0.9990480724184196,2.1972245773362196,-2675.457822111319,4732.066916815046,3322.51548331801,89.99408913382499,21.80140948635181,67.1
2020-10-03,68.6,84.9,65.8,12.2,2.5,4.6,5.8,21.0919725713362,31.4333333,119.4833333,8.0,66.03014078964075,11.550461945709753,29.08253922870554,-0.9984354211555643,0.9953031849963362,31.4333333,988.054442348889,0.9990480724184196,2.1972245773362196,-2675.457822111319,4732.066916815046,3322.51548331801,89.99408913382499,21.80140948635181,68.0
2020-10-04,63.6,72.0,57.0,17.8,9.1,4.1,5.8,131.8487443487116,31.4333333,119.4833333,8.0,61.046437288744166,11.51819571485739,28.87564862260119,-0.9973249731081555,0.9953031849963362,31.4333333,988.054442348889,0.9990480724184196,2.1972245773362196,-2675.457822111319,4732.066916815046,3322.51548331801,89.99408913382499,21.80140948635181,56.0
2020-10-05,64.2,71.2,55.6,21.9,8.6,4.9,5.8,-74.62377170811722,31.4333333,119.4833333,8.0,61.45020483236339,11.486019594834278,28.66870939141411,-0.9959189961471792,0.9953031849963362,31.4333333,988.054442348889,0.9990480724184196,2.1972245773362196,-2675.457822111319,4732.066916815046,3322.51548331801,89.99408913382499,21.80140948635181,51.7
2020-10-06,66.2,73.0,58.6,22.4,9.7,3.9,5.8,46.43699743902978,31.4333333,119.4833333,8.0,63.18757009252271,11.453940198040371,28.4618061475599,-0.994217906893952,0.9953031849963362,31.4333333,988.054442348889,0.9990480724184196,2.1972245773362196,-2675.457822111319,4732.066916815046,3322.51548331801,89.99408913382499,21.80140948635181,54.7
2020-10-07,64.9,73.0,58.6,23.0,7.0,3.4,3.9,130.39558089662725,31.4333333,119.4833333,8.0,61.773789891059224,11.421964232553321,28.255024176638706,-0.9922222094179324,0.9953031849963362,31.4333333,988.054442348889,0.9990480724184196,2.1972245773362196,-2675.457822111319,4732.066916815046,3322.51548331801,89.99408913382499,21.80140948635181,56.3
2020-10-08,66.0,76.1,58.3,22.6,13.4,3.0,5.1,13.8,31.4333333,119.4833333,8.0,62.645541788847886,11.390098507063252,28.048449365738218,-0.989932495087353,0.9953031849963362,31.4333333,988.054442348889,0.9990480724184196,2.1972245773362196,-2675.457822111319,4732.066916815046,3322.51548331801,89.99408913382499,21.80140948635181,56.3
2020-10-09,66.6,76.3,57.2,20.0,11.5,3.6,5.8,-19.71911248134196,31.4333333,119.4833333,8.0,63.038842142512884,11.358349935587908,27.842168131003444,-0.9873494423939864,0.9953031849963362,31.4333333,988.054442348889,0.9990480724184196,2.1972245773362196,-2675.457822111319,4732.066916815046,3322.51548331801,89.99408913382499,21.80140948635181,57.0
2020-10-10,66.3,76.3,57.9,17.3,9.3,2.8,5.8,87.13898273343777,31.4333333,119.4833333,8.0,62.580158619287545,11.326725541952497,27.636267344612456,-0.9844738167520923,0.9953031849963362,31.4333333,988.054442348889,0.9990480724184196,2.1972245773362196,-2675.457822111319,4732.066916815046,3322.51548331801,89.99408913382499,21.80140948635181,56.9
2020-10-11,67.4,76.5,58.6,15.1,6.6,2.5,3.9,111.79403280419604,31.4333333,119.4833333,8.0,63.44155567290271,11.295232464018286,27.43083426129786,-0.9813064702716093,0.9953031849963362,31.4333333,988.054442348889,0.9990480724184196,2.1972245773362196,-2675.457822111319,4732.066916815046,3322.51548331801,89.99408913382499,21.80140948635181,60.2
2020-10-12,69.1,77.5,60.1,18.1,7.4,3.4,5.8,58.767214837829556,31.4333333,119.4833333,8.0,64.86116390609756,11.263877957643572,27.22595644455347,-0.9778483415056567,0.9953031849963362,31.4333333,988.054442348889,0.9990480724184196,2.1972245773362196,-2675.457822111319,4732.066916815046,3322.51548331801,89.99408913382499,21.80140948635181,59.3
2020-10-13,67.7,77.5,60.6,20.8,3.0,4.1,5.8,-34.17865920140801,31.4333333,119.4833333,8.0,63.37097653370047,11.232669400360496,27.02172169266633,-0.9741004551724206,0.9953031849963362,31.4333333,988.054442348889,0.9990480724184196,2.1972245773362196,-2675.457822111319,4732.066916815046,3322.51548331801,89.99408913382499,21.80140948635181,58.6
2020-10-14,67.4,76.1,60.6,22.9,11.8,3.4,5.8,-13.233840590577659,31.4333333,119.4833333,8.0,62.91573362218291,11.201614294750666,26.818217964712723,-0.970063921851507,0.9953031849963362,31.4333333,988.054442348889,0.9990480724184196,2.1972245773362196,-2675.457822111319,4732.066916815046,3322.51548331801,89.99408913382499,21.80140948635181,57.1
2020-10-15,61.0,73.0,57.9,23.2,5.9,3.9,5.8,-104.11550969830982,31.4333333,119.4833333,8.0,56.78449471347127,11.170720271502544,26.61553330665657,-0.965739937654855,0.9953031849963362,31.4333333,988.054442348889,0.9990480724184196,2.1972245773362196,-2675.457822111319,4732.066916815046,3322.51548331801,89.99408913382499,21.80140948635181,59.1
2020-10-16,57.0,65.7,51.8,23.9,2.2,3.2,5.8,78.2088608973522,31.4333333,119.4833333,8.0,52.91497668763242,11.139995092133141,26.413755777687044,-0.9611297838723007,0.9953031849963362,31.4333333,988.054442348889,0.9990480724184196,2.1972245773362196,-2675.457822111319,4732.066916815046,3322.51548331801,89.99408913382499,21.80140948635181,56.6
2020-10-17,61.5,69.6,51.6,23.7,5.4,2.3,3.9,80.08519014686583,31.4333333,119.4833333,8.0,56.93591408820178,11.109446651356444,26.212973376930403,-0.9562348265919058,0.9953031849963362,31.4333333,988.054442348889,0.9990480724184196,2.1972245773362196,-2675.457822111319,4732.066916815046,3322.51548331801,89.99408913382499,21.80140948635181,55.1
2020-10-18,61.0,69.6,54.5,23.6,7.1,2.3,3.9,34.53365758128573,31.4333333,119.4833333,8.0,56.31867181032803,11.079082979080923,26.013273970669278,-0.9510565162951536,0.9953031849963362,31.4333333,988.054442348889,0.9990480724184196,2.1972245773362196,-2675.457822111319,4732.066916815046,3322.51548331801,89.99408913382499,21.80140948635181,52.9
2020-10-19,60.3,71.4,52.2,24.2,6.0,2.1,3.9,10.1,31.4333333,119.4833333,8.0,55.520784016141675,11.048912242018245,25.814745220199946,-0.9455963874271428,0.9953031849963362,31.4333333,988.054442348889,0.9990480724184196,2.1972245773362196,-2675.457822111319,4732.066916815046,3322.51548331801,89.99408913382499,21.80140948635181,52.1
2020-10-20,64.0,72.3,51.8,21.3,7.9,3.2,5.8,-11.18348767986396,31.4333333,119.4833333,8.0,58.76769463938902,11.018942744885441,25.61747451045537,-0.9398560579418953,0.9953031849963362,31.4333333,988.054442348889,0.9990480724184196,2.1972245773362196,-2675.457822111319,4732.066916815046,3322.51548331801,89.99408913382499,21.80140948635181,55.9
2020-10-21,58.8,72.3,54.3,18.1,4.8,2.8,3.9,-82.1064660262773,31.4333333,119.4833333,8.0,53.84699636279541,10.989182931182738,25.421548879518948,-0.9338372288229252,0.9953031849963362,31.4333333,988.054442348889,0.9990480724184196,2.1972245773362196,-2675.457822111319,4732.066916815046,3322.51548331801,89.99408913382499,21.80140948635181,56.5
2020-10-22,58.6,70.7,47.5,19.0,6.4,3.6,5.8,59.998440147192035,31.4333333,119.4833333,8.0,53.51958208956846,10.959641383529377,25.227054949149803,-0.9275416835791965,0.9953031849963362,31.4333333,988.054442348889,0.9990480724184196,2.1972245773362196,-2675.457822111319,4732.066916815046,3322.51548331801,89.99408913382499,21.80140948635181,50.0
2020-10-23,55.2,70.7,44.2,22.1,11.0,4.3,5.8,55.56434534271307,31.4333333,119.4833333,8.0,50.279503388284006,10.930326823540002,25.03407885643723,-0.9209712877166347,0.9953031849963362,31.4333333,988.054442348889,0.9990480724184196,2.1972245773362196,-2675.457822111319,4732.066916815046,3322.51548331801,89.99408913382499,21.80140948635181,42.5
2020-10-24,55.6,68.5,43.9,22.5,8.8,2.7,3.9,102.2234851249417,31.4333333,119.4833333,8.0,50.50911624867311,10.901248111224412,24.84270618669736,-0.9141279881853337,0.9953031849963362,31.4333333,988.054442348889,0.9990480724184196,2.1972245773362196,-2675.457822111319,4732.066916815046,3322.51548331801,89.99408913382499,21.80140948635181,45.2
2020-10-25,59.4,69.6,48.2,18.8,7.2,3.9,5.8,55.22486512771698,31.4333333,119.4833333,8.0,53.81845050727492,10.872414243893923,24.653021907720653,-0.9070138128026362,0.9953031849963362,31.4333333,988.054442348889,0.9990480724184196,2.1972245773362196,-2675.457822111319,4732.066916815046,3322.51548331801,89.99408913382499,21.80140948635181,53.3
2020-10-26,63.3,72.0,53.2,17.9,5.2,1.9,1.9,71.66008757985051,31.4333333,119.4833333,8.0,57.20122622029359,10.843834354558027,24.46511030547417,-0.8996308696522434,0.9953031849963362,31.4333333,988.054442348889,0.9990480724184196,2.1972245773362196,-2675.457822111319,4732.066916815046,3322.51548331801,89.99408913382499,21.80140948635181,58.3
2020-10-27,65.8,73.9,57.9,20.1,7.4,3.6,5.8,58.630160807164145,31.4333333,119.4833333,8.0,59.30508877537927,10.815517709795612,24.27905492135731,-0.8919813464595487,0.9953031849963362,31.4333333,988.054442348889,0.9990480724184196,2.1972245773362196,-2675.457822111319,4732.066916815046,3322.51548331801,89.99408913382499,21.80140948635181,59.6
2020-10-28,63.8,73.9,60.6,23.9,4.9,2.8,5.8,37.35248765833686,31.4333333,119.4833333,8.0,57.35340187600628,10.787473707085821,24.094938491104408,-0.8840675099433637,0.9953031849963362,31.4333333,988.054442348889,0.9990480724184196,2.1972245773362196,-2675.457822111319,4732.066916815046,3322.51548331801,89.99408913382499,21.80140948635181,59.2
2020-10-29,60.7,70.2,52.7,24.6,8.8,2.4,3.9,-0.16339321753827285,31.4333333,119.4833333,8.0,54.426209217097174,10.759711871584285,23.912842885421757,-0.8758917051442433,0.9953031849963362,31.4333333,988.054442348889,0.9990480724184196,2.1972245773362196,-2675.457822111319,4732.066916815046,3322.51548331801,89.99408913382499,21.80140948635181,55.2
2020-10-30,59.0,70.2,51.1,25.1,7.5,2.6,3.9,98.23954072282754,31.4333333,119.4833333,8.0,52.76685577396367,10.732241852331594,23.73284905244075,-0.8674563547295971,0.9953031849963362,31.4333333,988.054442348889,0.9990480724184196,2.1972245773362196,-2675.457822111319,4732.066916815046,3322.51548331801,89.99408913382499,21.80140948635181,53.0
2020-10-31,63.1,72.3,50.9,20.4,9.2,2.7,3.9,37.3575035936718,31.4333333,119.4833333,8.0,56.290844389028756,10.705073417881856,23.555036962063,-0.858763958275803,0.9953031849963362,31.4333333,988.054442348889,0.9990480724184196,2.1972245773362196,-2675.457822111319,4732.066916815046,3322.51548331801,89.99408913382499,21.80140948635181,54.8
2020-11-01,63.9,72.3,58.1,20.2,3.7,1.9,1.9,-8.137584503766949,31.4333333,119.4833333,8.0,56.86150260338779,10.67821645134043,23.379485552266026,-0.8498170915275277,0.9953031849963362,31.4333333,988.054442348889,0.9990480724184196,2.1972245773362196,-2675.457822111319,4732.066916815046,3322.51548331801,89.99408913382499,21.80140948635181,58.8
2020-11-02,62.1,71.4,53.4,23.1,6.4,3.6,5.8,-77.38681040601877,31.4333333,119.4833333,8.0,55.12244888934699,10.65168094480135,23.206272677432477,-0.8406184056344783,0.9953031849963362,31.4333333,988.054442348889,0.9990480724184196,2.1972245773362196,-2675.457822111319,4732.066916815046,3322.51548331801,89.99408913382499,21.80140948635181,50.3
2020-11-03,56.9,71.4,50.2,26.4,18.6,4.1,7.8,-17.2266492857988,31.4333333,119.4833333,8.0,50.38247007597798,10.625476993176376,23.035475058758298,-0.8311706263658079,0.9953031849963362,31.4333333,988.054442348889,0.9990480724184196,2.1972245773362196,-2675.457822111319,4732.066916815046,3322.51548331801,89.99408913382499,21.80140948635181,36.1
2020-11-04,57.2,65.3,47.5,23.4,15.8,3.6,5.8,22.346957102956814,31.4333333,119.4833333,8.0,50.52483048665103,10.599614787409307,22.8671682367884,-0.8214765533024145,0.9953031849963362,31.4333333,988.054442348889,0.9990480724184196,2.1972245773362196,-2675.457822111319,4732.066916815046,3322.51548331801,89.99408913382499,21.80140948635181,45.5
2020-11-05,62.7,71.6,49.8,20.8,14.6,3.6,5.8,-24.95485526076086,31.4333333,119.4833333,8.0,55.249696571946174,10.574104607071037,22.70142652612176,-0.8115390590073611,0.9953031849963362,31.4333333,988.054442348889,0.9990480724184196,2.1972245773362196,-2675.457822111319,4732.066916815046,3322.51548331801,89.99408913382499,21.80140948635181,52.5
2020-11-06,63.9,71.8,56.5,20.5,7.4,2.4,3.9,-39.220024551215204,31.4333333,119.4833333,8.0,56.173195025671504,10.548956812332678,22.538322972319538,-0.801361088174677,0.9953031849963362,31.4333333,988.054442348889,0.9990480724184196,2.1972245773362196,-2675.457822111319,4732.066916815046,3322.51548331801,89.99408913382499,21.80140948635181,55.1
2020-11-07,61.2,75.6,47.1,22.4,7.2,2.8,3.9,16.379197335580677,31.4333333,119.4833333,8.0,53.67332736011281,10.524181835316236,22.377929311043495,-0.7909456567567774,0.9953031849963362,31.4333333,988.054442348889,0.9990480724184196,2.1972245773362196,-2675.457822111319,4732.066916815046,3322.51548331801,89.99408913382499,21.80140948635181,46.9
2020-11-08,57.2,75.6,46.2,26.7,6.6,2.9,3.9,-50.78762569508641,31.4333333,119.4833333,8.0,50.048999814263794,10.499790170824571,22.22031592944377,-0.780295851070776,0.9953031849963362,31.4333333,988.054442348889,0.9990480724184196,2.1972245773362196,-2675.457822111319,4732.066916815046,3322.51548331801,89.99408913382499,21.80140948635181,45.9
2020-11-09,54.3,70.2,44.6,26.5,7.7,2.5,3.9,68.60034800723076,31.4333333,119.4833333,8.0,47.40296045820735,10.475792366454664,22.065551829807664,-0.7694148268839381,0.9953031849963362,31.4333333,988.054442348889,0.9990480724184196,2.1972245773362196,-2675.457822111319,4732.066916815046,3322.51548331801,89.99408913382499,21.80140948635181,45.1
2020-11-10,54.7,67.3,44.1,28.2,7.8,2.3,3.9,9.3257550277242,31.4333333,119.4833333,8.0,47.64460716349291,10.45219901210082,21.913704595473682,-0.7583058084785625,0.9953031849963362,31.4333333,988.054442348889,0.9990480724184196,2.1972245773362196,-2675.457822111319,4732.066916815046,3322.51548331801,89.99408913382499,21.80140948635181,46.1
2020-11-11,56.7,67.6,46.2,28.9,10.8,3.6,7.8,29.92839214707587,31.4333333,119.4833333,8.0,49.277122943849065,10.429020728856944,21.764840359007156,-0.7469720876965551,0.9953031849963362,31.4333333,988.054442348889,0.9990480724184196,2.1972245773362196,-2675.457822111319,4732.066916815046,3322.51548331801,89.99408913382499,21.80140948635181,46.2
2020-11-12,57.8,69.3,47.5,26.1,8.9,3.3,5.8,-54.947114727925204,31.4333333,119.4833333,8.0,50.12352495780554,10.40626815732987,21.619023772626573,-0.7354170229639858,0.9953031849963362,31.4333333,988.054442348889,0.9990480724184196,2.1972245773362196,-2675.457822111319,4732.066916815046,3322.51548331801,89.99408913382499,21.80140948635181,50.7
2020-11-13,57.4,69.4,48.4,27.2,6.9,3.1,5.8,-15.506718439017861,31.4333333,119.4833333,8.0,49.66990347206062,10.383951945378527,21.476317980861474,-0.7236440382959124,0.9953031849963362,31.4333333,988.054442348889,0.9990480724184196,2.1972245773362196,-2675.457822111319,4732.066916815046,3322.51548331801,89.99408913382499,21.80140948635181,50.3
2020-11-14,58.9,69.4,47.8,25.2,7.4,3.6,7.8,1.987725250957185,31.4333333,119.4833333,8.0,50.86055609241422,10.362082735296616,21.33678459541615,-0.711656622281775,0.9953031849963362,31.4333333,988.054442348889,0.9990480724184196,2.1972245773362196,-2675.457822111319,4732.066916815046,3322.51548331801,89.99408913382499,21.80140948635181,52.8
2020-11-15,61.9,72.1,53.1,22.8,6.0,3.3,5.8,72.47899694472673,31.4333333,119.4833333,8.0,53.34062868445403,10.340671150459587,21.20048367220538,-0.6994583270516471,0.9953031849963362,31.4333333,988.054442348889,0.9990480724184196,2.1972245773362196,-2675.457822111319,4732.066916815046,3322.51548331801,89.99408913382499,21.80140948635181,55.7
2020-11-16,65.4,72.1,56.1,20.2,4.4,3.9,5.8,63.145660073145294,31.4333333,119.4833333,8.0,56.24251640895535,10.319727781459697,21.067473690521233,-0.6870527672236675,0.9953031849963362,31.4333333,988.054442348889,0.9990480724184196,2.1972245773362196,-2675.457822111319,4732.066916815046,3322.51548331801,89.99408913382499,21.80140948635181,61.6
2020-11-17,67.2,75.6,61.3,13.3,5.6,1.9,1.9,-41.47557218005848,31.4333333,119.4833333,8.0,57.675873761833984,10.299263171756069,20.937811534283327,-0.6744436188329457,0.9953031849963362,31.4333333,988.054442348889,0.9990480724184196,2.1972245773362196,-2675.457822111319,4732.066916815046,3322.51548331801,89.99408913382499,21.80140948635181,63.8
2020-11-18,74.2,88.2,59.2,7.9,13.6,4.1,7.8,37.59889254019089,31.4333333,119.4833333,8.0,63.56026291441193,10.279287802869854,20.811552475317402,-0.661634618242279,0.9953031849963362,31.4333333,988.054442348889,0.9990480724184196,2.1972245773362196,-2675.457822111319,4732.066916815046,3322.51548331801,89.99408913382499,21.80140948635181,61.2
2020-11-19,60.0,88.2,56.1,15.3,4.1,3.4,5.8,-28.692292469784668,31.4333333,119.4833333,8.0,51.29906039578853,10.259812079157706,20.68875015860092,-0.6486295610349818,0.9953031849963362,31.4333333,988.054442348889,0.9990480724184196,2.1972245773362196,-2675.457822111319,4732.066916815046,3322.51548331801,89.99408913382499,21.80140948635181,53.9
2020-11-20,56.7,65.8,54.7,20.9,8.2,5.8,7.8,169.24746933691773,31.4333333,119.4833333,8.0,48.38799882514466,10.240846312199928,20.569456589407867,-0.6354323008901775,0.9953031849963362,31.4333333,988.054442348889,0.9990480724184196,2.1972245773362196,-2675.457822111319,4732.066916815046,3322.51548331801,89.99408913382499,21.80140948635181,48.9
2020-11-21,56.5,61.9,49.8,19.4,5.4,3.9,5.8,124.88922551579509,31.4333333,119.4833333,8.0,48.130469985301175,10.222400704842729,20.453722122278627,-0.622046748440868,0.9953031849963362,31.4333333,988.054442348889,0.9990480724184196,2.1972245773362196,-2675.457822111319,4732.066916815046,3322.51548331801,89.99408913382499,21.80140948635181,53.6
2020-11-22,47.0,61.9,45.1,29.6,3.2,4.9,5.8,26.536572668596154,31.4333333,119.4833333,8.0,39.96756756183683,10.204485334937063,20.34159545173545,-0.6084768701151264,0.9953031849963362,31.4333333,988.054442348889,0.9990480724184196,2.1972245773362196,-2675.457822111319,4732.066916815046,3322.51548331801,89.99408913382499,21.80140948635181,44.5
2020-11-23,45.3,48.4,43.2,29.5,2.9,3.9,5.8,48.70194008979684,31.4333333,119.4833333,8.0,38.45634077404348,10.187110138819467,20.23312360465832,-0.594726686960764,0.9953031849963362,31.4333333,988.054442348889,0.9990480724184196,2.1972245773362196,-2675.457822111319,4732.066916815046,3322.51548331801,89.99408913382499,21.80140948635181,41.5
2020-11-24,46.5,47.8,43.0,27.5,1.2,2.9,3.9,66.99849105979592,31.4333333,119.4833333,8.0,39.40985396650929,10.170284894583043,20.128351934231212,-0.5808002734538013,0.9953031849963362,31.4333333,988.054442348889,0.9990480724184196,2.1972245773362196,-2675.457822111319,4732.066916815046,3322.51548331801,89.99408913382499,21.80140948635181,45.9
2020-11-25,50.2,51.1,43.5,24.7,1.4,3.4,3.9,49.29696654301024,31.4333333,119.4833333,8.0,42.47764700837626,10.154019205189543,20.027324115364042,-0.5667017562911184,0.9953031849963362,31.4333333,988.054442348889,0.9990480724184196,2.1972245773362196,-2675.457822111319,4732.066916815046,3322.51548331801,89.99408913382499,21.80140948635181,50.2
2020-11-26,49.4,51.1,47.5,27.8,1.2,3.4,5.8,48.525925598103434,31.4333333,119.4833333,8.0,41.73609421540885,10.138322481475834,19.930082141491837,-0.5524353131676203,0.9953031849963362,31.4333333,988.054442348889,0.9990480724184196,2.1972245773362196,-2675.457822111319,4732.066916815046,3322.51548331801,89.99408913382499,21.80140948635181,49.4
2020-11-27,46.3,50.9,44.4,32.5,2.9,3.6,5.8,129.56349577273332,31.4333333,119.4833333,8.0,39.05869514438442,10.123203925110435,19.83666632264857,-0.5380051715382992,0.9953031849963362,31.4333333,988.054442348889,0.9990480724184196,2.1972245773362196,-2675.457822111319,4732.066916815046,3322.51548331801,89.99408913382499,21.80140948635181,43.8
2020-11-28,43.6,47.5,37.8,32.3,5.9,3.1,5.8,29.991506257623282,31.4333333,119.4833333,8.0,36.72817679199341,10.10867251155782,19.747115284710507,-0.5234156073655503,0.9953031849963362,31.4333333,988.054442348889,0.9990480724184196,2.1972245773362196,-2675.457822111319,4732.066916815046,3322.51548331801,89.99408913382499,21.80140948635181,36.8
2020-11-29,43.3,49.8,37.8,32.9,5.6,3.2,5.8,37.32427556167363,31.4333333,119.4833333,8.0,36.42517591130532,10.094736973110018,19.66146596970107,-0.5086709438521042,0.9953031849963362,31.4333333,988.054442348889,0.9990480724184196,2.1972245773362196,-2675.457822111319,4732.066916815046,3322.51548331801,89.99408913382499,21.80140948635181,35.0
2020-11-30,45.3,54.0,36.1,34.7,2.7,2.8,3.9,79.74336861541211,31.4333333,119.4833333,8.0,38.0573068272256,10.081405782046517,19.579753637047457,-0.49377555015997737,0.9953031849963362,31.4333333,988.054442348889,0.9990480724184196,2.1972245773362196,-2675.457822111319,4732.066916815046,3322.51548331801,89.99408913382499,21.80140948635181,36.2
2020-12-01,48.7,54.0,37.9,30.8,3.7,3.2,5.8,42.353284845432526,31.4333333,119.4833333,8.0,40.86208861875485,10.068687133984769,19.50201186567774,-0.4787338401157883,0.9953031849963362,31.4333333,988.054442348889,0.9990480724184196,2.1972245773362196,-2675.457822111319,4732.066916815046,3322.51548331801,89.99408913382499,21.80140948635181,42.3
2020-12-02,45.6,52.9,42.8,31.3,1.7,4.4,5.8,55.845982983130796,31.4333333,119.4833333,8.0,38.21503793964085,10.056588931484434,19.42827255684646,-0.4635502709028512,0.9953031849963362,31.4333333,988.054442348889,0.9990480724184196,2.1972245773362196,-2675.457822111319,4732.066916815046,3322.51548331801,89.99408913382499,21.80140948635181,43.5
2020-12-03,41.8,48.0,38.5,34.1,5.2,4.6,5.8,-33.62728293704568,31.4333333,119.4833333,8.0,34.990497041759,10.045118767969091,19.358565937576646,-0.4482293417404106,0.9953031849963362,31.4333333,988.054442348889,0.9990480724184196,2.1972245773362196,-2675.457822111319,4732.066916815046,3322.51548331801,89.99408913382499,21.80140948635181,31.2
2020-12-04,38.1,47.3,30.4,32.4,7.1,3.2,3.9,-10.154033939647997,31.4333333,119.4833333,8.0,31.85885142069305,10.034283912029307,19.2929205646066,-0.4327755925504317,0.9953031849963362,31.4333333,988.054442348889,0.9990480724184196,2.1972245773362196,-2675.457822111319,4732.066916815046,3322.51548331801,89.99408913382499,21.80140948635181,27.9
2020-12-05,38.5,47.3,30.2,29.7,2.4,2.7,3.9,-58.68609078532379,31.4333333,119.4833333,8.0,32.16062622904793,10.024091292170782,19.23136332873099,-0.41719360261231697,0.9953031849963362,31.4333333,988.054442348889,0.9990480724184196,2.1972245773362196,-2675.457822111319,4732.066916815046,3322.51548331801,89.99408913382499,21.80140948635181,33.9
2020-12-06,49.2,57.7,33.1,26.9,3.7,2.6,3.9,11.094180631896924,31.4333333,119.4833333,8.0,41.05964467648983,10.01454748207069,19.17391945942736,-0.4014879892059737,0.9953031849963362,31.4333333,988.054442348889,0.9990480724184196,2.1972245773362196,-2675.457822111319,4732.066916815046,3322.51548331801,89.99408913382499,21.80140948635181,42.2
2020-12-07,44.2,57.7,37.4,30.6,1.3,3.9,7.8,9.965560392351206,31.4333333,119.4833333,8.0,36.8541761615895,10.005658686404388,19.120612529661983,-0.38566340624360745,0.9953031849963362,31.4333333,988.054442348889,0.9990480724184196,2.1972245773362196,-2675.457822111319,4732.066916815046,3322.51548331801,89.99408913382499,21.80140948635181,42.6
2020-12-08,45.7,47.3,43.2,27.8,3.2,3.2,3.9,195.0423630940229,31.4333333,119.4833333,8.0,38.073548686479874,9.997430727303248,19.071464460771516,-0.3697245428906732,0.9953031849963362,31.4333333,988.054442348889,0.9990480724184196,2.1972245773362196,-2675.457822111319,4732.066916815046,3322.51548331801,89.99408913382499,21.80140948635181,39.2
2020-12-09,48.4,51.6,43.7,23.1,4.3,2.9,3.9,29.89648074589816,31.4333333,119.4833333,8.0,40.2924717603939,9.98986903150262,19.026495527321092,-0.3536761221763721,0.9953031849963362,31.4333333,988.054442348889,0.9990480724184196,2.1972245773362196,-2675.457822111319,4732.066916815046,3322.51548331801,89.99408913382499,21.80140948635181,43.0
2020-12-10,46.7,51.6,45.5,22.6,1.3,2.3,3.9,64.23477309731211,31.4333333,119.4833333,8.0,38.85042512263778,9.982978618236688,18.985724361843246,-0.33752289959411347,0.9953031849963362,31.4333333,988.054442348889,0.9990480724184196,2.1972245773362196,-2675.457822111319,4732.066916815046,3322.51548331801,89.99408913382499,21.80140948635181,44.1
2020-12-11,45.7,50.4,39.2,21.7,1.0,1.9,1.9,-20.703053023163484,31.4333333,119.4833333,8.0,37.99484323488382,9.97676408793448,18.949167959367504,-0.32126966169236515,0.9953031849963362,31.4333333,988.054442348889,0.9990480724184196,2.1972245773362196,-2675.457822111319,4732.066916815046,3322.51548331801,89.99408913382499,21.80140948635181,43.0
2020-12-12,41.4,53.1,34.0,19.7,1.0,1.9,1.9,72.4455560583663,31.4333333,119.4833333,8.0,34.4007421606004,9.971229611768232,18.916841681655303,-0.3049212246562894,0.9953031849963362,31.4333333,988.054442348889,0.9990480724184196,2.1972245773362196,-2675.457822111319,4732.066916815046,3322.51548331801,89.99408913382499,21.80140948635181,36.7
2020-12-13,41.3,55.2,32.4,26.9,3.3,5.8,11.7,42.32816099217335,31.4333333,119.4833333,8.0,34.300954123567834,9.966378922102034,18.888759261061548,-0.2884824328806098,0.9953031849963362,31.4333333,988.054442348889,0.9990480724184196,2.1972245773362196,-2675.457822111319,4732.066916815046,3322.51548331801,89.99408913382499,21.80140948635181,33.1
2020-12-14,33.7,55.2,27.9,33.9,16.9,4.6,5.8,51.676662290644,31.4333333,119.4833333,8.0,27.97722131174368,9.962215303884989,18.864932803949873,-0.27195815753410524,0.9953031849963362,31.4333333,988.054442348889,0.9990480724184196,2.1972245773362196,-2675.457822111319,4732.066916815046,3322.51548331801,89.99408913382499,21.80140948635181,17.6
2020-12-15,34.9,40.5,27.1,34.2,14.3,3.4,5.8,-21.507076105261152,31.4333333,119.4833333,8.0,28.963340115609462,9.958741587029042,18.845372793596294,-0.2553532951161881,0.9953031849963362,31.4333333,988.054442348889,0.9990480724184196,2.1972245773362196,-2675.457822111319,4732.066916815046,3322.51548331801,89.99408913382499,21.80140948635181,14.5
2020-12-16,34.4,43.5,27.7,34.3,7.5,3.2,3.9,19.9270067140094,31.4333333,119.4833333,8.0,28.540419067447864,9.955960139807395,18.83008809252292,-0.23867276600594997,0.9953031849963362,31.4333333,988.054442348889,0.9990480724184196,2.1972245773362196,-2675.457822111319,4732.066916815046,3322.51548331801,89.99408913382499,21.80140948635181,15.9
2020-12-17,40.0,47.1,27.7,30.2,7.3,2.9,3.9,33.51487833568645,31.4333333,119.4833333,8.0,33.17957621101583,9.953872863304749,18.8190859442112,-0.22192151300416674,0.9953031849963362,31.4333333,988.054442348889,0.9990480724184196,2.1972245773362196,-2675.457822111319,4732.066916815046,3322.51548331801,89.99408913382499,21.80140948635181,27.6
2020-12-18,40.9,47.1,30.9,32.7,4.0,3.4,5.8,28.27394786285059,31.4333333,119.4833333,8.0,33.92137337884048,9.952481186945862,18.812371974152576,-0.20510449986861926,0.9953031849963362,31.4333333,988.054442348889,0.9990480724184196,2.1972245773362196,-2675.457822111319,4732.066916815046,3322.51548331801,89.99408913382499,21.80140948635181,27.2
2020-12-19,38.6,45.9,30.7,35.3,5.7,3.1,3.9,102.58527406230631,31.4333333,119.4833333,8.0,32.0115785094815,9.951786065123784,18.80995019020244,-0.1882267098432439,0.9953031849963362,31.4333333,988.054442348889,0.9990480724184196,2.1972245773362196,-2675.457822111319,4732.066916815046,3322.51548331801,89.99408913382499,21.80140948635181,28.4
2020-12-20,35.3,47.3,26.4,33.9,5.2,2.3,3.9,96.0945364522251,31.4333333,119.4833333,8.0,29.27484295962691,9.951787974943992,18.811822982212142,-0.1712931441814778,0.9953031849963362,31.4333333,988.054442348889,0.9990480724184196,2.1972245773362196,-2675.457822111319,4732.066916815046,3322.51548331801,89.99408913382499,21.80140948635181,24.7
2020-12-21,35.8,50.0,25.5,29.3,4.7,1.9,1.9,134.8483185637555,31.4333333,119.4833333,8.0,29.69158596336761,9.952486915095289,18.817991120922624,-0.154308820664281,0.9953031849963362,31.4333333,988.054442348889,0.9990480724184196,2.1972245773362196,-2675.457822111319,4732.066916815046,3322.51548331801,89.99408913382499,21.80140948635181,23.3
2020-12-22,40.1,53.8,26.4,24.6,2.6,2.3,3.9,39.671322649510316,31.4333333,119.4833333,8.0,33.262557039558494,9.953882405852916,18.82845375611212,-0.13727877211326517,0.9953031849963362,31.4333333,988.054442348889,0.9990480724184196,2.1972245773362196,-2675.457822111319,4732.066916815046,3322.51548331801,89.99408913382499,21.80140948635181,29.8
2020-12-23,44.6,53.8,28.8,21.0,2.3,2.5,3.9,137.02654803874307,31.4333333,119.4833333,8.0,37.00303480529476,9.955973490213836,18.84320841399938,-0.12020804489935275,0.9953031849963362,31.4333333,988.054442348889,0.9990480724184196,2.1972245773362196,-2675.457822111319,4732.066916815046,3322.51548331801,89.99408913382499,21.80140948635181,35.7
2020-12-24,42.7,54.7,31.5,24.1,1.7,2.8,3.9,75.15419562718044,31.4333333,119.4833333,8.0,35.436583169498235,9.958758736158755,18.862250993912962,-0.10310169744743544,0.9953031849963362,31.4333333,988.054442348889,0.9990480724184196,2.1972245773362196,-2675.457822111319,4732.066916815046,3322.51548331801,89.99408913382499,21.80140948635181,32.5
2020-12-25,44.0,54.7,30.4,23.8,4.2,3.6,7.8,-24.36931869708205,31.4333333,119.4833333,8.0,36.528199546776484,9.96223624002995,18.885575764246024,-0.0859647987374467,0.9953031849963362,31.4333333,988.054442348889,0.9990480724184196,2.1972245773362196,-2675.457822111319,4732.066916815046,3322.51548331801,89.99408913382499,21.80140948635181,32.9
2020-12-26,49.9,55.6,34.0,19.2,3.3,3.4,3.9,-2.2938463718951816,31.4333333,119.4833333,8.0,41.44362843227783,9.966403631008697,18.91317535772493,-0.06880242680232064,0.9953031849963362,31.4333333,988.054442348889,0.9990480724184196,2.1972245773362196,-2675.457822111319,4732.066916815046,3322.51548331801,89.99408913382499,21.80140948635181,41.3
2020-12-27,46.7,58.1,37.0,20.2,2.1,2.4,3.9,-36.10067106649507,31.4333333,119.4833333,8.0,38.80481268171074,9.971258076670853,18.945040766028807,-0.05161966722325418,0.9953031849963362,31.4333333,988.054442348889,0.9990480724184196,2.1972245773362196,-2675.457822111319,4732.066916815046,3322.51548331801,89.99408913382499,21.80140948635181,40.5
2020-12-28,50.4,59.0,36.9,18.3,1.5,4.4,7.8,-159.36864624961777,31.4333333,119.4833333,8.0,41.90254441629539,9.97679628959414,18.981161333805332,-0.034421611622745804,0.9953031849963362,31.4333333,988.054442348889,0.9990480724184196,2.1972245773362196,-2675.457822111319,4732.066916815046,3322.51548331801,89.99408913382499,21.80140948635181,44.5
2020-12-29,35.3,59.0,25.5,29.6,4.6,5.3,9.7,-37.51477651147347,31.4333333,119.4833333,8.0,29.366701090416537,9.983014534985791,19.02152475213679,-0.01721335615583528,0.9953031849963362,31.4333333,988.054442348889,0.9990480724184196,2.1972245773362196,-2675.457822111319,4732.066916815046,3322.51548331801,89.99408913382499,21.80140948635181,33.0
2020-12-30,24.1,49.5,20.3,38.2,16.1,4.1,5.8,-158.12934873569523,31.4333333,119.4833333,8.0,20.063066517250203,9.989908639294706,19.066117051517583,6.432490598706546e-16,0.9953031849963362,31.4333333,988.054442348889,0.9990480724184196,2.1972245773362196,-2675.457822111319,4732.066916815046,3322.51548331801,89.99408913382499,21.80140948635181,6.6
2020-12-31,27.5,34.9,19.6,34.4,13.4,4.4,5.8,53.35792409149644,31.4333333,119.4833333,8.0,22.91087791613464,9.997473999767843,19.114922594412665,0.017213356155833904,0.9953031849963362,31.4333333,988.054442348889,0.9990480724184196,2.1972245773362196,-2675.457822111319,4732.066916815046,3322.51548331801,89.99408913382499,21.80140948635181,11.0
2021-01-01,30.3,43.0,19.6,29.1,10.3,3.9,5.8,2.138209738801658,31.4333333,119.4833333,8.0,25.243621849413806,9.997473999767843,19.114922594412665,0.017213356155834685,0.9953031849963362,31.4333333,988.054442348889,0.9990480724184196,2.1972245773362196,-2675.457822111319,4732.066916815046,3322.51548331801,89.99408913382499,21.80140948635181,16.7
2021-01-02,34.9,46.4,21.6,29.5,5.0,2.7,5.8,-19.049324516941,31.4333333,119.4833333,8.0,29.099927105186882,10.005705594906665,19.167924067472754,0.03442161162274574,0.9953031849963362,31.4333333,988.054442348889,0.9990480724184196,2.1972245773362196,-2675.457822111319,4732.066916815046,3322.51548331801,89.99408913382499,21.80140948635181,25.0
2021-01-03,41.8,50.7,23.9,29.1,5.3,3.9,7.8,62.81570106988843,31.4333333,119.4833333,8.0,34.88418301861856,10.014597995775663,19.225102473489407,0.051619667223253764,0.9953031849963362,31.4333333,988.054442348889,0.9990480724184196,2.1972245773362196,-2675.457822111319,4732.066916815046,3322.51548331801,89.99408913382499,21.80140948635181,36.2
2021-01-04,46.4,52.3,33.8,27.1,4.2,2.8,3.9,74.41330719904019,31.4333333,119.4833333,8.0,38.76002879536538,10.024145378111736,19.28643712317854,0.06880242680231986,0.9953031849963362,31.4333333,988.054442348889,0.9990480724184196,2.1972245773362196,-2675.457822111319,4732.066916815046,3322.51548331801,89.99408913382499,21.80140948635181,41.5
2021-01-05,40.8,52.3,36.9,30.6,7.1,5.6,7.8,148.97134840207696,31.4333333,119.4833333,8.0,34.1167612196126,10.034341535180177,19.351905626887298,0.08596479873744647,0.9953031849963362,31.4333333,988.054442348889,0.9990480724184196,2.1972245773362196,-2675.457822111319,4732.066916815046,3322.51548331801,89.99408913382499,21.80140948635181,32.1
2021-01-06,35.5,46.9,27.0,30.3,5.7,5.1,9.7,44.08483086915281,31.4333333,119.4833333,8.0,29.716990511823003,10.045179891320451,19.42148388632337,0.10310169744743485,0.9953031849963362,31.4333333,988.054442348889,0.9990480724184196,2.1972245773362196,-2675.457822111319,4732.066916815046,3322.51548331801,89.99408913382499,21.80140948635181,23.9
2021-01-07,21.9,39.0,19.0,36.4,14.8,5.1,7.8,13.157654249360494,31.4333333,119.4833333,8.0,18.353392666924094,10.056653516122793,19.495146086411168,0.1202080448993527,0.9953031849963362,31.4333333,988.054442348889,0.9990480724184196,2.1972245773362196,-2675.457822111319,4732.066916815046,3322.51548331801,89.99408913382499,21.80140948635181,-2.8
2021-01-08,26.3,32.7,18.1,32.7,14.5,4.4,7.8,-16.622066563444292,31.4333333,119.4833333,8.0,22.067355013358107,10.068755139174801,19.572864687382257,0.13727877211326478,0.9953031849963362,31.4333333,988.054442348889,0.9990480724184196,2.1972245773362196,-2675.457822111319,4732.066916815046,3322.51548331801,89.99408913382499,21.80140948635181,2.0
2021-01-09,30.3,41.2,19.4,30.6,11.0,3.3,5.8,-36.518687387617994,31.4333333,119.4833333,8.0,25.4557298424227,10.08147716531592,19.65461041721133,0.15430882066428117,0.9953031849963362,31.4333333,988.054442348889,0.9990480724184196,2.1972245773362196,-2675.457822111319,4732.066916815046,3322.51548331801,89.99408913382499,21.80140948635181,9.3
2021-01-10,33.1,41.4,19.8,31.1,9.3,3.1,5.8,-39.50032976327969,31.4333333,119.4833333,8.0,27.844855579178525,10.094811690336625,19.74035226451114,0.1712931441814776,0.9953031849963362,31.4333333,988.054442348889,0.9990480724184196,2.1972245773362196,-2675.457822111319,4732.066916815046,3322.51548331801,89.99408913382499,21.80140948635181,10.7
2021-01-11,36.3,44.2,24.3,28.3,9.1,4.9,7.8,1.3619139339653543,31.4333333,119.4833333,8.0,30.57897031410238,10.108750517058638,19.830057472001915,0.1882267098432442,0.9953031849963362,31.4333333,988.054442348889,0.9990480724184196,2.1972245773362196,-2675.457822111319,4732.066916815046,3322.51548331801,89.99408913382499,21.80140948635181,10.8
2021-01-12,41.9,52.0,27.9,19.3,12.0,6.8,9.7,179.4659845091957,31.4333333,119.4833333,8.0,35.34713739129836,10.123285171732228,19.923691530671945,0.2051044998686192,0.9953031849963362,31.4333333,988.054442348889,0.9990480724184196,2.1972245773362196,-2675.457822111319,4732.066916815046,3322.51548331801,89.99408913382499,21.80140948635181,11.8
2021-01-13,44.1,63.9,28.8,17.1,7.6,-79.39630086300319,-117.4452164736992,-375.9178864168782,31.4333333,119.4833333,8.0,37.258645433524514,10.138406920686942,20.02121817474682,0.2219215130041655,0.9953031849963362,31.4333333,988.054442348889,0.9990480724184196,2.1972245773362196,-2675.457822111319,4732.066916815046,3322.51548331801,89.99408913382499,21.80140948635181,23.9
2021-01-14,45.8,65.7,29.1,15.7,5.9,47.09384051313474,79.7227985085316,65.49047336906555,31.4333333,119.4833333,8.0,38.754840904375236,10.154106787172552,20.12259937758446,0.2386727660059501,0.9953031849963362,31.4333333,988.054442348889,0.9990480724184196,2.1972245773362196,-2675.457822111319,4732.066916815046,3322.51548331801,89.99408913382499,21.80140948635181,28.6
2021-01-15,48.0,65.7,31.3,21.2,4.4,6.1,7.8,-41.5150706400816,31.4333333,119.4833333,8.0,40.68150227331203,10.170375568328007,20.227795348612812,0.255353295116187,0.9953031849963362,31.4333333,988.054442348889,0.9990480724184196,2.1972245773362196,-2675.457822111319,4732.066916815046,3322.51548331801,89.99408913382499,21.80140948635181,31.2
2021-01-16,36.7,64.6,28.8,32.8,9.6,4.4,5.8,55.46697670761333,31.4333333,119.4833333,8.0,31.15586511469798,10.187203852217323,20.33676453142545,0.2719581575341055,0.9953031849963362,31.4333333,988.054442348889,0.9990480724184196,2.1972245773362196,-2675.457822111319,4732.066916815046,3322.51548331801,89.99408913382499,21.80140948635181,25.3
2021-01-17,33.3,44.6,24.8,30.3,6.0,3.2,5.8,-10.922016454002263,31.4333333,119.4833333,8.0,28.31771514677239,10.204582034872935,20.449463603148697,0.288482432880609,0.9953031849963362,31.4333333,988.054442348889,0.9990480724184196,2.1972245773362196,-2675.457822111319,4732.066916815046,3322.51548331801,89.99408913382499,21.80140948635181,18.5
2021-01-18,39.8,55.0,24.8,25.6,7.4,3.9,7.8,9.801144093816767,31.4333333,119.4833333,8.0,33.90462611867447,10.222500337288787,20.565847475191177,0.30492122465628907,0.9953031849963362,31.4333333,988.054442348889,0.9990480724184196,2.1972245773362196,-2675.457822111319,4732.066916815046,3322.51548331801,89.99408913382499,21.80140948635181,20.2
2021-01-19,43.7,55.0,29.1,24.5,4.8,5.3,9.7,-50.237589981726565,31.4333333,119.4833333,8.0,37.29412196123665,10.240948822307546,20.68586929548391,0.3212696616923644,0.9953031849963362,31.4333333,988.054442348889,0.9990480724184196,2.1972245773362196,-2675.457822111319,4732.066916815046,3322.51548331801,89.99408913382499,21.80140948635181,32.8
2021-01-20,51.1,60.8,33.8,20.3,3.0,2.4,3.9,-5.940430545085524,31.4333333,119.4833333,8.0,43.69014830999269,10.259917411348578,20.809480452315213,0.3375228995941133,0.9953031849963362,31.4333333,988.054442348889,0.9990480724184196,2.1972245773362196,-2675.457822111319,4732.066916815046,3322.51548331801,89.99408913382499,21.80140948635181,43.9
2021-01-21,51.2,60.8,38.7,18.9,0.9,2.5,3.9,-73.48954532190703,31.4333333,119.4833333,8.0,43.8587558439503,10.27939590092585,20.936630579860907,0.3536761221763716,0.9953031849963362,31.4333333,988.054442348889,0.9990480724184196,2.1972245773362196,-2675.457822111319,4732.066916815046,3322.51548331801,89.99408913382499,21.80140948635181,50.9
2021-01-22,47.1,54.0,43.5,18.3,0.8,3.2,3.9,16.98338604790119,31.4333333,119.4833333,8.0,40.42504286721207,10.299373978907534,21.067267565505308,0.3697245428906731,0.9953031849963362,31.4333333,988.054442348889,0.9990480724184196,2.1972245773362196,-2675.457822111319,4732.066916815046,3322.51548331801,89.99408913382499,21.80140948635181,47.1
2021-01-23,42.8,49.8,40.1,22.0,1.6,3.4,5.8,-71.77197437147956,31.4333333,119.4833333,8.0,36.80743375768335,10.319841240471966,21.201337559043903,0.38566340624360707,0.9953031849963362,31.4333333,988.054442348889,0.9990480724184196,2.1972245773362196,-2675.457822111319,4732.066916815046,3322.51548331801,89.99408913382499,21.80140948635181,41.0
2021-01-24,44.8,47.1,40.1,22.8,1.5,4.1,5.8,67.1791145294544,31.4333333,119.4833333,8.0,38.605605560545364,10.34078720371751,21.338784983852815,0.401487989205973,0.9953031849963362,31.4333333,988.054442348889,0.9990480724184196,2.1972245773362196,-2675.457822111319,4732.066916815046,3322.51548331801,89.99408913382499,21.80140948635181,41.6
2021-01-25,48.7,54.1,40.6,20.4,2.1,4.6,5.8,24.742891679178378,31.4333333,119.4833333,8.0,42.05326704349911,10.362201324886845,21.47955255010442,0.4171936026123168,0.9953031849963362,31.4333333,988.054442348889,0.9990480724184196,2.1972245773362196,-2675.457822111319,4732.066916815046,3322.51548331801,89.99408913382499,21.80140948635181,47.6
2021-01-26,42.7,54.1,42.3,24.1,0.8,4.4,7.8,57.52859243475317,31.4333333,119.4833333,8.0,36.94999313852788,10.384073013169427,21.62358127010227,0.4327755925504312,0.9953031849963362,31.4333333,988.054442348889,0.9990480724184196,2.1972245773362196,-2675.457822111319,4732.066916815046,3322.51548331801,89.99408913382499,21.80140948635181,42.6
2021-01-27,44.2,47.1,41.5,23.2,2.0,3.4,3.9,-2.5277297728517762,31.4333333,119.4833333,8.0,38.33020922592984,10.406391645048824,21.77081047580194,0.4482293417404106,0.9953031849963362,31.4333333,988.054442348889,0.9990480724184196,2.1972245773362196,-2675.457822111319,4732.066916815046,3322.51548331801,89.99408913382499,21.80140948635181,41.7
2021-01-28,42.8,53.8,30.9,28.6,4.2,4.9,7.8,-3.343349510308766,31.4333333,119.4833333,8.0,37.197289462121596,10.429146578164934,21.921177838577513,0.4635502709028509,0.9953031849963362,31.4333333,988.054442348889,0.9990480724184196,2.1972245773362196,-2675.457822111319,4732.066916815046,3322.51548331801,89.99408913382499,21.80140948635181,28.5
2021-01-29,39.2,53.8,29.7,26.5,7.7,2.9,3.9,-73.69990237578395,31.4333333,119.4833333,8.0,34.14426873790289,10.45232716466415,22.074619391286284,0.47873384011578846,0.9953031849963362,31.4333333,988.054442348889,0.9990480724184196,2.1972245773362196,-2675.457822111319,4732.066916815046,3322.51548331801,89.99408913382499,21.80140948635181,26.7
2021-01-30,49.3,60.8,30.4,23.7,5.7,2.7,5.8,16.91489038733151,31.4333333,119.4833333,8.0,43.03858268882278,10.475922764013658,22.231069552677234,0.49377555015997715,0.9953031849963362,31.4333333,988.054442348889,0.9990480724184196,2.1972245773362196,-2675.457822111319,4732.066916815046,3322.51548331801,89.99408913382499,21.80140948635181,33.7
2021-01-31,51.9,60.8,34.5,21.1,4.3,2.3,3.9,12.463618926502848,31.4333333,119.4833333,8.0,45.412165916496015,10.499922755259195,22.390461154180702,0.5086709438521044,0.9953031849963362,31.4333333,988.054442348889,0.9990480724184196,2.1972245773362196,-2675.457822111319,4732.066916815046,3322.51548331801,89.99408913382499,21.80140948635181,40.1
2021-02-01,45.9,59.0,39.2,22.4,2.0,3.6,5.8,9.317108653869449,31.4333333,119.4833333,8.0,40.2555107988101,10.524316548708523,22.55272546910983,0.5234156073655503,0.9953031849963362,31.4333333,988.054442348889,0.9990480724184196,2.1972245773362196,-2675.457822111319,4732.066916815046,3322.51548331801,89.99408913382499,21.80140948635181,44.5
2021-02-02,40.7,49.1,34.2,27.0,1.5,3.6,5.8,56.77122264603029,31.4333333,119.4833333,8.0,35.77900911657946,10.549093597025884,22.71779224429566,0.5380051715382996,0.9953031849963362,31.4333333,988.054442348889,0.9990480724184196,2.1972245773362196,-2675.457822111319,4732.066916815046,3322.51548331801,89.99408913382499,21.80140948635181,37.5
2021-02-03,48.7,60.3,34.0,24.0,2.6,3.2,5.8,77.4369308167335,31.4333333,119.4833333,8.0,42.913804488235925,10.574243405725484,22.885589734170672,0.5524353131676196,0.9953031849963362,31.4333333,988.054442348889,0.9990480724184196,2.1972245773362196,-2675.457822111319,4732.066916815046,3322.51548331801,89.99408913382499,21.80140948635181,42.3
2021-02-04,47.6,60.3,37.2,25.6,4.0,4.4,9.7,64.72513132610389,31.4333333,119.4833333,8.0,42.04569698745096,10.599755543054863,23.056044737306934,0.5667017562911176,0.9953031849963362,31.4333333,988.054442348889,0.9990480724184196,2.1972245773362196,-2675.457822111319,4732.066916815046,3322.51548331801,89.99408913382499,21.80140948635181,34.1
2021-02-05,47.0,55.0,41.0,19.8,2.0,2.9,3.9,-59.348011101240814,31.4333333,119.4833333,8.0,41.617010292941025,10.62561964926154,23.229082635407448,0.5808002734538009,0.9953031849963362,31.4333333,988.054442348889,0.9990480724184196,2.1972245773362196,-2675.457822111319,4732.066916815046,3322.51548331801,89.99408913382499,21.80140948635181,45.8
2021-02-06,49.9,64.0,39.6,18.9,7.0,3.5,5.8,35.468688673080635,31.4333333,119.4833333,8.0,44.29384080978522,10.65182544523893,23.404627434741133,0.5947266869607634,0.9953031849963362,31.4333333,988.054442348889,0.9990480724184196,2.1972245773362196,-2675.457822111319,4732.066916815046,3322.51548331801,89.99408913382499,21.80140948635181,42.7
2021-02-07,53.9,66.7,39.0,22.9,4.1,4.2,5.8,-79.42511222759259,31.4333333,119.4833333,8.0,47.96364597630288,10.678362740549806,23.58260181000388,0.6084768701151261,0.9953031849963362,31.4333333,988.054442348889,0.9990480724184196,2.1972245773362196,-2675.457822111319,4732.066916815046,3322.51548331801,89.99408913382499,21.80140948635181,44.7
2021-02-08,42.6,66.7,35.4,31.0,15.5,5.1,5.8,51.482301101453885,31.4333333,119.4833333,8.0,38.00353611493885,10.705221440827847,23.76292715058011,0.6220467484408675,0.9953031849963362,31.4333333,988.054442348889,0.9990480724184196,2.1972245773362196,-2675.457822111319,4732.066916815046,3322.51548331801,89.99408913382499,21.80140948635181,30.3
2021-02-09,44.7,53.6,35.4,25.2,10.7,3.6,5.8,-5.4801834066350725,31.4333333,119.4833333,8.0,39.97815854073579,10.732391554559943,23.945523609171676,0.6354323008901774,0.9953031849963362,31.4333333,988.054442348889,0.9990480724184196,2.1972245773362196,-2675.457822111319,4732.066916815046,3322.51548331801,89.99408913382499,21.80140948635181,37.6
2021-02-10,50.3,54.5,38.3,22.5,7.5,3.9,5.8,-60.822869681934094,31.4333333,119.4833333,8.0,45.10175991020542,10.759863199253779,24.1303101527528,0.6486295610349814,0.9953031849963362,31.4333333,988.054442348889,0.9990480724184196,2.1972245773362196,-2675.457822111319,4732.066916815046,3322.51548331801,89.99408913382499,21.80140948635181,43.5
2021-02-13,53.8,64.4,48.7,17.0,4.3,3.4,3.9,84.70970888057175,31.4333333,119.4833333,8.0,48.61722291851045,10.843990242046942,24.696983310625466,0.6870527672236669,0.9953031849963362,31.4333333,988.054442348889,0.9990480724184196,2.1972245773362196,-2675.457822111319,4732.066916815046,3322.51548331801,89.99408913382499,21.80140948635181,51.6
2021-02-14,58.6,69.3,46.9,14.7,6.5,3.9,7.8,36.25888886412936,31.4333333,119.4833333,8.0,53.094391059973184,10.872571548117376,24.889698058679336,0.699458327051647,0.9953031849963362,31.4333333,988.054442348889,0.9990480724184196,2.1972245773362196,-2675.457822111319,4732.066916815046,3322.51548331801,89.99408913382499,21.80140948635181,49.9
2021-02-15,46.7,69.3,42.3,20.2,3.6,3.3,5.8,-8.36813897418677,31.4333333,119.4833333,8.0,42.424641392404965,10.901406781774295,25.08418188016797,0.7116566222817746,0.9953031849963362,31.4333333,988.054442348889,0.9990480724184196,2.1972245773362196,-2675.457822111319,4732.066916815046,3322.51548331801,89.99408913382499,21.80140948635181,42.4
2021-02-16,48.9,60.4,39.4,21.5,5.9,3.9,5.8,-109.8693440649776,31.4333333,119.4833333,8.0,44.54173375379166,10.93048681074642,25.280347820946893,0.7236440382959124,0.9953031849963362,31.4333333,988.054442348889,0.9990480724184196,2.1972245773362196,-2675.457822111319,4732.066916815046,3322.51548331801,89.99408913382499,21.80140948635181,35.9
2021-02-17,37.8,60.4,29.8,29.4,13.1,3.6,5.8,22.965374682271886,31.4333333,119.4833333,8.0,34.52337831118317,10.95980263847085,25.478108157945055,0.7354170229639855,0.9953031849963362,31.4333333,988.054442348889,0.9990480724184196,2.1972245773362196,-2675.457822111319,4732.066916815046,3322.51548331801,89.99408913382499,21.80140948635181,21.7
2021-02-18,40.8,54.0,29.5,28.3,10.1,2.7,3.9,106.87727171295087,31.4333333,119.4833333,8.0,37.3637743793581,10.989345405693559,25.67737446636872,0.7469720876965552,0.9953031849963362,31.4333333,988.054442348889,0.9990480724184196,2.1972245773362196,-2675.457822111319,4732.066916815046,3322.51548331801,89.99408913382499,21.80140948635181,27.0
2021-02-19,58.1,68.7,31.3,20.3,15.2,-4.7642532198572525,50.02661861348096,87.68142820676782,31.4333333,119.4833333,8.0,53.35084011247116,11.019106391560308,25.87805768853963,0.7583058084785624,0.9953031849963362,31.4333333,988.054442348889,0.9990480724184196,2.1972245773362196,-2675.457822111319,4732.066916815046,3322.51548331801,89.99408913382499,21.80140948635181,29.5
2021-02-21,61.2,79.7,45.5,11.6,15.0,3.1,6.4,20.2,31.4333333,119.4833333,8.0,56.504169037675624,11.07924883091679,26.28331590258564,0.7802958510707755,0.9953031849963362,31.4333333,988.054442348889,0.9990480724184196,2.1972245773362196,-2675.457822111319,4732.066916815046,3322.51548331801,89.99408913382499,21.80140948635181,38.1
2021-02-22,57.5,79.7,43.5,19.9,10.0,5.9,9.7,10.9,31.4333333,119.4833333,8.0,53.2335648681923,11.109613537709699,26.48771025490265,0.7909456567567772,0.9953031849963362,31.4333333,988.054442348889,0.9990480724184196,2.1972245773362196,-2675.457822111319,4732.066916815046,3322.51548331801,89.99408913382499,21.80140948635181,40.4
2021-02-23,49.3,78.3,42.4,22.2,13.1,7.8,9.7,150.7048724875405,31.4333333,119.4833333,8.0,45.76750286280674,11.1401629686345,26.693160389160766,0.8013610881746766,0.9953031849963362,31.4333333,988.054442348889,0.9990480724184196,2.1972245773362196,-2675.457822111319,4732.066916815046,3322.51548331801,89.99408913382499,21.80140948635181,38.3
2021-02-24,53.8,59.5,44.6,16.4,10.7,8.3,9.7,-52.598357131699004,31.4333333,119.4833333,8.0,50.08281944046826,11.170889094528238,26.89957516515926,0.8115390590073611,0.9953031849963362,31.4333333,988.054442348889,0.9990480724184196,2.1972245773362196,-2675.457822111319,4732.066916815046,3322.51548331801,89.99408913382499,21.80140948635181,46.0
2021-02-25,49.7,59.5,46.2,15.2,4.7,5.6,7.8,29.447579414162455,31.4333333,119.4833333,8.0,46.39405548868357,11.201784021412532,27.106863250739565,0.8214765533024142,0.9953031849963362,31.4333333,988.054442348889,0.9990480724184196,2.1972245773362196,-2675.457822111319,4732.066916815046,3322.51548331801,89.99408913382499,21.80140948635181,49.6
2021-02-26,45.8,53.8,44.6,20.3,2.7,5.3,7.8,73.30207867320388,31.4333333,119.4833333,8.0,42.87200595608541,11.232839988493994,27.314933198754147,0.8311706263658079,0.9953031849963362,31.4333333,988.054442348889,0.9990480724184196,2.1972245773362196,-2675.457822111319,4732.066916815046,3322.51548331801,89.99408913382499,21.80140948635181,45.6
2021-02-27,51.1,55.4,44.6,21.6,4.1,3.1,5.8,17.90261291528856,31.4333333,119.4833333,8.0,47.96607688267205,11.264049365793827,27.523693524672577,0.8406184056344782,0.9953031849963362,31.4333333,988.054442348889,0.9990480724184196,2.1972245773362196,-2675.457822111319,4732.066916815046,3322.51548331801,89.99408913382499,21.80140948635181,49.4
2021-02-28,54.2,57.0,46.6,16.4,2.0,3.6,7.8,-72.81064488684713,31.4333333,119.4833333,8.0,51.017577675599384,11.295404651424217,27.733052784683462,0.8498170915275278,0.9953031849963362,31.4333333,988.054442348889,0.9990480724184196,2.1972245773362196,-2675.457822111319,4732.066916815046,3322.51548331801,89.99408913382499,21.80140948635181,53.7
2021-03-01,46.2,57.0,38.7,22.7,5.0,5.3,5.8,28.710699373555435,31.4333333,119.4833333,8.0,43.608559103837415,11.326898468529198,27.94291965414869,0.8587639582758029,0.9953031849963362,31.4333333,988.054442348889,0.9990480724184196,2.1972245773362196,-2675.457822111319,4732.066916815046,3322.51548331801,89.99408913382499,21.80140948635181,44.9
2021-03-02,44.2,54.1,37.9,29.1,7.1,3.1,5.8,33.517498103574624,31.4333333,119.4833333,8.0,41.837228453025155,11.358523561907282,28.15320300626425,0.8674563547295969,0.9953031849963362,31.4333333,988.054442348889,0.9990480724184196,2.1972245773362196,-2675.457822111319,4732.066916815046,3322.51548331801,89.99408913382499,21.80140948635181,33.1
2021-03-03,47.1,52.2,39.2,22.7,7.1,4.5,7.8,57.22459848963243,31.4333333,119.4833333,8.0,44.706820717757346,11.39027279433308,28.36381199078028,0.8758917051442429,0.9953031849963362,31.4333333,988.054442348889,0.9990480724184196,2.1972245773362196,-2675.457822111319,4732.066916815046,3322.51548331801,89.99408913382499,21.80140948635181,40.8
2021-03-04,50.7,63.3,41.7,20.0,5.6,2.4,3.9,59.1118420136377,31.4333333,119.4833333,8.0,48.25853787746306,11.422139142594807,28.574656112631693,0.8840675099433636,0.9953031849963362,31.4333333,988.054442348889,0.9990480724184196,2.1972245773362196,-2675.457822111319,4732.066916815046,3322.51548331801,89.99408913382499,21.80140948635181,42.0
2021-03-05,52.1,63.3,41.7,19.0,2.0,5.3,7.8,66.24844315825291,31.4333333,119.4833333,8.0,49.72995230158901,11.454115693264262,28.78564531033021,0.8919813464595485,0.9953031849963362,31.4333333,988.054442348889,0.9990480724184196,2.1972245773362196,-2675.457822111319,4732.066916815046,3322.51548331801,89.99408913382499,21.80140948635181,48.9
2021-03-06,45.1,55.4,40.3,27.1,4.1,6.1,7.8,45.91403883132268,31.4333333,119.4833333,8.0,43.16895194029382,11.486195638215651,28.99669003396775,0.8996308696522433,0.9953031849963362,31.4333333,988.054442348889,0.9990480724184196,2.1972245773362196,-2675.457822111319,4732.066916815046,3322.51548331801,89.99408913382499,21.80140948635181,42.6
2021-03-07,43.7,51.3,39.9,28.0,2.7,2.9,3.9,-40.66387643322247,31.4333333,119.4833333,8.0,41.94607234958603,11.518372269909207,29.207701322681626,0.9070138128026359,0.9953031849963362,31.4333333,988.054442348889,0.9990480724184196,2.1972245773362196,-2675.457822111319,4732.066916815046,3322.51548331801,89.99408913382499,21.80140948635181,41.9
2021-03-08,49.2,55.4,40.5,24.5,2.2,4.6,5.8,-2.479456171185193,31.4333333,119.4833333,8.0,47.35761980346649,11.550638976455241,29.418590881431914,0.9141279881853337,0.9953031849963362,31.4333333,988.054442348889,0.9990480724184196,2.1972245773362196,-2675.457822111319,4732.066916815046,3322.51548331801,89.99408913382499,21.80140948635181,47.9
2021-03-09,48.5,55.4,45.9,26.7,1.8,2.3,3.9,62.074222269738925,31.4333333,119.4833333,8.0,46.81458149741575,11.582989236474,29.629271156942668,0.9209712877166346,0.9953031849963362,31.4333333,988.054442348889,0.9990480724184196,2.1972245773362196,-2675.457822111319,4732.066916815046,3322.51548331801,89.99408913382499,21.80140948635181,48.1
2021-03-10,54.4,60.6,45.9,24.6,5.1,4.6,7.8,128.3996328554142,31.4333333,119.4833333,8.0,52.65655531574022,11.615416613766225,29.839655412659397,0.9275416835791966,0.9953031849963362,31.4333333,988.054442348889,0.9990480724184196,2.1972245773362196,-2675.457822111319,4732.066916815046,3322.51548331801,89.99408913382499,21.80140948635181,43.5
2021-03-11,50.9,60.6,48.4,21.4,2.3,3.4,3.9,-81.64139454845929,31.4333333,119.4833333,8.0,49.40657173892349,11.647914751809074,30.049657802577396,0.9338372288229252,0.9953031849963362,31.4333333,988.054442348889,0.9990480724184196,2.1972245773362196,-2675.457822111319,4732.066916815046,3322.51548331801,89.99408913382499,21.80140948635181,50.9
2021-03-12,50.4,56.1,42.8,24.7,4.1,2.5,3.9,16.926320604171718,31.4333333,119.4833333,8.0,49.05800494598513,11.6804773680917,30.259193443796992,0.9398560579418954,0.9953031849963362,31.4333333,988.054442348889,0.9990480724184196,2.1972245773362196,-2675.457822111319,4732.066916815046,3322.51548331801,89.99408913382499,21.80140948635181,46.4
2021-03-13,53.1,61.5,42.8,21.3,4.2,2.9,5.8,-18.8183132828745,31.4333333,119.4833333,8.0,51.83045974874699,11.713098248304403,30.468178487664574,0.9455963874271426,0.9953031849963362,31.4333333,988.054442348889,0.9990480724184196,2.1972245773362196,-2675.457822111319,4732.066916815046,3322.51548331801,89.99408913382499,21.80140948635181,44.0
2021-03-14,55.9,66.0,43.3,15.7,1.7,4.4,7.8,-33.79470631173818,31.4333333,119.4833333,8.0,54.71571769484029,11.745771240395054,30.67653018936104,0.9510565162951535,0.9953031849963362,31.4333333,988.054442348889,0.9990480724184196,2.1972245773362196,-2675.457822111319,4732.066916815046,3322.51548331801,89.99408913382499,21.80140948635181,50.7
2021-03-15,61.2,70.0,48.4,12.2,1.1,3.6,7.8,16.997207334741553,31.4333333,119.4833333,8.0,60.07030026738104,11.778490248506087,30.884166975802355,0.9562348265919056,0.9953031849963362,31.4333333,988.054442348889,0.9990480724184196,2.1972245773362196,-2675.457822111319,4732.066916815046,3322.51548331801,89.99408913382499,21.80140948635181,59.6
2021-03-16,53.4,70.0,49.1,18.2,4.4,5.8,9.7,39.38549880723405,31.4333333,119.4833333,8.0,52.56005905928303,11.811249226805174,31.091008511720602,0.9611297838723007,0.9953031849963362,31.4333333,988.054442348889,0.9990480724184196,2.1972245773362196,-2675.457822111319,4732.066916815046,3322.51548331801,89.99408913382499,21.80140948635181,49.2
2021-03-17,50.2,57.7,48.6,18.2,5.9,4.9,5.8,-140.01577039956217,31.4333333,119.4833333,8.0,49.54757642464694,11.844042173222375,31.296975763797754,0.9657399376548549,0.9953031849963362,31.4333333,988.054442348889,0.9990480724184196,2.1972245773362196,-2675.457822111319,4732.066916815046,3322.51548331801,89.99408913382499,21.80140948635181,46.5
2021-03-18,53.5,56.5,48.6,16.2,4.7,4.4,5.8,65.39817314573807,31.4333333,119.4833333,8.0,52.95101475718239,11.87686312310633,31.501991062728777,0.9700639218515071,0.9953031849963362,31.4333333,988.054442348889,0.9990480724184196,2.1972245773362196,-2675.457822111319,4732.066916815046,3322.51548331801,89.99408913382499,21.80140948635181,47.4
2021-03-19,52.1,56.5,50.5,14.7,1.5,2.9,3.9,72.33877204141302,31.4333333,119.4833333,8.0,51.707974170041695,11.909706142811906,31.705978163095274,0.9741004551724205,0.9953031849963362,31.4333333,988.054442348889,0.9990480724184196,2.1972245773362196,-2675.457822111319,4732.066916815046,3322.51548331801,89.99408913382499,21.80140948635181,50.7
2021-03-20,50.2,53.2,48.6,19.3,3.7,2.9,3.9,132.42189142924684,31.4333333,119.4833333,8.0,49.959731602184895,11.942565323231449,31.90886230093562,0.9778483415056568,0.9953031849963362,31.4333333,988.054442348889,0.9990480724184196,2.1972245773362196,-2675.457822111319,4732.066916815046,3322.51548331801,89.99408913382499,21.80140948635181,44.3
2021-03-21,51.9,59.0,42.8,26.3,10.5,3.6,5.8,-46.31518850004818,31.4333333,119.4833333,8.0,51.79375539444346,11.975434773281725,32.110570248903265,0.9813064702716093,0.9953031849963362,31.4333333,988.054442348889,0.9990480724184196,2.1972245773362196,-2675.457822111319,4732.066916815046,3322.51548331801,89.99408913382499,21.80140948635181,33.2
2021-03-22,49.3,61.5,36.9,26.7,13.1,3.2,5.8,30.68428338077213,31.4333333,119.4833333,8.0,49.33413455321433,12.008308613358457,32.31103036890977,0.9844738167520922,0.9953031849963362,31.4333333,988.054442348889,0.9990480724184196,2.1972245773362196,-2675.457822111319,4732.066916815046,3322.51548331801,89.99408913382499,21.80140948635181,29.3
2021-03-23,58.0,68.0,36.5,18.4,9.7,3.1,5.8,0.6482724803710678,31.4333333,119.4833333,8.0,58.199041349056344,12.041180968770277,32.51017266215576,0.9873494423939864,0.9953031849963362,31.4333333,988.054442348889,0.9990480724184196,2.1972245773362196,-2675.457822111319,4732.066916815046,3322.51548331801,89.99408913382499,21.80140948635181,38.9
2021-03-24,58.1,69.1,47.1,18.3,8.0,2.2,3.9,-16.674418445187115,31.4333333,119.4833333,8.0,58.45850587165201,12.074045963163925,32.70792881645828,0.989932495087353,0.9953031849963362,31.4333333,988.054442348889,0.9990480724184196,2.1972245773362196,-2675.457822111319,4732.066916815046,3322.51548331801,89.99408913382499,21.80140948635181,46.0
2021-03-25,62.0,73.0,46.4,19.5,7.3,4.4,7.8,27.691000393850555,31.4333333,119.4833333,8.0,62.55230484508735,12.10689771195239,32.904232250790045,0.9922222094179323,0.9953031849963362,31.4333333,988.054442348889,0.9990480724184196,2.1972245773362196,-2675.457822111319,4732.066916815046,3322.51548331801,89.99408913382499,21.80140948635181,43.6
2021-03-26,67.5,76.8,50.2,11.0,6.6,4.4,7.8,68.11788211856751,31.4333333,119.4833333,8.0,68.28598302613763,12.1397303157578,33.09901815695227,0.994217906893952,0.9953031849963362,31.4333333,988.054442348889,0.9990480724184196,2.1972245773362196,-2675.457822111319,4732.066916815046,3322.51548331801,89.99408913382499,21.80140948635181,54.4
2021-03-27,59.9,76.8,53.4,8.7,3.1,3.6,5.8,-117.11016801525122,31.4333333,119.4833333,8.0,60.761251453955246,12.17253785388085,33.29222353830965,0.995918996147179,0.9953031849963362,31.4333333,988.054442348889,0.9990480724184196,2.1972245773362196,-2675.457822111319,4732.066916815046,3322.51548331801,89.99408913382499,21.80140948635181,56.4
2021-03-28,62.6,78.1,52.2,7.9,5.2,3.3,5.8,139.44865513972525,31.4333333,119.4833333,8.0,63.67105667090178,12.205314377808648,33.48378724552302,0.9973249731081555,0.9953031849963362,31.4333333,988.054442348889,0.9990480724184196,2.1972245773362196,-2675.457822111319,4732.066916815046,3322.51548331801,89.99408913382499,21.80140948635181,54.3
2021-03-29,69.0,79.3,52.9,5.1,5.4,5.6,7.8,74.99841035504954,31.4333333,119.4833333,8.0,70.36880995244447,12.23805390477295,33.6736500092225,0.9984354211555643,0.9953031849963362,31.4333333,988.054442348889,0.9990480724184196,2.1972245773362196,-2675.457822111319,4732.066916815046,3322.51548331801,89.99408913382499,21.80140948635181,57.6
2021-03-30,62.0,79.3,56.7,8.7,2.9,6.1,7.8,63.99587586113698,31.4333333,119.4833333,8.0,63.3988771254165,12.270750411370935,33.8617544695708,0.9992500112396835,0.9953031849963362,31.4333333,988.054442348889,0.9990480724184196,2.1972245773362196,-2675.457822111319,4732.066916815046,3322.51548331801,89.99408913382499,21.80140948635181,49.8
2021-03-31,58.6,69.3,56.5,6.5,1.9,5.8,9.7,67.85462774349608,31.4333333,119.4833333,8.0,60.08159272312334,12.303397827260753,34.0480452026745,0.9997685019798909,0.9953031849963362,31.4333333,988.054442348889,0.9990480724184196,2.1972245773362196,-2675.457822111319,4732.066916815046,3322.51548331801,89.99408913382499,21.80140948635181,56.6
2021-04-01,58.0,60.4,57.0,9.7,1.2,2.7,5.8,-4.8285845740157605,31.4333333,119.4833333,8.0,59.623951806564385,12.335990028944355,34.232468743807715,0.9999907397361901,0.9953031849963362,31.4333333,988.054442348889,0.9990480724184196,2.1972245773362196,-2675.457822111319,4732.066916815046,3322.51548331801,89.99408913382499,21.80140948635181,56.9
2021-04-02,60.0,63.1,57.0,12.9,1.3,2.4,3.9,56.33194445510174,31.4333333,119.4833333,8.0,61.84260416825155,12.36852083365031,34.41497360742102,0.9999166586547379,0.9953031849963362,31.4333333,988.054442348889,0.9990480724184196,2.1972245773362196,-2675.457822111319,4732.066916815046,3322.51548331801,89.99408913382499,21.80140948635181,56.6
2021-04-03,54.9,63.1,50.7,18.6,4.7,4.6,5.8,-4.244047608872355,31.4333333,119.4833333,8.0,56.73450176948244,12.400983993329497,34.59551030391538,0.9995462806873573,0.9953031849963362,31.4333333,988.054442348889,0.9990480724184196,2.1972245773362196,-2675.457822111319,4732.066916815046,3322.51548331801,89.99408913382499,21.80140948635181,50.0
2021-04-04,52.7,63.1,42.1,23.7,14.1,4.9,7.8,102.66445144920935,31.4333333,119.4833333,8.0,54.603230587378796,12.433373188776955,34.77403135316933,0.9988797155850336,0.9953031849963362,31.4333333,988.054442348889,0.9990480724184196,2.1972245773362196,-2675.457822111319,4732.066916815046,3322.51548331801,89.99408913382499,21.80140948635181,37.4
2021-04-05,58.6,65.1,41.9,21.6,10.6,3.1,5.8,-48.32907817656183,31.4333333,119.4833333,8.0,60.87408055001232,12.465682023893308,34.950491294814526,0.9979171608653922,0.9953031849963362,31.4333333,988.054442348889,0.9990480724184196,2.1972245773362196,-2675.457822111319,4732.066916815046,3322.51548331801,89.99408913382499,21.80140948635181,37.4
2021-04-06,60.7,69.3,52.9,21.3,7.9,2.4,3.9,-24.454131114688643,31.4333333,119.4833333,8.0,63.218564501670656,12.497904020099636,35.12484669526299,0.9966589017541702,0.9953031849963362,31.4333333,988.054442348889,0.9990480724184196,2.1972245773362196,-2675.457822111319,4732.066916815046,3322.51548331801,89.99408913382499,21.80140948635181,45.7
2021-04-07,54.2,69.3,49.1,20.5,10.0,3.9,5.8,24.69292842525997,31.4333333,119.4833333,8.0,56.593980625988074,12.530032610919868,35.29705615149696,0.9951053111006976,0.9953031849963362,31.4333333,988.054442348889,0.9990480724184196,2.1972245773362196,-2675.457822111319,4732.066916815046,3322.51548331801,89.99408913382499,21.80140948635181,46.1
2021-04-08,56.0,66.4,45.7,21.8,8.1,3.1,3.9,-19.401483335031852,31.4333333,119.4833333,8.0,58.62295197147747,12.562061136745173,35.467080291639704,0.9932568492674143,0.9953031849963362,31.4333333,988.054442348889,0.9990480724184196,2.1972245773362196,-2675.457822111319,4732.066916815046,3322.51548331801,89.99408913382499,21.80140948635181,44.8
2021-04-09,56.8,67.8,44.2,24.3,13.1,4.1,7.8,4.85809253901242,31.4333333,119.4833333,8.0,59.61151877503035,12.593982839795144,35.63488177233305,0.9911140639934547,0.9953031849963362,31.4333333,988.054442348889,0.9990480724184196,2.1972245773362196,-2675.457822111319,4732.066916815046,3322.51548331801,89.99408913382499,21.80140948635181,37.3
2021-04-10,61.0,68.2,43.3,24.0,10.6,5.6,9.7,17.700309291616314,31.4333333,119.4833333,8.0,64.18110353472875,12.625790859290904,35.800425272955415,0.9886775902323405,0.9953031849963362,31.4333333,988.054442348889,0.9990480724184196,2.1972245773362196,-2675.457822111319,4732.066916815046,3322.51548331801,89.99408913382499,21.80140948635181,48.1
2021-04-11,59.9,68.2,55.9,19.0,2.1,3.1,3.9,82.6883950436782,31.4333333,119.4833333,8.0,63.181912149054355,12.657478226855632,35.96367748672031,0.9859481499638304,0.9953031849963362,31.4333333,988.054442348889,0.9990480724184196,2.1972245773362196,-2675.457822111319,4732.066916815046,3322.51548331801,89.99408913382499,21.80140948635181,58.2
2021-04-12,58.7,64.4,53.4,16.0,1.5,2.9,3.9,15.131646118984595,31.4333333,119.4833333,8.0,62.07054354239117,12.689037862158331,36.124607108703664,0.9829265519799822,0.9953031849963362,31.4333333,988.054442348889,0.9990480724184196,2.1972245773362196,-2675.457822111319,4732.066916815046,3322.51548331801,89.99408913382499,21.80140948635181,56.1
2021-04-13,61.0,72.0,52.5,19.2,2.8,5.1,7.8,-6.019292075806813,31.4333333,119.4833333,8.0,64.66235139148625,12.720462568816968,36.28318482085421,0.9796136916454901,0.9953031849963362,31.4333333,988.054442348889,0.9990480724184196,2.1972245773362196,-2675.457822111319,4732.066916815046,3322.51548331801,89.99408913382499,21.80140948635181,53.1
2021-04-14,54.5,72.0,51.3,19.4,11.9,4.6,7.8,-25.588877736271478,31.4333333,119.4833333,8.0,57.91417534720614,12.7517450305775,36.4393832740486,0.9760105506323683,0.9953031849963362,31.4333333,988.054442348889,0.9990480724184196,2.1972245773362196,-2675.457822111319,4732.066916815046,3322.51548331801,89.99408913382499,21.80140948635181,43.2
2021-04-15,58.8,66.6,51.3,14.5,6.6,5.1,7.8,2.045384990310952,31.4333333,119.4833333,8.0,62.63610125814906,12.782877807785523,36.59317706725927,0.9721181966290613,0.9953031849963362,31.4333333,988.054442348889,0.9990480724184196,2.1972245773362196,-2675.457822111319,4732.066916815046,3322.51548331801,89.99408913382499,21.80140948635181,49.8
2021-04-16,66.4,77.0,50.9,16.0,2.4,3.9,5.8,16.076529244806004,31.4333333,119.4833333,8.0,70.90332178239409,12.813853334167606,36.744542723909085,0.9679377830240642,0.9953031849963362,31.4333333,988.054442348889,0.9990480724184196,2.1972245773362196,-2675.457822111319,4732.066916815046,3322.51548331801,89.99408913382499,21.80140948635181,58.1
2021-04-17,59.2,77.0,47.8,21.7,7.5,3.9,5.8,59.47312608982702,31.4333333,119.4833333,8.0,63.36700864210181,12.844663913939556,36.89345866549367,0.9634705485641488,0.9953031849963362,31.4333333,988.054442348889,0.9990480724184196,2.1972245773362196,-2675.457822111319,4732.066916815046,3322.51548331801,89.99408913382499,21.80140948635181,44.8
2021-04-18,58.5,69.6,46.9,19.1,11.8,2.8,3.9,-65.68255706489572,31.4333333,119.4833333,8.0,62.767095881388414,12.875301719259161,37.039905182557014,0.9587178169872964,0.9953031849963362,31.4333333,988.054442348889,0.9990480724184196,2.1972245773362196,-2675.457822111319,4732.066916815046,3322.51548331801,89.99408913382499,21.80140948635181,41.1
2021-04-19,64.8,74.7,46.6,15.2,9.5,4.1,5.8,-37.32312296884311,31.4333333,119.4833333,8.0,69.69109745542141,12.905758788041002,37.18386440311252,0.9536809966304457,0.9953031849963362,31.4333333,988.054442348889,0.9990480724184196,2.1972245773362196,-2675.457822111319,4732.066916815046,3322.51548331801,89.99408913382499,21.80140948635181,49.1
2021-04-20,65.9,74.7,57.9,14.1,9.9,6.1,7.8,-2.2932085129504998,31.4333333,119.4833333,8.0,71.0403483966465,12.936027022151105,37.3253202586061,0.9483615800121715,0.9953031849963362,31.4333333,988.054442348889,0.9990480724184196,2.1972245773362196,-2675.457822111319,4732.066916815046,3322.51548331801,89.99408913382499,21.80140948635181,54.6
2021-04-21,67.3,73.0,60.6,12.1,2.4,3.6,5.8,-9.782543681036369,31.4333333,119.4833333,8.0,72.71820065981268,12.96609818599929,37.464258447523115,0.9427611433904207,0.9953031849963362,31.4333333,988.054442348889,0.9990480724184196,2.1972245773362196,-2675.457822111319,4732.066916815046,3322.51548331801,89.99408913382499,21.80140948635181,60.3
2021-04-22,65.4,73.0,63.0,10.7,0.6,2.3,3.9,-6.415811653979926,31.4333333,119.4833333,8.0,70.8280032852308,12.995963905546937,37.60066639674572,0.9368813462954315,0.9953031849963362,31.4333333,988.054442348889,0.9990480724184196,2.1972245773362196,-2675.457822111319,4732.066916815046,3322.51548331801,89.99408913382499,21.80140948635181,63.8
2021-04-23,66.1,72.1,59.9,13.1,2.8,3.1,5.8,68.47331975218412,31.4333333,119.4833333,8.0,71.74943296984516,13.025615667747989,37.73453322077082,0.9307239310379795,0.9953031849963362,31.4333333,988.054442348889,0.9990480724184196,2.1972245773362196,-2675.457822111319,4732.066916815046,3322.51548331801,89.99408913382499,21.80140948635181,59.7
2021-04-24,65.3,73.2,59.0,15.9,2.8,5.6,7.8,-12.916358312466144,31.4333333,119.4833333,8.0,71.04120223123121,13.055044820440653,37.86584967890311,0.9242907221930933,0.9953031849963362,31.4333333,988.054442348889,0.9990480724184196,2.1972245773362196,-2675.457822111319,4732.066916815046,3322.51548331801,89.99408913382499,21.80140948635181,56.7
2021-04-25,64.1,73.2,60.4,18.3,1.6,2.4,3.9,12.30016046193586,31.4333333,119.4833333,8.0,69.89166240921114,13.084242572707232,37.99460813054105,0.9175836260593937,0.9953031849963362,31.4333333,988.054442348889,0.9990480724184196,2.1972245773362196,-2675.457822111319,4732.066916815046,3322.51548331801,89.99408913382499,21.80140948635181,60.8
2021-04-26,68.7,77.2,61.0,15.6,8.2,3.9,7.8,38.584567699939676,31.4333333,119.4833333,8.0,75.07306997549118,13.11319999571898,38.12080248867667,0.9106046300942162,0.9953031849963362,31.4333333,988.054442348889,0.9990480724184196,2.1972245773362196,-2675.457822111319,4732.066916815046,3322.51548331801,89.99408913382499,21.80140948635181,57.7
2021-04-27,62.4,77.2,56.5,16.8,1.7,2.5,3.9,-36.194385515113524,31.4333333,119.4833333,8.0,68.33792172522953,13.141908024082603,38.24442817173263,0.9033558023246845,0.9953031849963362,31.4333333,988.054442348889,0.9990480724184196,2.1972245773362196,-2675.457822111319,4732.066916815046,3322.51548331801,89.99408913382499,21.80140948635181,59.9
2021-04-28,67.3,75.2,55.8,15.3,2.5,3.4,5.8,52.085761086397916,31.4333333,119.4833333,8.0,73.86375474195872,13.170357457704377,38.36548205386266,0.895839290734909,0.9953031849963362,31.4333333,988.054442348889,0.9990480724184196,2.1972245773362196,-2675.457822111319,4732.066916815046,3322.51548331801,89.99408913382499,21.80140948635181,58.8
2021-04-29,73.0,83.1,57.9,6.7,12.0,6.7,11.7,30.820103881003497,31.4333333,119.4833333,8.0,80.2911120321394,13.198538964187298,38.483962413842875,0.8880573226294932,0.9953031849963362,31.4333333,988.054442348889,0.9990480724184196,2.1972245773362196,-2675.457822111319,4732.066916815046,3322.51548331801,89.99408913382499,21.80140948635181,49.4
2021-04-30,75.3,90.5,58.6,4.9,12.7,4.1,7.8,8.904069429004828,31.4333333,119.4833333,8.0,82.99593033814334,13.22644308177583,38.59986888268332,0.8800122039735357,0.9953031849963362,31.4333333,988.054442348889,0.9990480724184196,2.1972245773362196,-2675.457822111319,4732.066916815046,3322.51548331801,89.99408913382499,21.80140948635181,55.8
2021-05-01,69.1,90.5,59.5,12.7,11.7,3.2,3.9,72.3793069945772,31.4333333,119.4833333,8.0,76.32129678331333,13.254060222861941,38.71320239008998,0.8717063187093218,0.9953031849963362,31.4333333,988.054442348889,0.9990480724184196,2.1972245773362196,-2675.457822111319,4732.066916815046,3322.51548331801,89.99408913382499,21.80140948635181,48.7
2021-05-02,66.3,80.8,58.6,17.4,15.5,5.6,7.8,-26.83284961870194,31.4333333,119.4833333,8.0,73.37962824631005,13.281380678065167,38.823965109908286,0.8631421280499114,0.9953031849963362,31.4333333,988.054442348889,0.9990480724184196,2.1972245773362196,-2675.457822111319,4732.066916815046,3322.51548331801,89.99408913382499,21.80140948635181,44.8
2021-05-03,72.9,81.1,58.3,7.8,7.3,3.9,7.8,95.73077583198952,31.4333333,119.4833333,8.0,80.84849732195644,13.308394620898179,38.93216040467904,0.854322169749827,0.9953031849963362,31.4333333,988.054442348889,0.9990480724184196,2.1972245773362196,-2675.457822111319,4732.066916815046,3322.51548331801,89.99408913382499,21.80140948635181,62.2
2021-05-04,64.0,81.1,59.9,11.5,1.7,3.3,5.8,25.988042689356085,31.4333333,119.4833333,8.0,71.12049126948321,13.335092113028102,39.037792769438006,0.8452490573530633,0.9953031849963362,31.4333333,988.054442348889,0.9990480724184196,2.1972245773362196,-2675.457822111319,4732.066916815046,3322.51548331801,89.99408913382499,21.80140948635181,62.4
2021-05-05,68.2,80.1,59.7,16.3,9.0,2.7,3.9,30.956220444514102,31.4333333,119.4833333,8.0,75.93764867597588,13.361463110142381,39.14086777488935,0.8359254794186372,0.9953031849963362,31.4333333,988.054442348889,0.9990480724184196,2.1972245773362196,-2675.457822111319,4732.066916815046,3322.51548331801,89.99408913382499,21.80140948635181,48.6
2021-05-06,70.8,80.8,59.2,11.5,8.7,3.4,5.8,91.03463542972207,31.4333333,119.4833333,8.0,78.9862350637158,13.387497468426407,39.241392010082485,0.8263541987239096,0.9953031849963362,31.4333333,988.054442348889,0.9990480724184196,2.1972245773362196,-2675.457822111319,4732.066916815046,3322.51548331801,89.99408913382499,21.80140948635181,58.5
2021-05-07,73.4,83.1,63.9,9.6,7.0,3.6,5.8,74.94691749620327,31.4333333,119.4833333,8.0,82.04398128764375,13.413184951658378,39.339373024720096,0.8165380514459161,0.9953031849963362,31.4333333,988.054442348889,0.9990480724184196,2.1972245773362196,-2675.457822111319,4732.066916815046,3322.51548331801,89.99408913382499,21.80140948635181,62.5
2021-05-08,75.9,90.0,63.7,5.7,6.7,3.6,5.8,32.03779250011884,31.4333333,119.4833333,8.0,84.99860888620074,13.438515238925017,39.43481927122394,0.8064799463209448,0.9953031849963362,31.4333333,988.054442348889,0.9990480724184196,2.1972245773362196,-2675.457822111319,4732.066916815046,3322.51548331801,89.99408913382499,21.80140948635181,62.6
2021-05-09,79.3,93.0,65.7,5.5,8.1,2.8,3.9,57.66680929175285,31.4333333,119.4833333,8.0,88.97115000697562,13.46347793295974,39.52774004668207,0.7961828637826158,0.9953031849963362,31.4333333,988.054442348889,0.9990480724184196,2.1972245773362196,-2675.457822111319,4732.066916815046,3322.51548331801,89.99408913382499,21.80140948635181,63.6
2021-05-10,82.2,95.9,66.4,3.4,9.6,3.6,5.8,3.566554622108278,31.4333333,119.4833333,8.0,92.39322859835345,13.488062569102693,39.61814543479946,0.7856498550787147,0.9953031849963362,31.4333333,988.054442348889,0.9990480724184196,2.1972245773362196,-2675.457822111319,4732.066916815046,3322.51548331801,89.99408913382499,21.80140948635181,68.3
2021-05-11,68.6,95.9,65.8,6.2,1.5,3.2,5.8,25.329707772158255,31.4333333,119.4833333,8.0,77.2450784722295,13.512258624879797,39.706046247970306,0.7748840413670407,0.9953031849963362,31.4333333,988.054442348889,0.9990480724184196,2.1972245773362196,-2675.457822111319,4732.066916815046,3322.51548331801,89.99408913382499,21.80140948635181,65.4
2021-05-12,68.5,71.8,65.8,8.1,1.3,2.4,3.9,-90.90363153517498,31.4333333,119.4833333,8.0,77.268316984866,13.536055530195505,39.79145396958797,0.7638886127905428,0.9953031849963362,31.4333333,988.054442348889,0.9990480724184196,2.1972245773362196,-2675.457822111319,4732.066916815046,3322.51548331801,89.99408913382499,21.80140948635181,66.7
2021-05-13,71.9,77.0,66.0,7.3,2.1,3.6,5.8,-75.16267174792523,31.4333333,119.4833333,8.0,81.24366071313716,13.559442678131376,39.874380696704016,0.7526668275320085,0.9953031849963362,31.4333333,988.054442348889,0.9990480724184196,2.1972245773362196,-2675.457822111319,4732.066916815046,3322.51548331801,89.99408913382499,21.80140948635181,68.6
2021-05-14,78.1,90.7,69.6,3.8,4.6,2.2,3.9,75.55335867671326,31.4333333,119.4833333,8.0,88.39884808151243,13.582409436339939,39.95483908314501,0.7412220108485958,0.9953031849963362,31.4333333,988.054442348889,0.9990480724184196,2.1972245773362196,-2675.457822111319,4732.066916815046,3322.51548331801,89.99408913382499,21.80140948635181,73.8
2021-05-15,79.8,93.6,73.0,0.8,9.9,3.1,5.8,-87.64043247847944,31.4333333,119.4833333,8.0,90.4728853074862,13.60494515902048,40.032842283190796,0.7295575540864875,0.9953031849963362,31.4333333,988.054442348889,0.9990480724184196,2.1972245773362196,-2675.457822111319,4732.066916815046,3322.51548331801,89.99408913382499,21.80140948635181,73.2
2021-05-16,66.4,93.6,57.9,8.3,6.3,4.1,5.8,-46.43774225933841,31.4333333,119.4833333,8.0,75.40295023701485,13.627039199460514,40.108403895914094,0.717676913675962,0.9953031849963362,31.4333333,988.054442348889,0.9990480724184196,2.1972245773362196,-2675.457822111319,4732.066916815046,3322.51548331801,89.99408913382499,21.80140948635181,62.1
2021-05-17,68.0,78.4,57.9,12.4,6.7,2.9,3.9,66.87078251891207,31.4333333,119.4833333,8.0,77.34252523103457,13.648680923123747,40.181537910276525,0.705583610107178,0.9953031849963362,31.4333333,988.054442348889,0.9990480724184196,2.1972245773362196,-2675.457822111319,4732.066916815046,3322.51548331801,89.99408913382499,21.80140948635181,57.1
2021-05-18,68.2,76.8,61.0,10.5,5.4,2.8,3.9,-190.87973356171673,31.4333333,119.4833333,8.0,77.69036941584035,13.669859721262231,40.25225865107167,0.6932812268869777,0.9953031849963362,31.4333333,988.054442348889,0.9990480724184196,2.1972245773362196,-2675.457822111319,4732.066916815046,3322.51548331801,89.99408913382499,21.80140948635181,57.8
2021-05-19,65.7,76.8,60.3,6.3,2.3,3.9,5.8,-23.354176250059574,31.4333333,119.4833333,8.0,74.95584351202477,13.690565025027356,40.320580725800205,0.6807734094770161,0.9953031849963362,31.4333333,988.054442348889,0.9990480724184196,2.1972245773362196,-2675.457822111319,4732.066916815046,3322.51548331801,89.99408913382499,21.80140948635181,62.0
2021-05-20,63.5,71.2,60.3,8.8,3.2,3.1,3.9,26.224486663075666,31.4333333,119.4833333,8.0,72.55291094360435,13.710786320051213,40.38651897255777,0.6680638642135335,0.9953031849963362,31.4333333,988.054442348889,0.9990480724184196,2.1972245773362196,-2675.457822111319,4732.066916815046,3322.51548331801,89.99408913382499,21.80140948635181,60.2
2021-05-21,72.8,80.4,60.8,8.2,3.2,2.9,3.9,27.023471702499524,31.4333333,119.4833333,8.0,83.29844651289743,13.73051316146661,40.450088409010455,0.6551563572090853,0.9953031849963362,31.4333333,988.054442348889,0.9990480724184196,2.1972245773362196,-2675.457822111319,4732.066916815046,3322.51548331801,89.99408913382499,21.80140948635181,64.8
2021-05-22,73.4,82.4,66.2,7.5,9.1,5.1,7.8,68.80057550639297,31.4333333,119.4833333,8.0,84.10254690807467,13.749735189331009,40.511304182527965,0.6420547132365637,0.9953031849963362,31.4333333,988.054442348889,0.9990480724184196,2.1972245773362196,-2675.457822111319,4732.066916815046,3322.51548331801,89.99408913382499,21.80140948635181,63.1
2021-05-23,66.8,82.4,65.3,9.3,1.9,2.2,3.9,14.219456814480104,31.4333333,119.4833333,8.0,76.64432793725152,13.768442144416442,40.57018152153857,0.6287628145958344,0.9953031849963362,31.4333333,988.054442348889,0.9990480724184196,2.1972245773362196,-2675.457822111319,4732.066916815046,3322.51548331801,89.99408913382499,21.80140948635181,65.3
2021-05-24,75.4,83.7,65.3,11.0,3.5,2.8,3.9,12.4,31.4333333,119.4833333,8.0,86.62595340650539,13.786623884324463,40.626735688165205,0.6152845999633276,0.9953031849963362,31.4333333,988.054442348889,0.9990480724184196,2.1972245773362196,-2675.457822111319,4732.066916815046,3322.51548331801,89.99408913382499,21.80140948635181,63.8
2021-05-25,78.9,88.7,67.8,8.8,5.8,2.9,3.9,13.316178886878255,31.4333333,119.4833333,8.0,90.76307787922515,13.80427039988215,40.68098193219619,0.6016240632249226,0.9953031849963362,31.4333333,988.054442348889,0.9990480724184196,2.1972245773362196,-2675.457822111319,4732.066916815046,3322.51548331801,89.99408913382499,21.80140948635181,63.0
2021-05-26,67.6,88.7,64.8,4.6,2.9,2.7,3.9,53.815863336713484,31.4333333,119.4833333,8.0,77.86039465231786,13.821371831772403,40.73293544643905,0.5877852522924732,0.9953031849963362,31.4333333,988.054442348889,0.9990480724184196,2.1972245773362196,-2675.457822111319,4732.066916815046,3322.51548331801,89.99408913382499,21.80140948635181,66.1
2021-05-27,77.3,85.6,64.9,5.1,13.8,4.2,5.8,14.669684844022784,31.4333333,119.4833333,8.0,89.13925825600602,13.837918487348928,40.78261132350033,0.5737722679043246,0.9953031849963362,31.4333333,988.054442348889,0.9990480724184196,2.1972245773362196,-2675.457822111319,4732.066916815046,3322.51548331801,89.99408913382499,21.80140948635181,66.8
2021-05-28,76.7,85.6,68.7,6.6,7.9,3.6,5.8,33.23967744751213,31.4333333,119.4833333,8.0,88.54951631472294,13.853900857583769,40.83002451402946,0.5595892624101765,0.9953031849963362,31.4333333,988.054442348889,0.9990480724184196,2.1972245773362196,-2675.457822111319,4732.066916815046,3322.51548331801,89.99408913382499,21.80140948635181,68.1
2021-05-29,77.2,87.3,68.2,4.7,10.9,3.1,5.8,99.54693194573403,31.4333333,119.4833333,8.0,89.2258919793311,13.869309634092916,40.8751897864593,0.545240438540651,0.9953031849963362,31.4333333,988.054442348889,0.9990480724184196,2.1972245773362196,-2675.457822111319,4732.066916815046,3322.51548331801,89.99408913382499,21.80140948635181,67.3
2021-05-30,80.0,90.1,68.4,4.7,9.2,2.4,3.9,-4.621575878855518,31.4333333,119.4833333,8.0,92.56090484122134,13.884135726183201,40.918121688271626,0.5307300481619334,0.9953031849963362,31.4333333,988.054442348889,0.9990480724184196,2.1972245773362196,-2675.457822111319,4732.066916815046,3322.51548331801,89.99408913382499,21.80140948635181,68.7
2021-05-31,77.3,90.1,66.9,5.6,9.2,3.2,5.8,-4.226308675066285,31.4333333,119.4833333,8.0,89.52866853989367,13.89837027786189,40.95883450881049,0.5160623910158528,0.9953031849963362,31.4333333,988.054442348889,0.9990480724184196,2.1972245773362196,-2675.457822111319,4732.066916815046,3322.51548331801,89.99408913382499,21.80140948635181,66.3
2021-06-01,78.5,87.3,66.4,5.8,13.1,4.9,5.8,-163.9452713995836,31.4333333,119.4833333,8.0,91.00769731273081,13.91200468474866,40.99734224366254,0.5012418134457758,0.9953031849963362,31.4333333,988.054442348889,0.9990480724184196,2.1972245773362196,-2675.457822111319,4732.066916815046,3322.51548331801,89.99408913382499,21.80140948635181,67.8
2021-06-02,75.2,87.1,73.0,4.5,4.3,3.6,5.8,34.96531547302093,31.4333333,119.4833333,8.0,87.26352516119017,13.92503061082822,41.03365856061867,0.48627270710868997,0.9953031849963362,31.4333333,988.054442348889,0.9990480724184196,2.1972245773362196,-2675.457822111319,4732.066916815046,3322.51548331801,89.99408913382499,21.80140948635181,71.6
2021-06-03,70.3,80.6,64.4,5.6,5.1,3.4,7.8,-107.57432061409831,31.4333333,119.4833333,8.0,81.65016936251305,13.937440004980893,41.067796767227705,0.4711595076738638,0.9953031849963362,31.4333333,988.054442348889,0.9990480724184196,2.1972245773362196,-2675.457822111319,4732.066916815046,3322.51548331801,89.99408913382499,21.80140948635181,66.4
2021-06-04,73.4,80.6,64.4,5.0,7.1,3.2,3.9,12.458652077445365,31.4333333,119.4833333,8.0,85.32276030037555,13.949225117227607,41.09976977994911,0.4559066935084588,0.9953031849963362,31.4333333,988.054442348889,0.9990480724184196,2.1972245773362196,-2675.457822111319,4732.066916815046,3322.51548331801,89.99408913382499,21.80140948635181,61.3
2021-06-05,77.5,90.9,64.4,2.9,13.1,3.4,5.8,72.28444849661267,31.4333333,119.4833333,8.0,90.16077790695638,13.960378514625503,41.129590094907996,0.440518784350495,0.9953031849963362,31.4333333,988.054442348889,0.9990480724184196,2.1972245773362196,-2675.457822111319,4732.066916815046,3322.51548331801,89.99408913382499,21.80140948635181,58.9
2021-06-06,79.4,92.7,64.4,6.2,10.4,3.1,3.9,20.50961458230679,31.4333333,119.4833333,8.0,92.44074265683088,13.970893096750258,41.157269760253314,0.42500033996955416,0.9953031849963362,31.4333333,988.054442348889,0.9990480724184196,2.1972245773362196,-2675.457822111319,4732.066916815046,3322.51548331801,89.99408913382499,21.80140948635181,62.4
2021-06-07,80.6,92.7,66.9,8.9,8.6,3.4,5.8,-26.164103470867687,31.4333333,119.4833333,8.0,93.9041188435463,13.980762110701683,41.182820350116664,0.4093559588156213,0.9953031849963362,31.4333333,988.054442348889,0.9990480724184196,2.1972245773362196,-2675.457822111319,4732.066916815046,3322.51548331801,89.99408913382499,21.80140948635181,65.8
2021-06-08,80.1,92.3,70.3,8.3,7.7,3.3,5.8,14.4,31.4333333,119.4833333,8.0,93.38311093017903,13.989979165569892,41.20625294016725,0.39359027665646673,0.9953031849963362,31.4333333,988.054442348889,0.9990480724184196,2.1972245773362196,-2675.457822111319,4732.066916815046,3322.51548331801,89.99408913382499,21.80140948635181,72.0
2021-06-09,82.7,90.0,75.4,6.3,6.8,3.2,5.8,67.47287718628642,31.4333333,119.4833333,8.0,96.47325941408775,13.998538246300521,41.22757808475646,0.3777079652039649,0.9953031849963362,31.4333333,988.054442348889,0.9990480724184196,2.1972245773362196,-2675.457822111319,4732.066916815046,3322.51548331801,89.99408913382499,21.80140948635181,75.1
2021-06-10,78.6,90.0,73.0,5.9,5.6,2.3,3.9,-28.181667755212278,31.4333333,119.4833333,8.0,91.742140911189,14.006433726899084,41.246805795643354,0.36171373072976765,0.9953031849963362,31.4333333,988.054442348889,0.9990480724184196,2.1972245773362196,-2675.457822111319,4732.066916815046,3322.51548331801,89.99408913382499,21.80140948635181,73.5
2021-06-11,83.0,91.2,73.0,8.8,7.8,2.7,3.9,53.273329776222624,31.4333333,119.4833333,8.0,96.92781764850584,14.013660382916507,41.26394552229194,0.3456123126707335,0.9953031849963362,31.4333333,988.054442348889,0.9990480724184196,2.1972245773362196,-2675.457822111319,4732.066916815046,3322.51548331801,89.99408913382499,21.80140948635181,70.7
2021-06-12,81.4,91.2,74.7,9.0,4.5,3.4,5.8,33.57375671579172,31.4333333,119.4833333,8.0,95.10378091810396,14.02021340316029,41.27900613372906,0.3294084822245304,0.9953031849963362,31.4333333,988.054442348889,0.9990480724184196,2.1972245773362196,-2675.457822111319,4732.066916815046,3322.51548331801,89.99408913382499,21.80140948635181,75.0
2021-06-13,76.9,89.2,74.7,5.5,5.8,2.2,3.9,-50.23977596304447,31.4333333,119.4833333,8.0,89.88384983370746,14.026088400578535,41.291995901951935,0.3131070409358269,0.9953031849963362,31.4333333,988.054442348889,0.9990480724184196,2.1972245773362196,-2675.457822111319,4732.066916815046,3322.51548331801,89.99408913382499,21.80140948635181,74.4
2021-06-14,83.0,91.2,74.8,999.2,8.4,2.2,3.9,100.86228965509008,31.4333333,119.4833333,8.0,97.04969650401482,14.031281422267204,41.302922486873626,0.29671281927349075,0.9953031849963362,31.4333333,988.054442348889,0.9990480724184196,2.1972245773362196,-2675.457822111319,4732.066916815046,3322.51548331801,89.99408913382499,21.80140948635181,77.6
2021-06-15,84.2,95.5,74.8,997.9,10.5,4.4,5.8,-38.72246590761154,31.4333333,119.4833333,8.0,98.48445252585735,14.035788958554491,41.311792922794695,0.28023067519921585,0.9953031849963362,31.4333333,988.054442348889,0.9990480724184196,2.1972245773362196,-2675.457822111319,4732.066916815046,3322.51548331801,89.99408913382499,21.80140948635181,76.8
2021-06-16,79.0,95.5,74.8,2.5,3.1,2.2,3.9,166.96766633833673,31.4333333,119.4833333,8.0,92.42741901154064,14.039607951120098,41.31861360638981,0.26366549272800704,0.9953031849963362,31.4333333,988.054442348889,0.9990480724184196,2.1972245773362196,-2675.457822111319,4732.066916815046,3322.51548331801,89.99408913382499,21.80140948635181,73.6
2021-06-17,79.5,83.7,76.6,2.5,1.6,1.9,1.9,9.9,31.4333333,119.4833333,8.0,93.03312467573747,14.042735800111316,41.32339028619843,0.24702218048093552,0.9953031849963362,31.4333333,988.054442348889,0.9990480724184196,2.1972245773362196,-2675.457822111319,4732.066916815046,3322.51548331801,89.99408913382499,21.80140948635181,76.2
2021-06-18,73.1,83.7,68.0,3.1,1.9,2.6,3.9,-150.18240874486503,31.4333333,119.4833333,8.0,85.55849617193756,14.045170370222309,41.3261280536095,0.23030567023061221,0.9953031849963362,31.4333333,988.054442348889,0.9990480724184196,2.1972245773362196,-2675.457822111319,4732.066916815046,3322.51548331801,89.99408913382499,21.80140948635181,70.9
2021-06-19,70.0,79.7,68.0,2.8,8.4,2.7,3.9,-28.97160645594765,31.4333333,119.4833333,8.0,81.94030830829492,14.0469099957077,41.326831335331285,0.21352091543979612,0.9953031849963362,31.4333333,988.054442348889,0.9990480724184196,2.1972245773362196,-2675.457822111319,4732.066916815046,3322.51548331801,89.99408913382499,21.80140948635181,65.5
2021-06-20,75.7,82.9,68.2,2.5,4.4,2.8,3.9,-44.31525756435888,31.4333333,119.4833333,8.0,88.61917323016715,14.047953484306548,41.325503887338336,0.19667288979357647,0.9953031849963362,31.4333333,988.054442348889,0.9990480724184196,2.1972245773362196,-2675.457822111319,4732.066916815046,3322.51548331801,89.99408913382499,21.80140948635181,68.6
2021-06-21,78.0,86.5,68.0,4.2,8.4,2.9,5.8,13.0,31.4333333,119.4833333,8.0,91.31395078037593,14.048300120057837,41.32214879028943,0.1797665857255624,0.9953031849963362,31.4333333,988.054442348889,0.9990480724184196,2.1972245773362196,-2675.457822111319,4732.066916815046,3322.51548331801,89.99408913382499,21.80140948635181,64.0
2021-06-22,77.8,89.8,66.0,7.3,9.6,3.5,5.8,14.8,31.4333333,119.4833333,8.0,91.07754032804432,14.047949664993984,41.3167684464112,0.16280701293851715,0.9953031849963362,31.4333333,988.054442348889,0.9990480724184196,2.1972245773362196,-2675.457822111319,4732.066916815046,3322.51548331801,89.99408913382499,21.80140948635181,64.1
2021-06-23,82.4,91.6,66.0,8.6,12.9,3.3,5.8,-131.830031571951,31.4333333,119.4833333,8.0,96.45539620330204,14.04690235970418,41.30936457784454,0.1457991969198751,0.9953031849963362,31.4333333,988.054442348889,0.9990480724184196,2.1972245773362196,-2675.457822111319,4732.066916815046,3322.51548331801,89.99408913382499,21.80140948635181,63.1
2021-06-24,83.5,92.1,73.8,6.8,10.7,3.7,7.8,16.5,31.4333333,119.4833333,8.0,97.73089750423878,14.045158922764854,41.299938226451566,0.12874817745258132,0.9953031849963362,31.4333333,988.054442348889,0.9990480724184196,2.1972245773362196,-2675.457822111319,4732.066916815046,3322.51548331801,89.99408913382499,21.80140948635181,67.4
2021-06-25,81.9,94.3,72.7,4.7,9.9,3.6,5.8,56.75045042131525,31.4333333,119.4833333,8.0,95.84156774719783,14.042720549039975,41.28848975508361,0.11165900712169512,0.9953031849963362,31.4333333,988.054442348889,0.9990480724184196,2.1972245773362196,-2675.457822111319,4732.066916815046,3322.51548331801,89.99408913382499,21.80140948635181,69.0
2021-06-26,79.2,94.3,72.7,3.5,2.4,2.2,3.9,46.31308122893515,31.4333333,119.4833333,8.0,92.66128678527237,14.039588906859448,41.27501885031138,0.09453674981719912,0.9953031849963362,31.4333333,988.054442348889,0.9990480724184196,2.1972245773362196,-2675.457822111319,4732.066916815046,3322.51548331801,89.99408913382499,21.80140948635181,76.5
2021-06-27,79.3,84.9,74.5,1.4,1.5,1.9,1.9,62.92636349213759,31.4333333,119.4833333,8.0,92.75302120277229,14.035766134089123,41.25952452662086,0.07738647923346301,0.9953031849963362,31.4333333,988.054442348889,0.9990480724184196,2.1972245773362196,-2675.457822111319,4732.066916815046,3322.51548331801,89.99408913382499,21.80140948635181,77.5
2021-06-28,81.6,90.0,73.9,2.0,3.8,2.7,3.9,-31.616190190051597,31.4333333,119.4833333,8.0,95.41253286515676,14.031254833111289,41.24200513207935,0.06021327736579302,0.9953031849963362,31.4333333,988.054442348889,0.9990480724184196,2.1972245773362196,-2675.457822111319,4732.066916815046,3322.51548331801,89.99408913382499,21.80140948635181,75.2
2021-06-29,82.2,90.0,73.9,2.1,9.1,3.6,5.8,5.622221705081719,31.4333333,119.4833333,8.0,96.07849774346647,14.026058064739631,41.22245835547803,0.04302223300453059,0.9953031849963362,31.4333333,988.054442348889,0.9990480724184196,2.1972245773362196,-2675.457822111319,4732.066916815046,3322.51548331801,89.99408913382499,21.80140948635181,73.2
2021-06-30,82.0,89.1,76.5,2.4,4.6,3.9,7.8,16.5,31.4333333,119.4833333,8.0,95.80455883083327,14.020179341097553,41.20088123495811,0.02581844022713308,0.9953031849963362,31.4333333,988.054442348889,0.9990480724184196,2.1972245773362196,-2675.457822111319,4732.066916815046,3322.51548331801,89.99408913382499,21.80140948635181,75.4
2021-07-01,83.1,89.6,76.6,2.4,6.6,3.6,5.8,42.046438458314775,31.4333333,119.4833333,8.0,97.04433662614255,14.013622617493509,41.17727016812911,0.008606996888688698,0.9953031849963362,31.4333333,988.054442348889,0.9990480724184196,2.1972245773362196,-2675.457822111319,4732.066916815046,3322.51548331801,89.99408913382499,21.80140948635181,74.3
2021-07-02,79.9,89.6,77.5,1.3,3.3,1.9,1.9,-0.2212962241898353,31.4333333,119.4833333,8.0,93.25922861984864,14.006392283331458,41.151620923688476,-0.008606996888688009,0.9953031849963362,31.4333333,988.054442348889,0.9990480724184196,2.1972245773362196,-2675.457822111319,4732.066916815046,3322.51548331801,89.99408913382499,21.80140948635181,77.2
2021-07-03,78.7,88.0,74.8,2.2,5.7,3.4,5.8,49.707921074509734,31.4333333,119.4833333,8.0,91.80678425584708,13.998493152098666,41.12392865455226,-0.02581844022713239,0.9953031849963362,31.4333333,988.054442348889,0.9990480724184196,2.1972245773362196,-2675.457822111319,4732.066916815046,3322.51548331801,89.99408913382499,21.80140948635181,75.4
2021-07-04,75.8,88.0,73.8,6.0,1.4,3.6,3.9,35.79034288742376,31.4333333,119.4833333,8.0,88.3697273455131,13.989930450477008,41.09418791250706,-0.04302223300453034,0.9953031849963362,31.4333333,988.054442348889,0.9990480724184196,2.1972245773362196,-2675.457822111319,4732.066916815046,3322.51548331801,89.99408913382499,21.80140948635181,74.8
2021-07-05,83.8,92.3,73.8,5.0,4.1,2.9,5.8,-65.73374608935579,31.4333333,119.4833333,8.0,97.63195681628154,13.98070980662743,41.062392664393464,-0.060213277365792774,0.9953031849963362,31.4333333,988.054442348889,0.9990480724184196,2.1972245773362196,-2675.457822111319,4732.066916815046,3322.51548331801,89.99408913382499,21.80140948635181,78.7
2021-07-06,87.8,99.0,78.6,4.2,6.4,3.3,5.8,66.64396215118576,31.4333333,119.4833333,8.0,102.21995912250723,13.970837237700307,41.02853630983083,-0.07738647923346322,0.9953031849963362,31.4333333,988.054442348889,0.9990480724184196,2.1972245773362196,-2675.457822111319,4732.066916815046,3322.51548331801,89.99408913382499,21.80140948635181,79.0
2021-07-07,84.9,99.0,78.4,5.7,9.5,3.2,5.8,20.6,31.4333333,119.4833333,8.0,98.76925789163823,13.96031913662731,40.992611700492866,-0.09453674981719933,0.9953031849963362,31.4333333,988.054442348889,0.9990480724184196,2.1972245773362196,-2675.457822111319,4732.066916815046,3322.51548331801,89.99408913382499,21.80140948635181,78.0
2021-07-08,76.6,97.2,73.2,6.3,8.3,3.3,5.8,56.095696382134825,31.4333333,119.4833333,8.0,89.04215241517996,13.949162258252736,40.954611160942434,-0.11165900712169444,0.9953031849963362,31.4333333,988.054442348889,0.9990480724184196,2.1972245773362196,-2675.457822111319,4732.066916815046,3322.51548331801,89.99408913382499,21.80140948635181,73.7
2021-07-09,81.5,92.1,73.2,5.6,12.6,3.1,3.9,39.66870030382825,31.4333333,119.4833333,8.0,94.65799641220272,13.937373704864203,40.91452651103283,-0.12874817745258066,0.9953031849963362,31.4333333,988.054442348889,0.9990480724184196,2.1972245773362196,-2675.457822111319,4732.066916815046,3322.51548331801,89.99408913382499,21.80140948635181,76.0
2021-07-10,81.8,95.4,73.9,6.8,10.2,5.1,9.7,-46.03524444408272,31.4333333,119.4833333,8.0,94.92181687790618,13.924960911184282,40.87234908988119,-0.14579919691987442,0.9953031849963362,31.4333333,988.054442348889,0.9990480724184196,2.1972245773362196,-2675.457822111319,4732.066916815046,3322.51548331801,89.99408913382499,21.80140948635181,76.2
2021-07-11,87.2,96.1,73.9,6.2,7.4,1.9,1.9,-32.44077303899217,31.4333333,119.4833333,8.0,101.09336983656961,13.911931628885725,40.82806978141787,-0.16280701293851646,0.9953031849963362,31.4333333,988.054442348889,0.9990480724184196,2.1972245773362196,-2675.457822111319,4732.066916815046,3322.51548331801,89.99408913382499,21.80140948635181,79.9
2021-07-12,90.1,99.7,80.1,3.2,15.8,4.1,7.8,0.496486047389471,31.4333333,119.4833333,8.0,104.35302344612575,13.898293910693774,40.78167904151317,-0.17976658572556214,0.9953031849963362,31.4333333,988.054442348889,0.9990480724184196,2.1972245773362196,-2675.457822111319,4732.066916815046,3322.51548331801,89.99408913382499,21.80140948635181,75.1
2021-07-13,89.3,99.7,80.1,2.8,14.9,4.4,7.8,18.5,31.4333333,119.4833333,8.0,103.32051743388755,13.884056094139424,40.73316692668057,-0.19667288979357622,0.9953031849963362,31.4333333,988.054442348889,0.9990480724184196,2.1972245773362196,-2675.457822111319,4732.066916815046,3322.51548331801,89.99408913382499,21.80140948635181,76.1
2021-07-14,91.4,101.5,80.1,4.6,13.0,3.9,5.8,-23.361891795179627,31.4333333,119.4833333,8.0,105.63727734595922,13.869226785027468,40.68252312435219,-0.2135209154397959,0.9953031849963362,31.4333333,988.054442348889,0.9990480724184196,2.1972245773362196,-2675.457822111319,4732.066916815046,3322.51548331801,89.99408913382499,21.80140948635181,77.9
2021-07-15,88.2,101.5,81.3,7.1,12.0,3.2,5.8,-33.393798999158626,31.4333333,119.4833333,8.0,101.82553907901868,13.853814840682812,40.629736984719706,-0.23030567023061196,0.9953031849963362,31.4333333,988.054442348889,0.9990480724184196,2.1972245773362196,-2675.457822111319,4732.066916815046,3322.51548331801,89.99408913382499,21.80140948635181,77.6
2021-07-16,82.8,100.0,73.9,7.0,11.0,4.9,7.8,76.54604098147345,31.4333333,119.4833333,8.0,95.4810225359609,13.837829353037813,40.57479755412984,-0.24702218048093527,0.9953031849963362,31.4333333,988.054442348889,0.9990480724184196,2.1972245773362196,-2675.457822111319,4732.066916815046,3322.51548331801,89.99408913382499,21.80140948635181,75.9
2021-07-17,79.7,93.7,72.5,5.4,8.6,3.2,5.8,39.32356868384274,31.4333333,119.4833333,8.0,91.79633222002488,13.821279631622314,40.51769361001994,-0.2636654927280072,0.9953031849963362,31.4333333,988.054442348889,0.9990480724184196,2.1972245773362196,-2675.457822111319,4732.066916815046,3322.51548331801,89.99408913382499,21.80140948635181,75.5
2021-07-18,84.4,90.7,72.5,4.8,9.4,4.1,7.8,28.037053743360655,31.4333333,119.4833333,8.0,97.0893654785008,13.8041751865167,40.45841369737558,-0.2802306751992161,0.9953031849963362,31.4333333,988.054442348889,0.9990480724184196,2.1972245773362196,-2675.457822111319,4732.066916815046,3322.51548331801,89.99408913382499,21.80140948635181,76.3
2021-07-19,85.5,91.0,78.6,6.2,14.9,4.1,5.8,-34.501759434505196,31.4333333,119.4833333,8.0,98.22899569320184,13.786525711326572,40.39694616668703,-0.2967128192734901,0.9953031849963362,31.4333333,988.054442348889,0.9990480724184196,2.1972245773362196,-2675.457822111319,4732.066916815046,3322.51548331801,89.99408913382499,21.80140948635181,76.3
2021-07-20,86.1,92.5,80.4,7.6,13.9,5.6,7.8,111.2856599096106,31.4333333,119.4833333,8.0,98.78784715024186,13.7683410662358,40.333279213377786,-0.3131070409358267,0.9953031849963362,31.4333333,988.054442348889,0.9990480724184196,2.1972245773362196,-2675.457822111319,4732.066916815046,3322.51548331801,89.99408913382499,21.80140948635181,76.8
2021-07-21,84.2,92.5,77.2,7.1,14.8,3.9,7.8,-39.54469140274482,31.4333333,119.4833333,8.0,96.47657934936667,13.7496312611924,40.267400918673324,-0.3294084822245302,0.9953031849963362,31.4333333,988.054442348889,0.9990480724184196,2.1972245773362196,-2675.457822111319,4732.066916815046,3322.51548331801,89.99408913382499,21.80140948635181,72.9
2021-07-22,84.8,91.9,77.2,4.8,14.8,5.1,5.8,70.56977442891798,31.4333333,119.4833333,8.0,97.028205504241,13.730406439279388,40.199299291873345,-0.3456123126707333,0.9953031849963362,31.4333333,988.054442348889,0.9990480724184196,2.1972245773362196,-2675.457822111319,4732.066916815046,3322.51548331801,89.99408913382499,21.80140948635181,75.1
2021-07-23,85.9,93.4,79.5,3.5,15.1,5.8,7.8,140.85678438245185,31.4333333,119.4833333,8.0,98.14559519179215,13.710676860320207,40.128962313986314,-0.3617137307297674,0.9953031849963362,31.4333333,988.054442348889,0.9990480724184196,2.1972245773362196,-2675.457822111319,4732.066916815046,3322.51548331801,89.99408913382499,21.80140948635181,74.7
2021-07-24,82.4,93.4,77.7,1.3,11.8,6.1,7.8,59.46710784351735,31.4333333,119.4833333,8.0,94.0077764753892,13.690452884765419,40.05637798267951,-0.37770796520396466,0.9953031849963362,31.4333333,988.054442348889,0.9990480724184196,2.1972245773362196,-2675.457822111319,4732.066916815046,3322.51548331801,89.99408913382499,21.80140948635181,75.9
2021-07-25,79.2,86.0,77.4,995.0,8.8,7.0,7.8,183.39030541888573,31.4333333,119.4833333,8.0,90.22031672217103,13.669744957904701,39.98153435849326,-0.39359027665646645,0.9953031849963362,31.4333333,988.054442348889,0.9990480724184196,2.1972245773362196,-2675.457822111319,4732.066916815046,3322.51548331801,89.99408913382499,21.80140948635181,76.6
2021-07-26,78.1,80.8,76.8,988.3,5.1,7.0,7.8,45.38064285708923,31.4333333,119.4833333,8.0,88.82940139384631,13.648563594445017,39.90441961226275,-0.4093559588156211,0.9953031849963362,31.4333333,988.054442348889,0.9990480724184196,2.1972245773362196,-2675.457822111319,4732.066916815046,3322.51548331801,89.99408913382499,21.80140948635181,76.9
2021-07-27,78.8,81.1,76.8,988.1,3.8,5.6,7.8,-32.86800447521577,31.4333333,119.4833333,8.0,89.48343715360339,13.626919363492902,39.82502207368531,-0.42500033996955394,0.9953031849963362,31.4333333,988.054442348889,0.9990480724184196,2.1972245773362196,-2675.457822111319,4732.066916815046,3322.51548331801,89.99408913382499,21.80140948635181,77.8
2021-07-28,82.0,92.7,77.7,993.0,9.6,4.5,7.8,-34.73062864852256,31.4333333,119.4833333,8.0,92.96628963883335,13.604822873975612,39.74333028096685,-0.4405187843504952,0.9953031849963362,31.4333333,988.054442348889,0.9990480724184196,2.1972245773362196,-2675.457822111319,4732.066916815046,3322.51548331801,89.99408913382499,21.80140948635181,78.5
2021-07-29,83.5,92.7,75.7,997.8,14.2,4.2,5.8,-12.913168205437476,31.4333333,119.4833333,8.0,94.51006479204057,13.582284760532776,39.659333031475164,-0.455906693508459,0.9953031849963362,31.4333333,988.054442348889,0.9990480724184196,2.1972245773362196,-2675.457822111319,4732.066916815046,3322.51548331801,89.99408913382499,21.80140948635181,74.9
2021-07-30,85.3,93.4,75.6,998.4,11.5,1.9,1.9,-151.96552166151764,31.4333333,119.4833333,8.0,96.38413555358933,13.559315669907056,39.57301943332365,-0.47115950767386394,0.9953031849963362,31.4333333,988.054442348889,0.9990480724184196,2.1972245773362196,-2675.457822111319,4732.066916815046,3322.51548331801,89.99408913382499,21.80140948635181,75.4
2021-07-31,85.6,94.3,78.6,997.4,9.1,2.3,3.9,45.44102320309263,31.4333333,119.4833333,8.0,96.55627390139499,13.535926247859111,39.48437895780364,-0.4862727071086902,0.9953031849963362,31.4333333,988.054442348889,0.9990480724184196,2.1972245773362196,-2675.457822111319,4732.066916815046,3322.51548331801,89.99408913382499,21.80140948635181,77.9
2021-08-01,85.9,94.5,79.5,997.8,3.3,2.5,3.9,-27.45049740133011,31.4333333,119.4833333,8.0,96.72431001478728,13.512127126629188,39.39340149257925,-0.5012418134457756,0.9953031849963362,31.4333333,988.054442348889,0.9990480724184196,2.1972245773362196,-2675.457822111319,4732.066916815046,3322.51548331801,89.99408913382499,21.80140948635181,78.9
2021-08-02,86.4,94.5,79.7,0.4,11.3,3.0,5.8,11.3,31.4333333,119.4833333,8.0,97.1130881733442,13.48792891296447,39.30007739555393,-0.5160623910158526,0.9953031849963362,31.4333333,988.054442348889,0.9990480724184196,2.1972245773362196,-2675.457822111319,4732.066916815046,3322.51548331801,89.99408913382499,21.80140948635181,77.7
2021-08-03,83.7,94.3,80.2,2.8,11.2,3.2,5.8,75.82923102082225,31.4333333,119.4833333,8.0,93.90681168268094,13.46334217672845,39.2043975493136,-0.5307300481619331,0.9953031849963362,31.4333333,988.054442348889,0.9990480724184196,2.1972245773362196,-2675.457822111319,4732.066916815046,3322.51548331801,89.99408913382499,21.80140948635181,79.0
2021-08-04,85.5,92.8,80.2,2.5,16.6,3.9,7.8,-5.146361712873841,31.4333333,119.4833333,8.0,95.74843926075268,13.438377440105638,39.106353416047355,-0.5452404385406507,0.9953031849963362,31.4333333,988.054442348889,0.9990480724184196,2.1972245773362196,-2675.457822111319,4732.066916815046,3322.51548331801,89.99408913382499,21.80140948635181,77.2
2021-08-05,85.0,92.8,80.1,0.8,14.1,3.9,5.8,12.657045837622189,31.4333333,119.4833333,8.0,95.00906993583615,13.413045167412163,39.00593709284275,-0.5595892624101763,0.9953031849963362,31.4333333,988.054442348889,0.9990480724184196,2.1972245773362196,-2675.457822111319,4732.066916815046,3322.51548331801,89.99408913382499,21.80140948635181,76.8
2021-08-06,85.1,93.0,77.7,0.4,11.8,3.6,5.8,136.46887006802615,31.4333333,119.4833333,8.0,94.93866456623002,13.387355755520097,38.903141367248935,-0.5737722679043243,0.9953031849963362,31.4333333,988.054442348889,0.9990480724184196,2.1972245773362196,-2675.457822111319,4732.066916815046,3322.51548331801,89.99408913382499,21.80140948635181,77.0
2021-08-07,84.2,93.0,77.0,2.6,13.5,3.3,5.8,-30.866106811852934,31.4333333,119.4833333,8.0,93.7519253330541,13.361319524900821,38.79795977299808,-0.5877852522924734,0.9953031849963362,31.4333333,988.054442348889,0.9990480724184196,2.1972245773362196,-2675.457822111319,4732.066916815046,3322.51548331801,89.99408913382499,21.80140948635181,74.7
2021-08-08,83.1,91.9,75.2,4.3,11.0,2.9,3.9,51.641018922400434,31.4333333,119.4833333,8.0,92.34450597568508,13.334946711290264,38.690386645771774,-0.6016240632249227,0.9953031849963362,31.4333333,988.054442348889,0.9990480724184196,2.1972245773362196,-2675.457822111319,4732.066916815046,3322.51548331801,89.99408913382499,21.80140948635181,73.1
2021-08-09,84.9,93.9,75.0,3.8,6.4,2.7,3.9,57.853953115868165,31.4333333,119.4833333,8.0,94.15585076518455,13.308247457976615,38.580417178897605,-0.6152845999633277,0.9953031849963362,31.4333333,988.054442348889,0.9990480724184196,2.1972245773362196,-2675.457822111319,4732.066916815046,3322.51548331801,89.99408913382499,21.80140948635181,75.8
2021-08-10,82.6,93.9,78.8,4.7,4.4,2.6,3.9,-38.257187155858915,31.4333333,119.4833333,8.0,91.41914561661237,13.281231808708819,38.46804747885721,-0.6287628145958345,0.9953031849963362,31.4333333,988.054442348889,0.9990480724184196,2.1972245773362196,-2675.457822111319,4732.066916815046,3322.51548331801,89.99408913382499,21.80140948635181,78.1
2021-08-11,78.8,89.8,77.2,7.0,2.7,1.9,1.9,10.251119211755002,31.4333333,119.4833333,8.0,87.03400703802677,13.25390970122235,38.353274620486395,-0.6420547132365636,0.9953031849963362,31.4333333,988.054442348889,0.9990480724184196,2.1972245773362196,-2675.457822111319,4732.066916815046,3322.51548331801,89.99408913382499,21.80140948635181,77.5
2021-08-12,79.7,82.9,77.2,5.5,4.4,2.3,3.9,-13.761677851119698,31.4333333,119.4833333,8.0,87.84461580181004,13.226290961376668,38.23609670174587,-0.655156357209085,0.9953031849963362,31.4333333,988.054442348889,0.9990480724184196,2.1972245773362196,-2675.457822111319,4732.066916815046,3322.51548331801,89.99408913382499,21.80140948635181,77.6
2021-08-13,75.0,82.9,70.9,3.4,2.5,3.4,5.8,64.30241546335026,31.4333333,119.4833333,8.0,82.48990811185745,13.198385297897191,38.116512897939344,-0.6680638642135333,0.9953031849963362,31.4333333,988.054442348889,0.9990480724184196,2.1972245773362196,-2675.457822111319,4732.066916815046,3322.51548331801,89.99408913382499,21.80140948635181,73.3
2021-08-14,74.5,82.6,70.9,7.5,3.1,2.5,3.9,32.92508393527437,31.4333333,119.4833333,8.0,81.76500593163459,13.170202297712953,37.99452351525558,-0.6807734094770159,0.9953031849963362,31.4333333,988.054442348889,0.9990480724184196,2.1972245773362196,-2675.457822111319,4732.066916815046,3322.51548331801,89.99408913382499,21.80140948635181,72.6
2021-08-15,74.9,79.7,72.0,10.2,1.4,2.4,3.9,7.638734448332461,31.4333333,119.4833333,8.0,82.02643179156607,13.141751421879745,37.87013004351017,-0.6932812268869771,0.9953031849963362,31.4333333,988.054442348889,0.9990480724184196,2.1972245773362196,-2675.457822111319,4732.066916815046,3322.51548331801,89.99408913382499,21.80140948635181,74.0
2021-08-16,76.4,80.4,73.0,10.7,3.7,2.3,3.9,62.899654847558146,31.4333333,119.4833333,8.0,83.48636741322461,13.113042002077165,37.74333520796215,-0.7055836101071774,0.9953031849963362,31.4333333,988.054442348889,0.9990480724184196,2.1972245773362196,-2675.457822111319,4732.066916815046,3322.51548331801,89.99408913382499,21.80140948635181,74.9
2021-08-17,80.5,89.8,74.3,9.4,7.2,2.5,3.9,-35.53575942204822,31.4333333,119.4833333,8.0,87.77239171934889,13.084083237666913,37.61414302008192,-0.7176769136759615,0.9953031849963362,31.4333333,988.054442348889,0.9990480724184196,2.1972245773362196,-2675.457822111319,4732.066916815046,3322.51548331801,89.99408913382499,21.80140948635181,74.9
2021-08-18,82.0,90.0,74.1,8.2,5.8,2.5,3.9,57.549794304389074,31.4333333,119.4833333,8.0,89.20837532087388,13.054884193298617,37.48255882714619,-0.7295575540864876,0.9953031849963362,31.4333333,988.054442348889,0.9990480724184196,2.1972245773362196,-2675.457822111319,4732.066916815046,3322.51548331801,89.99408913382499,21.80140948635181,72.1
2021-08-19,82.6,91.2,75.9,6.7,4.8,2.9,5.8,88.2135688635592,31.4333333,119.4833333,8.0,89.65854030301767,13.025453797048574,37.34858936053789,-0.7412220108485957,0.9953031849963362,31.4333333,988.054442348889,0.9990480724184196,2.1972245773362196,-2675.457822111319,4732.066916815046,3322.51548331801,89.99408913382499,21.80140948635181,74.5
2021-08-20,83.0,91.2,77.0,4.5,7.7,2.2,3.9,90.05803971404215,31.4333333,119.4833333,8.0,89.8876224702761,12.995800839076063,37.21224278262947,-0.7526668275320083,0.9953031849963362,31.4333333,988.054442348889,0.9990480724184196,2.1972245773362196,-2675.457822111319,4732.066916815046,3322.51548331801,89.99408913382499,21.80140948635181,76.9
2021-08-21,80.2,90.3,74.1,5.7,4.4,2.6,3.9,64.5130790411528,31.4333333,119.4833333,8.0,86.65565870472075,12.965933970781158,37.07352873213031,-0.7638886127905429,0.9953031849963362,31.4333333,988.054442348889,0.9990480724184196,2.1972245773362196,-2675.457822111319,4732.066916815046,3322.51548331801,89.99408913382499,21.80140948635181,75.2
2021-08-22,84.4,92.1,74.1,4.0,3.5,3.1,5.8,-1.4316468602832462,31.4333333,119.4833333,8.0,90.98222732128116,12.935861704447557,36.93245836778094,-0.7748840413670406,0.9953031849963362,31.4333333,988.054442348889,0.9990480724184196,2.1972245773362196,-2675.457822111319,4732.066916815046,3322.51548331801,89.99408913382499,21.80140948635181,78.8
2021-08-23,84.8,96.3,79.0,0.9,8.7,3.1,5.8,154.87736479273974,31.4333333,119.4833333,8.0,91.19951972103041,12.90559241335336,36.78904441027915,-0.7856498550787144,0.9953031849963362,31.4333333,988.054442348889,0.9990480724184196,2.1972245773362196,-2675.457822111319,4732.066916815046,3322.51548331801,89.99408913382499,21.80140948635181,77.8
2021-08-24,77.6,96.3,75.0,3.4,4.0,2.9,3.9,-6.383684439992001,31.4333333,119.4833333,8.0,83.25920201575013,12.875134332332497,36.64330118232609,-0.7961828637826154,0.9953031849963362,31.4333333,988.054442348889,0.9990480724184196,2.1972245773362196,-2675.457822111319,4732.066916815046,3322.51548331801,89.99408913382499,21.80140948635181,75.0
2021-08-25,80.1,89.8,73.2,8.2,6.5,2.7,3.9,35.9805409173813,31.4333333,119.4833333,8.0,85.737007854785,12.844495558769289,36.49524464668373,-0.8064799463209447,0.9953031849963362,31.4333333,988.054442348889,0.9990480724184196,2.1972245773362196,-2675.457822111319,4732.066916815046,3322.51548331801,89.99408913382499,21.80140948635181,73.2
2021-08-26,82.4,91.9,73.2,10.4,6.0,3.1,5.8,-51.16910123898826,31.4333333,119.4833333,8.0,87.98729717085723,12.813684054008334,36.34489244213841,-0.8165380514459157,0.9953031849963362,31.4333333,988.054442348889,0.9990480724184196,2.1972245773362196,-2675.457822111319,4732.066916815046,3322.51548331801,89.99408913382499,21.80140948635181,73.5
2021-08-27,78.5,91.9,75.4,11.8,2.5,1.9,1.9,147.38290538648556,31.4333333,119.4833333,8.0,83.62021251210126,12.782707645161977,36.19226391726931,-0.8263541987239094,0.9953031849963362,31.4333333,988.054442348889,0.9990480724184196,2.1972245773362196,-2675.457822111319,4732.066916815046,3322.51548331801,89.99408913382499,21.80140948635181,74.2
2021-08-28,81.4,88.7,75.4,11.3,2.2,1.9,1.9,44.5768912424227,31.4333333,119.4833333,8.0,86.49817715183484,12.751574027297519,36.037380161924894,-0.8359254794186365,0.9953031849963362,31.4333333,988.054442348889,0.9990480724184196,2.1972245773362196,-2675.457822111319,4732.066916815046,3322.51548331801,89.99408913382499,21.80140948635181,76.7
2021-08-29,84.0,93.0,77.2,11.1,4.8,2.9,3.9,57.804432052261895,31.4333333,119.4833333,8.0,89.04203536190504,12.720290765986434,35.880264036314585,-0.8452490573530634,0.9953031849963362,31.4333333,988.054442348889,0.9990480724184196,2.1972245773362196,-2675.457822111319,4732.066916815046,3322.51548331801,89.99408913382499,21.80140948635181,77.8
2021-08-30,85.5,94.3,78.3,10.6,6.0,2.2,3.9,-88.10250191284226,31.4333333,119.4833333,8.0,90.40816526391019,12.688865300197923,35.72094019762842,-0.8543221697498269,0.9953031849963362,31.4333333,988.054442348889,0.9990480724184196,2.1972245773362196,-2675.457822111319,4732.066916815046,3322.51548331801,89.99408913382499,21.80140948635181,79.7
2021-08-31,87.5,99.0,77.7,9.5,10.5,1.9,1.9,57.59172029192995,31.4333333,119.4833333,8.0,92.29284856107851,12.657304945519337,35.55943512410181,-0.8631421280499115,0.9953031849963362,31.4333333,988.054442348889,0.9990480724184196,2.1972245773362196,-2675.457822111319,4732.066916815046,3322.51548331801,89.99408913382499,21.80140948635181,77.1
2021-09-01,86.9,99.0,79.2,9.2,4.0,3.2,5.8,65.31459987115537,31.4333333,119.4833333,8.0,91.43050903407725,12.625616897686156,35.3957771364483,-0.8717063187093217,0.9953031849963362,31.4333333,988.054442348889,0.9990480724184196,2.1972245773362196,-2675.457822111319,4732.066916815046,3322.51548331801,89.99408913382499,21.80140948635181,79.7
2021-09-02,82.9,95.2,78.1,7.6,5.1,2.7,3.9,42.53978143493492,31.4333333,119.4833333,8.0,87.0022252331615,12.59380823640456,35.22999641658908,-0.8800122039735356,0.9953031849963362,31.4333333,988.054442348889,0.9990480724184196,2.1972245773362196,-2675.457822111319,4732.066916815046,3322.51548331801,89.99408913382499,21.80140948635181,76.6
2021-09-03,81.2,88.5,77.5,7.4,7.1,2.7,3.9,-23.8432745062647,31.4333333,119.4833333,8.0,85.00209478927634,12.561885929449705,35.062125023613106,-0.888057322629493,0.9953031849963362,31.4333333,988.054442348889,0.9990480724184196,2.1972245773362196,-2675.457822111319,4732.066916815046,3322.51548331801,89.99408913382499,21.80140948635181,75.1
2021-09-04,84.3,91.0,78.8,7.5,5.9,4.5,5.8,13.34543718308527,31.4333333,119.4833333,8.0,88.02224428008918,12.529856837023372,34.89219690690873,-0.8958392907349089,0.9953031849963362,31.4333333,988.054442348889,0.9990480724184196,2.1972245773362196,-2675.457822111319,4732.066916815046,3322.51548331801,89.99408913382499,21.80140948635181,78.9
2021-09-05,83.7,91.6,77.5,10.6,4.3,2.9,3.9,-69.28912932164596,31.4333333,119.4833333,8.0,87.17165082157413,12.497727716354714,34.72024791641312,-0.9033558023246842,0.9953031849963362,31.4333333,988.054442348889,0.9990480724184196,2.1972245773362196,-2675.457822111319,4732.066916815046,3322.51548331801,89.99408913382499,21.80140948635181,77.0
2021-09-06,78.9,91.6,75.6,12.9,5.7,2.9,3.9,8.525056578215946,31.4333333,119.4833333,8.0,81.96069686442385,12.465505226528341,34.5463158099328,-0.9106046300942162,0.9953031849963362,31.4333333,988.054442348889,0.9990480724184196,2.1972245773362196,-2675.457822111319,4732.066916815046,3322.51548331801,89.99408913382499,21.80140948635181,71.7
2021-09-07,77.7,84.4,72.9,12.8,8.4,2.8,3.9,9.7,31.4333333,119.4833333,8.0,80.50494366956973,12.433195933524281,34.37044025749507,-0.9175836260593934,0.9953031849963362,31.4333333,988.054442348889,0.9990480724184196,2.1972245773362196,-2675.457822111319,4732.066916815046,3322.51548331801,89.99408913382499,21.80140948635181,69.4
2021-09-08,76.6,82.6,72.9,11.3,5.2,2.7,3.9,-34.00438219532832,31.4333333,119.4833333,8.0,79.1584803136519,12.40080631545461,34.192662842696635,-0.9242907221930934,0.9953031849963362,31.4333333,988.054442348889,0.9990480724184196,2.1972245773362196,-2675.457822111319,4732.066916815046,3322.51548331801,89.99408913382499,21.80140948635181,71.0
2021-09-09,82.6,90.9,73.0,9.7,4.2,2.3,3.9,-14.228045860573006,31.4333333,119.4833333,8.0,85.13542605294282,12.368342767982009,34.01302706102298,-0.9307239310379793,0.9953031849963362,31.4333333,988.054442348889,0.9990480724184196,2.1972245773362196,-2675.457822111319,4732.066916815046,3322.51548331801,89.99408913382499,21.80140948635181,75.0
2021-09-10,82.8,93.0,75.9,9.6,6.3,2.2,3.9,-53.0239508353983,31.4333333,119.4833333,8.0,85.11710010835003,12.335811609905802,33.83157831511873,-0.9368813462954315,0.9953031849963362,31.4333333,988.054442348889,0.9990480724184196,2.1972245773362196,-2675.457822111319,4732.066916815046,3322.51548331801,89.99408913382499,21.80140948635181,73.8
2021-09-11,81.9,93.0,75.9,7.8,10.9,3.6,5.8,-33.2207188494516,31.4333333,119.4833333,8.0,83.9694702817513,12.303219088901288,33.64836390699623,-0.9427611433904206,0.9953031849963362,31.4333333,988.054442348889,0.9990480724184196,2.1972245773362196,-2675.457822111319,4732.066916815046,3322.51548331801,89.99408913382499,21.80140948635181,75.6
2021-09-12,79.6,93.0,75.9,7.2,9.2,4.9,5.8,-78.42798246804769,31.4333333,119.4833333,8.0,81.39479020307782,12.270571387398668,33.46343302717718,-0.9483615800121716,0.9953031849963362,31.4333333,988.054442348889,0.9990480724184196,2.1972245773362196,-2675.457822111319,4732.066916815046,3322.51548331801,89.99408913382499,21.80140948635181,73.5
2021-09-13,77.4,89.1,74.7,8.6,8.8,4.1,5.8,109.6545159373041,31.4333333,119.4833333,8.0,78.93429135439234,12.237874628587958,33.27683674076849,-0.9536809966304455,0.9953031849963362,31.4333333,988.054442348889,0.9990480724184196,2.1972245773362196,-2675.457822111319,4732.066916815046,3322.51548331801,89.99408913382499,21.80140948635181,73.8
2021-09-14,77.5,83.8,72.3,13.0,9.2,3.9,5.8,20.23891751990484,31.4333333,119.4833333,8.0,78.82482944971684,12.2051348825368,33.08862797048146,-0.9587178169872964,0.9953031849963362,31.4333333,988.054442348889,0.9990480724184196,2.1972245773362196,-2675.457822111319,4732.066916815046,3322.51548331801,89.99408913382499,21.80140948635181,68.9
2021-09-15,78.5,84.9,72.3,12.3,10.1,3.1,3.9,-4.982627371464341,31.4333333,119.4833333,8.0,79.6275097111698,12.172358172408122,32.89886147660997,-0.9634705485641486,0.9953031849963362,31.4333333,988.054442348889,0.9990480724184196,2.1972245773362196,-2675.457822111319,4732.066916815046,3322.51548331801,89.99408913382499,21.80140948635181,69.5
2021-09-16,75.9,86.9,66.9,10.4,9.3,1.9,3.9,10.1,31.4333333,119.4833333,8.0,76.78265679083877,12.139550480765022,32.70759383399089,-0.9679377830240642,0.9953031849963362,31.4333333,988.054442348889,0.9990480724184196,2.1972245773362196,-2675.457822111319,4732.066916815046,3322.51548331801,89.99408913382499,21.80140948635181,68.1
2021-09-17,75.4,86.9,66.2,12.4,7.6,1.6,3.7,11.7,31.4333333,119.4833333,8.0,76.07054323322166,12.106717755950397,32.514883405976605,-0.9721181966290612,0.9953031849963362,31.4333333,988.054442348889,0.9990480724184196,2.1972245773362196,-2675.457822111319,4732.066916815046,3322.51548331801,89.99408913382499,21.80140948635181,66.5
2021-09-18,77.5,86.0,68.0,12.3,8.6,3.4,6.2,14.6,31.4333333,119.4833333,8.0,77.97705072383309,12.073865918528995,32.32079031545701,-0.9760105506323682,0.9953031849963362,31.4333333,988.054442348889,0.9990480724184196,2.1972245773362196,-2675.457822111319,4732.066916815046,3322.51548331801,89.99408913382499,21.80140948635181,67.7
2021-09-19,82.1,90.1,71.4,7.3,4.2,2.7,5.2,12.8,31.4333333,119.4833333,8.0,82.38051427039362,12.041000867779823,32.125376412974774,-0.9796136916454901,0.9953031849963362,31.4333333,988.054442348889,0.9990480724184196,2.1972245773362196,-2675.457822111319,4732.066916815046,3322.51548331801,89.99408913382499,21.80140948635181,75.2
2021-09-20,75.1,90.1,71.2,7.7,13.1,3.2,4.9,23.1,31.4333333,119.4833333,8.0,75.15087078881997,12.008128488226895,31.928705241984765,-0.9829265519799822,0.9953031849963362,31.4333333,988.054442348889,0.9990480724184196,2.1972245773362196,-2675.457822111319,4732.066916815046,3322.51548331801,89.99408913382499,21.80140948635181,66.7
2021-09-21,79.6,91.8,70.7,7.9,18.1,3.4,6.8,17.3,31.4333333,119.4833333,8.0,79.43585588610311,11.97525465619645,31.73084200131524,-0.9859481499638303,0.9953031849963362,31.4333333,988.054442348889,0.9990480724184196,2.1972245773362196,-2675.457822111319,4732.066916815046,3322.51548331801,89.99408913382499,21.80140948635181,64.2
2021-09-22,80.2,94.6,68.0,11.7,11.8,1.7,4.1,11.8,31.4333333,119.4833333,8.0,79.8149413966989,11.942385246388861,31.531853504894727,-0.9886775902323404,0.9953031849963362,31.4333333,988.054442348889,0.9990480724184196,2.1972245773362196,-2675.457822111319,4732.066916815046,3322.51548331801,89.99408913382499,21.80140948635181,65.8
2021-09-23,81.3,95.4,67.3,15.3,9.6,2.3,4.1,13.6,31.4333333,119.4833333,8.0,80.68703958802196,11.909526138453426,31.33180813881496,-0.9911140639934546,0.9953031849963362,31.4333333,988.054442348889,0.9990480724184196,2.1972245773362196,-2675.457822111319,4732.066916815046,3322.51548331801,89.99408913382499,21.80140948635181,65.7
2021-09-24,79.8,95.4,72.0,15.7,11.2,4.2,9.1,18.8,31.4333333,119.4833333,8.0,78.97994343663632,11.876683223554334,31.13077581580667,-0.9932568492674143,0.9953031849963362,31.4333333,988.054442348889,0.9990480724184196,2.1972245773362196,-2675.457822111319,4732.066916815046,3322.51548331801,89.99408913382499,21.80140948635181,67.8
2021-09-25,78.2,89.1,71.2,14.2,12.9,4.2,6.0,15.5,31.4333333,119.4833333,8.0,77.1825033778024,11.84386241091597,30.928827927210428,-0.9951053111006974,0.9953031849963362,31.4333333,988.054442348889,0.9990480724184196,2.1972245773362196,-2675.457822111319,4732.066916815046,3322.51548331801,89.99408913382499,21.80140948635181,67.8
2021-09-26,78.0,87.4,70.2,12.7,11.1,2.9,7.0,15.9,31.4333333,119.4833333,8.0,76.77195262318257,11.81106963433578,30.726037292531124,-0.99665890175417,0.9953031849963362,31.4333333,988.054442348889,0.9990480724184196,2.1972245773362196,-2675.457822111319,4732.066916815046,3322.51548331801,89.99408913382499,21.80140948635181,68.5
2021-09-27,82.5,91.4,70.3,11.5,5.2,2.4,3.9,9.9,31.4333333,119.4833333,8.0,80.97588715323758,11.778310858652738,30.522478106669872,-0.9979171608653922,0.9953031849963362,31.4333333,988.054442348889,0.9990480724184196,2.1972245773362196,-2675.457822111319,4732.066916815046,3322.51548331801,89.99408913382499,21.80140948635181,72.2
2021-09-28,81.5,91.4,75.0,8.2,3.1,1.8,3.9,9.7,31.4333333,119.4833333,8.0,79.77214625183224,11.745592086159348,30.31822588493223,-0.9988797155850335,0.9953031849963362,31.4333333,988.054442348889,0.9990480724184196,2.1972245773362196,-2675.457822111319,4732.066916815046,3322.51548331801,89.99408913382499,21.80140948635181,73.4
2021-09-29,73.2,89.6,67.1,9.5,4.4,2.1,3.7,11.7,31.4333333,119.4833333,8.0,71.44880811396487,11.71291936294506,30.11335740591715,-0.9995462806873573,0.9953031849963362,31.4333333,988.054442348889,0.9990480724184196,2.1972245773362196,-2675.457822111319,4732.066916815046,3322.51548331801,89.99408913382499,21.80140948635181,70.6
2021-09-30,73.2,83.5,65.7,9.6,7.4,1.0,2.9,16.559745265923084,31.4333333,119.4833333,8.0,71.2498225894676,11.680298785158621,29.90795065239508,-0.9999166586547379,0.9953031849963362,31.4333333,988.054442348889,0.9990480724184196,2.1972245773362196,-2675.457822111319,4732.066916815046,3322.51548331801,89.99408913382499,21.80140948635181,65.7
2021-10-01,77.4,89.1,65.3,9.7,7.2,1.0,2.5,11.1,31.4333333,119.4833333,8.0,75.12790045839083,11.647736505176871,29.70208475028882,-0.9999907397361901,0.9953031849963362,31.4333333,988.054442348889,0.9990480724184196,2.1972245773362196,-2675.457822111319,4732.066916815046,3322.51548331801,89.99408913382499,21.80140948635181,68.3
2021-10-02,80.7,91.9,69.3,11.0,7.9,2.6,6.2,13.6,31.4333333,119.4833333,8.0,78.1124805108114,11.61523873766712,29.495839905874252,-0.9997685019798909,0.9953031849963362,31.4333333,988.054442348889,0.9990480724184196,2.1972245773362196,-2675.457822111319,4732.066916815046,3322.51548331801,89.99408913382499,21.80140948635181,70.7
2021-10-03,81.8,93.2,71.4,12.2,9.4,2.6,6.0,14.4,31.4333333,119.4833333,8.0,78.95616686836313,11.582811765530044,29.289297341322097,-0.9992500112396835,0.9953031849963362,31.4333333,988.054442348889,0.9990480724184196,2.1972245773362196,-2675.457822111319,4732.066916815046,3322.51548331801,89.99408913382499,21.80140948635181,70.8
2021-10-04,82.5,96.8,70.5,14.6,10.9,2.3,4.1,10.5,31.4333333,119.4833333,8.0,79.40942587675455,11.550461945709753,29.08253922870554,-0.9984354211555643,0.9953031849963362,31.4333333,988.054442348889,0.9990480724184196,2.1972245773362196,-2675.457822111319,4732.066916815046,3322.51548331801,89.99408913382499,21.80140948635181,70.0
2021-10-05,79.9,96.8,72.9,15.9,9.5,2.8,6.6,15.5,31.4333333,119.4833333,8.0,76.69198646809213,11.51819571485739,28.87564862260119,-0.9973249731081555,0.9953031849963362,31.4333333,988.054442348889,0.9990480724184196,2.1972245773362196,-2675.457822111319,4732.066916815046,3322.51548331801,89.99408913382499,21.80140948635181,70.0
2021-10-06,79.7,91.8,72.7,13.8,7.8,2.1,3.9,12.8,31.4333333,119.4833333,8.0,76.286313475691,11.486019594834278,28.66870939141411,-0.9959189961471792,0.9953031849963362,31.4333333,988.054442348889,0.9990480724184196,2.1972245773362196,-2675.457822111319,4732.066916815046,3322.51548331801,89.99408913382499,21.80140948635181,72.7
2021-10-07,72.4,88.2,67.8,14.5,2.5,3.7,5.1,12.0,31.4333333,119.4833333,8.0,69.10543919484357,11.453940198040371,28.4618061475599,-0.994217906893952,0.9953031849963362,31.4333333,988.054442348889,0.9990480724184196,2.1972245773362196,-2675.457822111319,4732.066916815046,3322.51548331801,89.99408913382499,21.80140948635181,67.8
2021-10-08,75.0,81.7,67.8,15.3,3.4,1.7,2.5,10.9,31.4333333,119.4833333,8.0,71.38727645345826,11.421964232553321,28.255024176638706,-0.9922222094179324,0.9953031849963362,31.4333333,988.054442348889,0.9990480724184196,2.1972245773362196,-2675.457822111319,4732.066916815046,3322.51548331801,89.99408913382499,21.80140948635181,71.0
2021-10-09,80.0,88.7,67.8,15.1,9.3,2.3,5.1,11.7,31.4333333,119.4833333,8.0,75.93399004708834,11.390098507063252,28.048449365738218,-0.989932495087353,0.9953031849963362,31.4333333,988.054442348889,0.9990480724184196,2.1972245773362196,-2675.457822111319,4732.066916815046,3322.51548331801,89.99408913382499,21.80140948635181,73.8
2021-10-10,74.2,89.4,63.5,17.7,5.7,4.0,6.6,19.0,31.4333333,119.4833333,8.0,70.23246376838523,11.358349935587908,27.842168131003444,-0.9873494423939864,0.9953031849963362,31.4333333,988.054442348889,0.9990480724184196,2.1972245773362196,-2675.457822111319,4732.066916815046,3322.51548331801,89.99408913382499,21.80140948635181,68.2
2021-10-11,64.8,89.4,61.0,21.5,15.3,3.6,6.6,18.1,31.4333333,119.4833333,8.0,61.16431792654348,11.326725541952497,27.636267344612456,-0.9844738167520923,0.9953031849963362,31.4333333,988.054442348889,0.9990480724184196,2.1972245773362196,-2675.457822111319,4732.066916815046,3322.51548331801,89.99408913382499,21.80140948635181,56.8
2021-10-12,69.8,75.4,60.6,20.5,16.5,4.4,7.8,17.5,31.4333333,119.4833333,8.0,65.70060216570636,11.295232464018286,27.43083426129786,-0.9813064702716093,0.9953031849963362,31.4333333,988.054442348889,0.9990480724184196,2.1972245773362196,-2675.457822111319,4732.066916815046,3322.51548331801,89.99408913382499,21.80140948635181,57.9
2021-10-13,71.4,75.4,65.5,17.5,2.2,2.5,4.1,13.2,31.4333333,119.4833333,8.0,67.02007384797926,11.263877957643572,27.22595644455347,-0.9778483415056567,0.9953031849963362,31.4333333,988.054442348889,0.9990480724184196,2.1972245773362196,-2675.457822111319,4732.066916815046,3322.51548331801,89.99408913382499,21.80140948635181,70.0
2021-10-14,75.8,81.9,68.5,15.8,4.6,1.6,4.5,10.9,31.4333333,119.4833333,8.0,70.9530283789438,11.232669400360496,27.02172169266633,-0.9741004551724206,0.9953031849963362,31.4333333,988.054442348889,0.9990480724184196,2.1972245773362196,-2675.457822111319,4732.066916815046,3322.51548331801,89.99408913382499,21.80140948635181,73.1
2021-10-15,65.7,81.9,60.6,18.9,2.6,3.9,6.2,20.6,31.4333333,119.4833333,8.0,61.3288382637599,11.201614294750666,26.818217964712723,-0.970063921851507,0.9953031849963362,31.4333333,988.054442348889,0.9990480724184196,2.1972245773362196,-2675.457822111319,4732.066916815046,3322.51548331801,89.99408913382499,21.80140948635181,64.7
2021-10-16,56.9,69.3,50.7,30.1,12.8,4.9,8.7,23.5,31.4333333,119.4833333,8.0,52.96783195404123,11.170720271502544,26.61553330665657,-0.965739937654855,0.9953031849963362,31.4333333,988.054442348889,0.9990480724184196,2.1972245773362196,-2675.457822111319,4732.066916815046,3322.51548331801,89.99408913382499,21.80140948635181,50.7
2021-10-17,55.4,62.4,50.0,28.3,16.3,1.8,4.3,18.5,31.4333333,119.4833333,8.0,51.42964400868133,11.139995092133141,26.413755777687044,-0.9611297838723007,0.9953031849963362,31.4333333,988.054442348889,0.9990480724184196,2.1972245773362196,-2675.457822111319,4732.066916815046,3322.51548331801,89.99408913382499,21.80140948635181,44.6
2021-10-18,56.9,66.7,50.2,22.2,9.6,1.0,2.7,32.2171824704687,31.4333333,119.4833333,8.0,52.67729287184847,11.109446651356444,26.212973376930403,-0.9562348265919058,0.9953031849963362,31.4333333,988.054442348889,0.9990480724184196,2.1972245773362196,-2675.457822111319,4732.066916815046,3322.51548331801,89.99408913382499,21.80140948635181,49.7
2021-10-19,59.1,66.7,50.5,24.3,8.2,2.3,3.5,14.0,31.4333333,119.4833333,8.0,54.56448367197355,11.079082979080923,26.013273970669278,-0.9510565162951536,0.9953031849963362,31.4333333,988.054442348889,0.9990480724184196,2.1972245773362196,-2675.457822111319,4732.066916815046,3322.51548331801,89.99408913382499,21.80140948635181,50.5
2021-10-20,52.8,64.6,50.9,23.2,3.8,1.8,3.7,14.0,31.4333333,119.4833333,8.0,48.615213864880275,11.048912242018245,25.814745220199946,-0.9455963874271428,0.9953031849963362,31.4333333,988.054442348889,0.9990480724184196,2.1972245773362196,-2675.457822111319,4732.066916815046,3322.51548331801,89.99408913382499,21.80140948635181,50.4
2021-10-21,56.2,63.9,50.9,24.2,5.7,2.1,3.1,104.98138684076244,31.4333333,119.4833333,8.0,51.60538185521349,11.018942744885441,25.61747451045537,-0.9398560579418953,0.9953031849963362,31.4333333,988.054442348889,0.9990480724184196,2.1972245773362196,-2675.457822111319,4732.066916815046,3322.51548331801,89.99408913382499,21.80140948635181,46.7
2021-10-22,56.1,64.8,49.5,27.7,2.3,1.3,3.1,9.9,31.4333333,119.4833333,8.0,51.374430203279296,10.989182931182738,25.421548879518948,-0.9338372288229252,0.9953031849963362,31.4333333,988.054442348889,0.9990480724184196,2.1972245773362196,-2675.457822111319,4732.066916815046,3322.51548331801,89.99408913382499,21.80140948635181,47.4
2021-10-23,59.6,69.3,48.4,26.6,5.9,1.7,5.1,10.9,31.4333333,119.4833333,8.0,54.432885538195904,10.959641383529377,25.227054949149803,-0.9275416835791965,0.9953031849963362,31.4333333,988.054442348889,0.9990480724184196,2.1972245773362196,-2675.457822111319,4732.066916815046,3322.51548331801,89.99408913382499,21.80140948635181,48.7
2021-10-24,60.0,71.6,50.7,24.3,6.3,1.2,3.1,12.4,31.4333333,119.4833333,8.0,54.651634117700006,10.930326823540002,25.03407885643723,-0.9209712877166347,0.9953031849963362,31.4333333,988.054442348889,0.9990480724184196,2.1972245773362196,-2675.457822111319,4732.066916815046,3322.51548331801,89.99408913382499,21.80140948635181,50.8
2021-10-25,59.8,71.6,50.4,21.7,5.4,1.1,4.1,10.1,31.4333333,119.4833333,8.0,54.32455308760165,10.901248111224412,24.84270618669736,-0.9141279881853337,0.9953031849963362,31.4333333,988.054442348889,0.9990480724184196,2.1972245773362196,-2675.457822111319,4732.066916815046,3322.51548331801,89.99408913382499,21.80140948635181,52.5
2021-10-26,62.5,71.8,52.3,20.2,4.5,1.4,4.1,9.7,31.4333333,119.4833333,8.0,56.62715752028085,10.872414243893923,24.653021907720653,-0.9070138128026362,0.9953031849963362,31.4333333,988.054442348889,0.9990480724184196,2.1972245773362196,-2675.457822111319,4732.066916815046,3322.51548331801,89.99408913382499,21.80140948635181,57.0
2021-10-27,62.9,73.0,57.0,22.4,2.4,1.1,3.1,10.9,31.4333333,119.4833333,8.0,56.839765075141656,10.843834354558027,24.46511030547417,-0.8996308696522434,0.9953031849963362,31.4333333,988.054442348889,0.9990480724184196,2.1972245773362196,-2675.457822111319,4732.066916815046,3322.51548331801,89.99408913382499,21.80140948635181,54.9
2021-10-28,61.3,73.0,53.4,23.4,7.6,1.6,3.5,10.7,31.4333333,119.4833333,8.0,55.249269634205916,10.815517709795612,24.27905492135731,-0.8919813464595487,0.9953031849963362,31.4333333,988.054442348889,0.9990480724184196,2.1972245773362196,-2675.457822111319,4732.066916815046,3322.51548331801,89.99408913382499,21.80140948635181,51.1
2021-10-29,61.7,72.3,52.0,22.1,5.4,0.7,2.1,-52.26222500627394,31.4333333,119.4833333,8.0,55.465593977266266,10.787473707085821,24.094938491104408,-0.8840675099433637,0.9953031849963362,31.4333333,988.054442348889,0.9990480724184196,2.1972245773362196,-2675.457822111319,4732.066916815046,3322.51548331801,89.99408913382499,21.80140948635181,53.7
2021-10-30,60.9,73.6,51.6,23.2,3.3,0.9,4.3,11.8,31.4333333,119.4833333,8.0,54.605537748290246,10.759711871584285,23.912842885421757,-0.8758917051442433,0.9953031849963362,31.4333333,988.054442348889,0.9990480724184196,2.1972245773362196,-2675.457822111319,4732.066916815046,3322.51548331801,89.99408913382499,21.80140948635181,51.8
2021-10-31,63.1,74.5,50.4,23.7,5.4,1.1,3.9,10.5,31.4333333,119.4833333,8.0,56.433705073510296,10.732241852331594,23.73284905244075,-0.8674563547295971,0.9953031849963362,31.4333333,988.054442348889,0.9990480724184196,2.1972245773362196,-2675.457822111319,4732.066916815046,3322.51548331801,89.99408913382499,21.80140948635181,53.5
2021-11-01,65.5,75.4,57.0,24.2,5.6,2.8,4.7,11.5,31.4333333,119.4833333,8.0,58.43185907260513,10.705073417881856,23.555036962063,-0.858763958275803,0.9953031849963362,31.4333333,988.054442348889,0.9990480724184196,2.1972245773362196,-2675.457822111319,4732.066916815046,3322.51548331801,89.99408913382499,21.80140948635181,53.7
2021-11-02,60.4,75.4,54.9,22.5,2.2,2.1,5.1,11.8,31.4333333,119.4833333,8.0,53.747022805080164,10.67821645134043,23.379485552266026,-0.8498170915275277,0.9953031849963362,31.4333333,988.054442348889,0.9990480724184196,2.1972245773362196,-2675.457822111319,4732.066916815046,3322.51548331801,89.99408913382499,21.80140948635181,55.2
2021-11-03,60.9,73.2,52.9,19.0,3.3,1.0,3.9,10.5,31.4333333,119.4833333,8.0,54.05728079486685,10.65168094480135,23.206272677432477,-0.8406184056344783,0.9953031849963362,31.4333333,988.054442348889,0.9990480724184196,2.1972245773362196,-2675.457822111319,4732.066916815046,3322.51548331801,89.99408913382499,21.80140948635181,54.6
2021-11-04,64.8,73.2,52.2,15.5,4.2,2.6,7.6,13.4,31.4333333,119.4833333,8.0,57.37757576315242,10.625476993176376,23.035475058758298,-0.8311706263658079,0.9953031849963362,31.4333333,988.054442348889,0.9990480724184196,2.1972245773362196,-2675.457822111319,4732.066916815046,3322.51548331801,89.99408913382499,21.80140948635181,58.8
2021-11-05,66.6,72.0,58.5,11.4,2.1,2.0,2.9,10.5,31.4333333,119.4833333,8.0,58.82786207012165,10.599614787409307,22.8671682367884,-0.8214765533024145,0.9953031849963362,31.4333333,988.054442348889,0.9990480724184196,2.1972245773362196,-2675.457822111319,4732.066916815046,3322.51548331801,89.99408913382499,21.80140948635181,63.4
2021-11-06,65.1,72.0,62.6,15.2,4.8,2.3,3.9,10.7,31.4333333,119.4833333,8.0,57.364517493360374,10.574104607071037,22.70142652612176,-0.8115390590073611,0.9953031849963362,31.4333333,988.054442348889,0.9990480724184196,2.1972245773362196,-2675.457822111319,4732.066916815046,3322.51548331801,89.99408913382499,21.80140948635181,62.3
2021-11-07,49.3,69.1,39.0,22.2,10.7,6.3,10.1,27.2,31.4333333,119.4833333,8.0,43.338630904000084,10.548956812332678,22.538322972319538,-0.801361088174677,0.9953031849963362,31.4333333,988.054442348889,0.9990480724184196,2.1972245773362196,-2675.457822111319,4732.066916815046,3322.51548331801,89.99408913382499,21.80140948635181,43.5
2021-11-08,43.6,69.1,38.1,26.1,15.0,4.5,7.4,27.2,31.4333333,119.4833333,8.0,38.23786066831566,10.524181835316236,22.377929311043495,-0.7909456567567774,0.9953031849963362,31.4333333,988.054442348889,0.9990480724184196,2.1972245773362196,-2675.457822111319,4732.066916815046,3322.51548331801,89.99408913382499,21.80140948635181,27.3
2021-11-09,50.9,57.2,36.5,20.8,12.7,4.8,7.8,20.0,31.4333333,119.4833333,8.0,44.53660997458089,10.499790170824571,22.22031592944377,-0.780295851070776,0.9953031849963362,31.4333333,988.054442348889,0.9990480724184196,2.1972245773362196,-2675.457822111319,4732.066916815046,3322.51548331801,89.99408913382499,21.80140948635181,31.9
2021-11-10,51.8,62.1,42.3,19.1,12.7,4.0,9.9,23.7,31.4333333,119.4833333,8.0,45.22050371519597,10.475792366454664,22.065551829807664,-0.7694148268839381,0.9953031849963362,31.4333333,988.054442348889,0.9990480724184196,2.1972245773362196,-2675.457822111319,4732.066916815046,3322.51548331801,89.99408913382499,21.80140948635181,32.7
2021-11-11,53.1,64.6,42.3,21.6,10.1,2.4,5.4,15.9,31.4333333,119.4833333,8.0,46.25098062854613,10.45219901210082,21.913704595473682,-0.7583058084785625,0.9953031849963362,31.4333333,988.054442348889,0.9990480724184196,2.1972245773362196,-2675.457822111319,4732.066916815046,3322.51548331801,89.99408913382499,21.80140948635181,35.8
2021-11-12,51.9,65.5,40.3,22.4,9.2,1.2,3.7,-24.1752623447099,31.4333333,119.4833333,8.0,45.10551465230628,10.429020728856944,21.764840359007156,-0.7469720876965551,0.9953031849963362,31.4333333,988.054442348889,0.9990480724184196,2.1972245773362196,-2675.457822111319,4732.066916815046,3322.51548331801,89.99408913382499,21.80140948635181,35.6
2021-11-13,52.8,67.5,42.6,20.2,5.3,1.3,4.3,11.3,31.4333333,119.4833333,8.0,45.78757989225143,10.40626815732987,21.619023772626573,-0.7354170229639858,0.9953031849963362,31.4333333,988.054442348889,0.9990480724184196,2.1972245773362196,-2675.457822111319,4732.066916815046,3322.51548331801,89.99408913382499,21.80140948635181,39.7
2021-11-14,54.0,70.2,41.7,20.8,8.9,2.0,4.7,12.8,31.4333333,119.4833333,8.0,46.72778375420337,10.383951945378527,21.476317980861474,-0.7236440382959124,0.9953031849963362,31.4333333,988.054442348889,0.9990480724184196,2.1972245773362196,-2675.457822111319,4732.066916815046,3322.51548331801,89.99408913382499,21.80140948635181,37.7
2021-11-15,56.8,71.6,41.4,20.2,4.7,1.3,3.5,9.9,31.4333333,119.4833333,8.0,49.04719161373731,10.362082735296616,21.33678459541615,-0.711656622281775,0.9953031849963362,31.4333333,988.054442348889,0.9990480724184196,2.1972245773362196,-2675.457822111319,4732.066916815046,3322.51548331801,89.99408913382499,21.80140948635181,44.2
2021-11-16,55.9,71.6,48.6,22.8,3.5,1.6,4.5,12.4,31.4333333,119.4833333,8.0,48.17029310922424,10.340671150459587,21.20048367220538,-0.6994583270516471,0.9953031849963362,31.4333333,988.054442348889,0.9990480724184196,2.1972245773362196,-2675.457822111319,4732.066916815046,3322.51548331801,89.99408913382499,21.80140948635181,47.8
2021-11-17,56.3,68.2,48.7,21.3,2.9,1.1,3.9,10.5,31.4333333,119.4833333,8.0,48.41672284134841,10.319727781459697,21.067473690521233,-0.6870527672236675,0.9953031849963362,31.4333333,988.054442348889,0.9990480724184196,2.1972245773362196,-2675.457822111319,4732.066916815046,3322.51548331801,89.99408913382499,21.80140948635181,51.5
2021-11-18,57.0,69.3,48.4,17.1,3.6,1.2,3.3,12.2,31.4333333,119.4833333,8.0,48.92150006584132,10.299263171756069,20.937811534283327,-0.6744436188329457,0.9953031849963362,31.4333333,988.054442348889,0.9990480724184196,2.1972245773362196,-2675.457822111319,4732.066916815046,3322.51548331801,89.99408913382499,21.80140948635181,50.3
2021-11-19,59.4,69.4,48.9,16.3,3.3,1.8,3.5,12.0,31.4333333,119.4833333,8.0,50.88247462420578,10.279287802869854,20.811552475317402,-0.661634618242279,0.9953031849963362,31.4333333,988.054442348889,0.9990480724184196,2.1972245773362196,-2675.457822111319,4732.066916815046,3322.51548331801,89.99408913382499,21.80140948635181,53.6
2021-11-20,62.3,70.5,52.3,16.2,5.5,3.2,7.6,16.3,31.4333333,119.4833333,8.0,53.26552437762709,10.259812079157706,20.68875015860092,-0.6486295610349818,0.9953031849963362,31.4333333,988.054442348889,0.9990480724184196,2.1972245773362196,-2675.457822111319,4732.066916815046,3322.51548331801,89.99408913382499,21.80140948635181,55.3
2021-11-21,55.4,70.5,49.5,20.3,3.0,3.5,5.2,17.1,31.4333333,119.4833333,8.0,47.278573807989666,10.240846312199928,20.569456589407867,-0.6354323008901775,0.9953031849963362,31.4333333,988.054442348889,0.9990480724184196,2.1972245773362196,-2675.457822111319,4732.066916815046,3322.51548331801,89.99408913382499,21.80140948635181,50.0
2021-11-22,43.3,59.7,36.1,27.5,12.6,2.5,3.9,17.1,31.4333333,119.4833333,8.0,36.885829209974176,10.222400704842729,20.453722122278627,-0.622046748440868,0.9953031849963362,31.4333333,988.054442348889,0.9990480724184196,2.1972245773362196,-2675.457822111319,4732.066916815046,3322.51548331801,89.99408913382499,21.80140948635181,20.2
2021-11-23,39.5,51.6,31.1,25.8,8.9,2.2,5.2,11.7,31.4333333,119.4833333,8.0,33.58976422750116,10.204485334937063,20.34159545173545,-0.6084768701151264,0.9953031849963362,31.4333333,988.054442348889,0.9990480724184196,2.1972245773362196,-2675.457822111319,4732.066916815046,3322.51548331801,89.99408913382499,21.80140948635181,25.5
2021-11-24,46.8,63.3,30.7,20.9,10.2,1.7,4.5,13.4,31.4333333,119.4833333,8.0,39.72972954139592,10.187110138819467,20.23312360465832,-0.594726686960764,0.9953031849963362,31.4333333,988.054442348889,0.9990480724184196,2.1972245773362196,-2675.457822111319,4732.066916815046,3322.51548331801,89.99408913382499,21.80140948635181,31.7
2021-11-25,50.4,67.1,36.9,21.8,8.7,1.7,4.3,10.9,31.4333333,119.4833333,8.0,42.715196557248774,10.170284894583043,20.128351934231212,-0.5808002734538013,0.9953031849963362,31.4333333,988.054442348889,0.9990480724184196,2.1972245773362196,-2675.457822111319,4732.066916815046,3322.51548331801,89.99408913382499,21.80140948635181,36.7
2021-11-26,51.4,67.1,38.7,27.8,2.7,1.7,4.1,142.92556178326444,31.4333333,119.4833333,8.0,43.49304892889521,10.154019205189543,20.027324115364042,-0.5667017562911184,0.9953031849963362,31.4333333,988.054442348889,0.9990480724184196,2.1972245773362196,-2675.457822111319,4732.066916815046,3322.51548331801,89.99408913382499,21.80140948635181,41.0
2021-11-27,52.1,64.6,42.4,30.5,6.6,3.6,8.2,20.2,31.4333333,119.4833333,8.0,44.01721677374091,10.138322481475834,19.930082141491837,-0.5524353131676203,0.9953031849963362,31.4333333,988.054442348889,0.9990480724184196,2.1972245773362196,-2675.457822111319,4732.066916815046,3322.51548331801,89.99408913382499,21.80140948635181,44.1
2021-11-28,56.2,66.6,43.7,26.0,8.1,2.8,7.2,15.9,31.4333333,119.4833333,8.0,47.410338382600536,10.123203925110435,19.83666632264857,-0.5380051715382992,0.9953031849963362,31.4333333,988.054442348889,0.9990480724184196,2.1972245773362196,-2675.457822111319,4732.066916815046,3322.51548331801,89.99408913382499,21.80140948635181,49.6
2021-11-29,59.2,70.2,49.1,22.2,4.9,3.1,7.8,20.6,31.4333333,119.4833333,8.0,49.86945105701858,10.10867251155782,19.747115284710507,-0.5234156073655503,0.9953031849963362,31.4333333,988.054442348889,0.9990480724184196,2.1972245773362196,-2675.457822111319,4732.066916815046,3322.51548331801,89.99408913382499,21.80140948635181,51.0
2021-11-30,46.9,70.2,36.9,27.6,9.3,4.4,9.1,23.7,31.4333333,119.4833333,8.0,39.45359700323832,10.094736973110018,19.66146596970107,-0.5086709438521042,0.9953031849963362,31.4333333,988.054442348889,0.9990480724184196,2.1972245773362196,-2675.457822111319,4732.066916815046,3322.51548331801,89.99408913382499,21.80140948635181,28.4
2021-12-01,38.3,55.2,28.8,29.4,12.0,1.6,4.9,11.1,31.4333333,119.4833333,8.0,32.176486787698465,10.081405782046517,19.579753637047457,-0.49377555015997737,0.9953031849963362,31.4333333,988.054442348889,0.9990480724184196,2.1972245773362196,-2675.457822111319,4732.066916815046,3322.51548331801,89.99408913382499,21.80140948635181,23.2
2021-12-02,44.9,54.5,28.2,23.6,11.6,3.0,5.6,12.8,31.4333333,119.4833333,8.0,37.67367102632634,10.068687133984769,19.50201186567774,-0.4787338401157883,0.9953031849963362,31.4333333,988.054442348889,0.9990480724184196,2.1972245773362196,-2675.457822111319,4732.066916815046,3322.51548331801,89.99408913382499,21.80140948635181,26.2
2021-12-03,45.6,59.9,33.6,25.5,7.3,2.5,6.8,15.0,31.4333333,119.4833333,8.0,38.21503793964085,10.056588931484434,19.42827255684646,-0.4635502709028512,0.9953031849963362,31.4333333,988.054442348889,0.9990480724184196,2.1972245773362196,-2675.457822111319,4732.066916815046,3322.51548331801,89.99408913382499,21.80140948635181,30.4
2021-12-04,45.1,60.6,32.7,27.3,3.9,1.4,2.7,-12.098871069021095,31.4333333,119.4833333,8.0,37.7529047029505,10.045118767969091,19.358565937576646,-0.4482293417404106,0.9953031849963362,31.4333333,988.054442348889,0.9990480724184196,2.1972245773362196,-2675.457822111319,4732.066916815046,3322.51548331801,89.99408913382499,21.80140948635181,33.2
2021-12-05,47.1,62.2,36.7,25.2,2.4,1.7,5.1,11.1,31.4333333,119.4833333,8.0,39.38456435471503,10.034283912029307,19.2929205646066,-0.4327755925504317,0.9953031849963362,31.4333333,988.054442348889,0.9990480724184196,2.1972245773362196,-2675.457822111319,4732.066916815046,3322.51548331801,89.99408913382499,21.80140948635181,38.9
2021-12-06,47.3,63.9,35.6,26.7,3.5,1.1,3.3,-122.4578988063881,31.4333333,119.4833333,8.0,39.51162650997316,10.024091292170782,19.23136332873099,-0.41719360261231697,0.9953031849963362,31.4333333,988.054442348889,0.9990480724184196,2.1972245773362196,-2675.457822111319,4732.066916815046,3322.51548331801,89.99408913382499,21.80140948635181,35.4
2021-12-07,50.3,63.9,36.9,30.1,1.8,2.5,4.7,12.8,31.4333333,119.4833333,8.0,41.9776448623463,10.01454748207069,19.17391945942736,-0.4014879892059737,0.9953031849963362,31.4333333,988.054442348889,0.9990480724184196,2.1972245773362196,-2675.457822111319,4732.066916815046,3322.51548331801,89.99408913382499,21.80140948635181,41.9
2021-12-08,53.2,60.4,41.4,27.9,5.2,3.4,7.6,16.3,31.4333333,119.4833333,8.0,44.35842017639279,10.005658686404388,19.120612529661983,-0.38566340624360745,0.9953031849963362,31.4333333,988.054442348889,0.9990480724184196,2.1972245773362196,-2675.457822111319,4732.066916815046,3322.51548331801,89.99408913382499,21.80140948635181,43.1
2021-12-09,50.3,63.5,39.9,26.1,2.0,1.8,4.5,10.1,31.4333333,119.4833333,8.0,41.90589713194611,9.997430727303248,19.071464460771516,-0.3697245428906732,0.9953031849963362,31.4333333,988.054442348889,0.9990480724184196,2.1972245773362196,-2675.457822111319,4732.066916815046,3322.51548331801,89.99408913382499,21.80140948635181,43.2
2021-12-10,49.9,63.5,39.4,26.3,1.1,2.6,3.7,-58.464185834925956,31.4333333,119.4833333,8.0,41.54120538933173,9.98986903150262,19.026495527321092,-0.3536761221763721,0.9953031849963362,31.4333333,988.054442348889,0.9990480724184196,2.1972245773362196,-2675.457822111319,4732.066916815046,3322.51548331801,89.99408913382499,21.80140948635181,43.7
2021-12-11,53.0,60.8,41.9,26.8,2.1,4.2,5.6,15.2,31.4333333,119.4833333,8.0,44.09148889721204,9.982978618236688,18.985724361843246,-0.33752289959411347,0.9953031849963362,31.4333333,988.054442348889,0.9990480724184196,2.1972245773362196,-2675.457822111319,4732.066916815046,3322.51548331801,89.99408913382499,21.80140948635181,45.6
2021-12-12,44.7,58.8,35.4,31.9,5.0,3.1,4.9,15.2,31.4333333,119.4833333,8.0,37.163446227555944,9.97676408793448,18.949167959367504,-0.32126966169236515,0.9953031849963362,31.4333333,988.054442348889,0.9990480724184196,2.1972245773362196,-2675.457822111319,4732.066916815046,3322.51548331801,89.99408913382499,21.80140948635181,39.6
2021-12-13,41.1,51.8,34.3,27.2,6.9,1.3,3.7,10.1,31.4333333,119.4833333,8.0,34.1514614203062,9.971229611768232,18.916841681655303,-0.3049212246562894,0.9953031849963362,31.4333333,988.054442348889,0.9990480724184196,2.1972245773362196,-2675.457822111319,4732.066916815046,3322.51548331801,89.99408913382499,21.80140948635181,30.3
2021-12-14,46.2,58.3,34.7,21.0,4.0,1.4,4.3,11.8,31.4333333,119.4833333,8.0,38.370558850092834,9.966378922102034,18.888759261061548,-0.2884824328806098,0.9953031849963362,31.4333333,988.054442348889,0.9990480724184196,2.1972245773362196,-2675.457822111319,4732.066916815046,3322.51548331801,89.99408913382499,21.80140948635181,38.9
2021-12-15,52.1,59.4,38.8,18.7,2.3,2.2,4.5,12.2,31.4333333,119.4833333,8.0,43.252618111033996,9.962215303884989,18.864932803949873,-0.27195815753410524,0.9953031849963362,31.4333333,988.054442348889,0.9990480724184196,2.1972245773362196,-2675.457822111319,4732.066916815046,3322.51548331801,89.99408913382499,21.80140948635181,47.4
2021-12-16,50.4,59.4,43.9,23.3,1.6,1.8,3.3,12.0,31.4333333,119.4833333,8.0,41.826714665521976,9.958741587029042,18.845372793596294,-0.2553532951161881,0.9953031849963362,31.4333333,988.054442348889,0.9990480724184196,2.1972245773362196,-2675.457822111319,4732.066916815046,3322.51548331801,89.99408913382499,21.80140948635181,46.0
2021-12-17,39.6,52.7,28.6,33.2,10.5,2.2,3.7,15.3,31.4333333,119.4833333,8.0,32.854668461364405,9.955960139807395,18.83008809252292,-0.23867276600594997,0.9953031849963362,31.4333333,988.054442348889,0.9990480724184196,2.1972245773362196,-2675.457822111319,4732.066916815046,3322.51548331801,89.99408913382499,21.80140948635181,21.7
2021-12-18,37.7,51.3,27.1,30.2,8.1,3.1,6.2,12.8,31.4333333,119.4833333,8.0,31.271750578882422,9.953872863304749,18.8190859442112,-0.22192151300416674,0.9953031849963362,31.4333333,988.054442348889,0.9990480724184196,2.1972245773362196,-2675.457822111319,4732.066916815046,3322.51548331801,89.99408913382499,21.80140948635181,22.3
2021-12-19,42.1,56.1,28.8,24.6,8.8,1.7,5.6,10.5,31.4333333,119.4833333,8.0,34.91662149753507,9.952481186945862,18.812371974152576,-0.20510449986861926,0.9953031849963362,31.4333333,988.054442348889,0.9990480724184196,2.1972245773362196,-2675.457822111319,4732.066916815046,3322.51548331801,89.99408913382499,21.80140948635181,24.5
2021-12-20,48.5,63.5,33.3,19.2,7.8,2.2,5.1,12.2,31.4333333,119.4833333,8.0,40.221802013208624,9.951786065123784,18.80995019020244,-0.1882267098432439,0.9953031849963362,31.4333333,988.054442348889,0.9990480724184196,2.1972245773362196,-2675.457822111319,4732.066916815046,3322.51548331801,89.99408913382499,21.80140948635181,30.9
2021-12-21,47.4,64.6,35.8,19.6,4.4,1.4,5.4,11.7,31.4333333,119.4833333,8.0,39.309562501028765,9.951787974943992,18.811822982212142,-0.1712931441814778,0.9953031849963362,31.4333333,988.054442348889,0.9990480724184196,2.1972245773362196,-2675.457822111319,4732.066916815046,3322.51548331801,89.99408913382499,21.80140948635181,34.5
2021-12-22,46.5,64.6,34.5,21.8,1.8,1.0,4.5,-116.48352637457742,31.4333333,119.4833333,8.0,38.565886795994246,9.952486915095289,18.817991120922624,-0.154308820664281,0.9953031849963362,31.4333333,988.054442348889,0.9990480724184196,2.1972245773362196,-2675.457822111319,4732.066916815046,3322.51548331801,89.99408913382499,21.80140948635181,36.2
2021-12-23,51.3,63.1,36.3,18.8,6.3,4.2,8.2,18.6,31.4333333,119.4833333,8.0,42.552847285021215,9.953882405852916,18.82845375611212,-0.13727877211326517,0.9953031849963362,31.4333333,988.054442348889,0.9990480724184196,2.1972245773362196,-2675.457822111319,4732.066916815046,3322.51548331801,89.99408913382499,21.80140948635181,44.8
2021-12-24,42.9,60.1,33.8,28.4,7.5,6.3,9.1,25.3,31.4333333,119.4833333,8.0,35.59260522751446,9.955973490213836,18.84320841399938,-0.12020804489935275,0.9953031849963362,31.4333333,988.054442348889,0.9990480724184196,2.1972245773362196,-2675.457822111319,4732.066916815046,3322.51548331801,89.99408913382499,21.80140948635181,37.0
2021-12-25,31.5,52.0,26.2,39.9,15.1,3.1,5.6,22.9,31.4333333,119.4833333,8.0,26.14174168241673,9.958758736158755,18.862250993912962,-0.10310169744743544,0.9953031849963362,31.4333333,988.054442348889,0.9990480724184196,2.1972245773362196,-2675.457822111319,4732.066916815046,3322.51548331801,89.99408913382499,21.80140948635181,18.7
2021-12-26,29.7,35.6,25.3,40.7,15.3,2.6,5.2,14.4,31.4333333,119.4833333,8.0,24.65653469407413,9.96223624002995,18.885575764246024,-0.0859647987374467,0.9953031849963362,31.4333333,988.054442348889,0.9990480724184196,2.1972245773362196,-2675.457822111319,4732.066916815046,3322.51548331801,89.99408913382499,21.80140948635181,6.0
2021-12-27,30.8,40.1,24.1,35.0,11.4,1.7,4.3,10.1,31.4333333,119.4833333,8.0,25.580435986255658,9.966403631008697,18.91317535772493,-0.06880242680232064,0.9953031849963362,31.4333333,988.054442348889,0.9990480724184196,2.1972245773362196,-2675.457822111319,4732.066916815046,3322.51548331801,89.99408913382499,21.80140948635181,9.5
2021-12-28,37.2,46.9,24.1,27.6,6.3,1.9,4.5,9.7,31.4333333,119.4833333,8.0,30.91090003767965,9.971258076670853,18.945040766028807,-0.05161966722325418,0.9953031849963362,31.4333333,988.054442348889,0.9990480724184196,2.1972245773362196,-2675.457822111319,4732.066916815046,3322.51548331801,89.99408913382499,21.80140948635181,20.7
2021-12-29,41.9,51.6,28.8,28.7,6.4,4.3,8.7,20.8,31.4333333,119.4833333,8.0,34.83564704449954,9.97679628959414,18.981161333805332,-0.034421611622745804,0.9953031849963362,31.4333333,988.054442348889,0.9990480724184196,2.1972245773362196,-2675.457822111319,4732.066916815046,3322.51548331801,89.99408913382499,21.80140948635181,22.4
2021-12-30,37.5,51.8,26.4,31.9,5.8,2.1,4.7,10.5,31.4333333,119.4833333,8.0,31.1969204218306,9.983014534985791,19.02152475213679,-0.01721335615583528,0.9953031849963362,31.4333333,988.054442348889,0.9990480724184196,2.1972245773362196,-2675.457822111319,4732.066916815046,3322.51548331801,89.99408913382499,21.80140948635181,18.6
2021-12-31,42.2,51.8,25.7,31.4,6.8,3.4,6.6,15.7,31.4333333,119.4833333,8.0,35.13117871485305,9.989908639294706,19.066117051517583,6.432490598706546e-16,0.9953031849963362,31.4333333,988.054442348889,0.9990480724184196,2.1972245773362196,-2675.457822111319,4732.066916815046,3322.51548331801,89.99408913382499,21.80140948635181,25.2
2022-01-01,39.5,51.8,27.9,27.5,4.4,1.1,2.9,11.8,31.4333333,119.4833333,8.0,32.908351915902486,9.997473999767843,19.114922594412665,0.017213356155834685,0.9953031849963362,31.4333333,988.054442348889,0.9990480724184196,2.1972245773362196,-2675.457822111319,4732.066916815046,3322.51548331801,89.99408913382499,21.80140948635181,31.1
2022-01-02,40.3,53.1,27.9,27.5,2.0,1.5,3.1,10.1,31.4333333,119.4833333,8.0,33.60249462289488,10.005705594906665,19.167924067472754,0.03442161162274574,0.9953031849963362,31.4333333,988.054442348889,0.9990480724184196,2.1972245773362196,-2675.457822111319,4732.066916815046,3322.51548331801,89.99408913382499,21.80140948635181,31.4
2022-01-03,42.5,58.1,29.5,24.8,1.1,1.1,2.1,163.00866011722806,31.4333333,119.4833333,8.0,35.46836790170547,10.014597995775663,19.225102473489407,0.051619667223253764,0.9953031849963362,31.4333333,988.054442348889,0.9990480724184196,2.1972245773362196,-2675.457822111319,4732.066916815046,3322.51548331801,89.99408913382499,21.80140948635181,34.3
2022-01-04,47.4,58.1,34.2,22.8,1.5,4.8,6.6,15.7,31.4333333,119.4833333,8.0,39.59537424354136,10.024145378111736,19.28643712317854,0.06880242680231986,0.9953031849963362,31.4333333,988.054442348889,0.9990480724184196,2.1972245773362196,-2675.457822111319,4732.066916815046,3322.51548331801,89.99408913382499,21.80140948635181,42.4
2022-01-05,42.4,53.2,39.7,25.2,3.1,4.7,8.9,17.9,31.4333333,119.4833333,8.0,35.45467342430329,10.034341535180177,19.351905626887298,0.08596479873744647,0.9953031849963362,31.4333333,988.054442348889,0.9990480724184196,2.1972245773362196,-2675.457822111319,4732.066916815046,3322.51548331801,89.99408913382499,21.80140948635181,41.0
2022-01-06,41.0,47.7,34.2,31.5,5.4,3.7,5.6,13.8,31.4333333,119.4833333,8.0,34.32103129534487,10.045179891320451,19.42148388632337,0.10310169744743485,0.9953031849963362,31.4333333,988.054442348889,0.9990480724184196,2.1972245773362196,-2675.457822111319,4732.066916815046,3322.51548331801,89.99408913382499,21.80140948635181,34.0
2022-01-07,42.6,47.7,32.9,29.3,4.2,1.1,2.3,-30.890967283164816,31.4333333,119.4833333,8.0,35.701119982235916,10.056653516122793,19.495146086411168,0.1202080448993527,0.9953031849963362,31.4333333,988.054442348889,0.9990480724184196,2.1972245773362196,-2675.457822111319,4732.066916815046,3322.51548331801,89.99408913382499,21.80140948635181,34.3
2022-01-08,43.9,47.5,35.4,25.5,3.4,1.9,3.3,104.52652181816738,31.4333333,119.4833333,8.0,36.83486255081448,10.068755139174801,19.572864687382257,0.13727877211326478,0.9953031849963362,31.4333333,988.054442348889,0.9990480724184196,2.1972245773362196,-2675.457822111319,4732.066916815046,3322.51548331801,89.99408913382499,21.80140948635181,37.0
2022-01-09,42.5,47.5,39.0,23.4,1.4,0.9,1.7,183.55237596876782,31.4333333,119.4833333,8.0,35.70523162716055,10.08147716531592,19.65461041721133,0.15430882066428117,0.9953031849963362,31.4333333,988.054442348889,0.9990480724184196,2.1972245773362196,-2675.457822111319,4732.066916815046,3322.51548331801,89.99408913382499,21.80140948635181,38.5
2022-01-10,42.3,45.0,39.0,24.2,1.0,2.3,3.9,27.539271770405318,31.4333333,119.4833333,8.0,35.5842112084366,10.094811690336625,19.74035226451114,0.1712931441814776,0.9953031849963362,31.4333333,988.054442348889,0.9990480724184196,2.1972245773362196,-2675.457822111319,4732.066916815046,3322.51548331801,89.99408913382499,21.80140948635181,38.2
2022-01-11,37.9,46.0,28.0,28.0,6.9,1.7,3.5,14.0,31.4333333,119.4833333,8.0,31.926803716376867,10.108750517058638,19.830057472001915,0.1882267098432442,0.9953031849963362,31.4333333,988.054442348889,0.9990480724184196,2.1972245773362196,-2675.457822111319,4732.066916815046,3322.51548331801,89.99408913382499,21.80140948635181,23.6
2022-01-12,39.6,51.3,27.1,24.3,3.3,2.5,4.9,12.6,31.4333333,119.4833333,8.0,33.40684106671635,10.123285171732228,19.923691530671945,0.2051044998686192,0.9953031849963362,31.4333333,988.054442348889,0.9990480724184196,2.1972245773362196,-2675.457822111319,4732.066916815046,3322.51548331801,89.99408913382499,21.80140948635181,29.3
2022-01-13,33.7,51.3,24.6,29.4,5.7,2.1,4.1,12.6,31.4333333,119.4833333,8.0,28.472026102262497,10.138406920686942,20.02121817474682,0.2219215130041655,0.9953031849963362,31.4333333,988.054442348889,0.9990480724184196,2.1972245773362196,-2675.457822111319,4732.066916815046,3322.51548331801,89.99408913382499,21.80140948635181,21.0
2022-01-14,37.5,42.8,24.6,24.2,3.5,2.4,5.2,14.8,31.4333333,119.4833333,8.0,31.731583709914226,10.154106787172552,20.12259937758446,0.2386727660059501,0.9953031849963362,31.4333333,988.054442348889,0.9990480724184196,2.1972245773362196,-2675.457822111319,4732.066916815046,3322.51548331801,89.99408913382499,21.80140948635181,29.1
2022-01-15,43.7,52.9,26.4,24.5,2.4,1.6,3.3,9.9,31.4333333,119.4833333,8.0,37.03711769466116,10.170375568328007,20.227795348612812,0.255353295116187,0.9953031849963362,31.4333333,988.054442348889,0.9990480724184196,2.1972245773362196,-2675.457822111319,4732.066916815046,3322.51548331801,89.99408913382499,21.80140948635181,35.0
2022-01-16,45.3,52.9,38.7,27.5,1.6,3.8,5.8,12.2,31.4333333,119.4833333,8.0,38.45669454212039,10.187203852217323,20.33676453142545,0.2719581575341055,0.9953031849963362,31.4333333,988.054442348889,0.9990480724184196,2.1972245773362196,-2675.457822111319,4732.066916815046,3322.51548331801,89.99408913382499,21.80140948635181,36.3
2022-01-17,44.6,52.5,37.2,28.0,2.6,2.4,3.7,9.7,31.4333333,119.4833333,8.0,37.927029896277745,10.204582034872935,20.449463603148697,0.288482432880609,0.9953031849963362,31.4333333,988.054442348889,0.9990480724184196,2.1972245773362196,-2675.457822111319,4732.066916815046,3322.51548331801,89.99408913382499,21.80140948635181,38.8
2022-01-18,42.5,54.3,34.9,24.5,2.4,2.3,5.1,12.6,31.4333333,119.4833333,8.0,36.20468869456445,10.222500337288787,20.565847475191177,0.30492122465628907,0.9953031849963362,31.4333333,988.054442348889,0.9990480724184196,2.1972245773362196,-2675.457822111319,4732.066916815046,3322.51548331801,89.99408913382499,21.80140948635181,36.6
2022-01-19,45.9,55.0,33.8,25.1,2.1,2.8,5.1,11.5,31.4333333,119.4833333,8.0,39.171629245326365,10.240948822307546,20.68586929548391,0.3212696616923644,0.9953031849963362,31.4333333,988.054442348889,0.9990480724184196,2.1972245773362196,-2675.457822111319,4732.066916815046,3322.51548331801,89.99408913382499,21.80140948635181,38.2
2022-01-20,42.1,55.0,36.7,28.1,5.8,5.2,8.0,15.5,31.4333333,119.4833333,8.0,35.99521025148126,10.259917411348578,20.809480452315213,0.3375228995941133,0.9953031849963362,31.4333333,988.054442348889,0.9990480724184196,2.1972245773362196,-2675.457822111319,4732.066916815046,3322.51548331801,89.99408913382499,21.80140948635181,32.5
2022-01-21,44.1,47.1,38.1,24.3,8.1,6.4,8.9,17.9,31.4333333,119.4833333,8.0,37.7767799359025,10.27939590092585,20.936630579860907,0.3536761221763716,0.9953031849963362,31.4333333,988.054442348889,0.9990480724184196,2.1972245773362196,-2675.457822111319,4732.066916815046,3322.51548331801,89.99408913382499,21.80140948635181,35.7
2022-01-22,47.0,48.4,39.7,18.2,1.5,4.0,5.4,14.4,31.4333333,119.4833333,8.0,40.33921475072117,10.299373978907534,21.067267565505308,0.3697245428906731,0.9953031849963362,31.4333333,988.054442348889,0.9990480724184196,2.1972245773362196,-2675.457822111319,4732.066916815046,3322.51548331801,89.99408913382499,21.80140948635181,45.6
2022-01-23,45.2,48.4,41.4,19.7,2.8,4.9,5.8,14.8,31.4333333,119.4833333,8.0,38.871402005777746,10.319841240471966,21.201337559043903,0.38566340624360707,0.9953031849963362,31.4333333,988.054442348889,0.9990480724184196,2.1972245773362196,-2675.457822111319,4732.066916815046,3322.51548331801,89.99408913382499,21.80140948635181,44.2
2022-01-24,41.3,47.3,39.7,23.3,1.2,3.6,4.7,15.9,31.4333333,119.4833333,8.0,35.58954262612776,10.34078720371751,21.338784983852815,0.401487989205973,0.9953031849963362,31.4333333,988.054442348889,0.9990480724184196,2.1972245773362196,-2675.457822111319,4732.066916815046,3322.51548331801,89.99408913382499,21.80140948635181,38.1
2022-01-25,41.7,44.1,39.7,23.9,1.1,2.4,4.1,11.3,31.4333333,119.4833333,8.0,36.00864960398179,10.362201324886845,21.47955255010442,0.4171936026123168,0.9953031849963362,31.4333333,988.054442348889,0.9990480724184196,2.1972245773362196,-2675.457822111319,4732.066916815046,3322.51548331801,89.99408913382499,21.80140948635181,37.7
2022-01-26,41.0,43.7,38.8,24.0,1.5,5.1,8.9,17.3,31.4333333,119.4833333,8.0,35.478916128328876,10.384073013169427,21.62358127010227,0.4327755925504312,0.9953031849963362,31.4333333,988.054442348889,0.9990480724184196,2.1972245773362196,-2675.457822111319,4732.066916815046,3322.51548331801,89.99408913382499,21.80140948635181,39.0
2022-01-27,39.5,42.6,36.5,27.4,3.1,3.9,6.2,15.7,31.4333333,119.4833333,8.0,34.25437249828571,10.406391645048824,21.77081047580194,0.4482293417404106,0.9953031849963362,31.4333333,988.054442348889,0.9990480724184196,2.1972245773362196,-2675.457822111319,4732.066916815046,3322.51548331801,89.99408913382499,21.80140948635181,37.6
2022-01-28,36.4,41.9,32.9,27.2,4.5,2.8,5.8,14.4,31.4333333,119.4833333,8.0,31.635077953766963,10.429146578164934,21.921177838577513,0.4635502709028509,0.9953031849963362,31.4333333,988.054442348889,0.9990480724184196,2.1972245773362196,-2675.457822111319,4732.066916815046,3322.51548331801,89.99408913382499,21.80140948635181,32.8
2022-01-29,35.2,41.2,32.9,24.8,3.4,2.0,3.7,11.1,31.4333333,119.4833333,8.0,30.66015968301484,10.45232716466415,22.074619391286284,0.47873384011578846,0.9953031849963362,31.4333333,988.054442348889,0.9990480724184196,2.1972245773362196,-2675.457822111319,4732.066916815046,3322.51548331801,89.99408913382499,21.80140948635181,31.8
2022-01-30,36.4,45.1,28.6,27.0,3.1,2.4,4.9,11.3,31.4333333,119.4833333,8.0,31.776965717508098,10.475922764013658,22.231069552677234,0.49377555015997715,0.9953031849963362,31.4333333,988.054442348889,0.9990480724184196,2.1972245773362196,-2675.457822111319,4732.066916815046,3322.51548331801,89.99408913382499,21.80140948635181,28.4
2022-01-31,39.5,45.7,28.4,27.4,2.0,1.0,2.3,10.3,31.4333333,119.4833333,8.0,34.56224573606152,10.499922755259195,22.390461154180702,0.5086709438521044,0.9953031849963362,31.4333333,988.054442348889,0.9990480724184196,2.1972245773362196,-2675.457822111319,4732.066916815046,3322.51548331801,89.99408913382499,21.80140948635181,31.4
2022-02-01,40.4,45.7,32.2,30.0,7.4,3.5,4.7,11.5,31.4333333,119.4833333,8.0,35.43186571398536,10.524316548708523,22.55272546910983,0.5234156073655503,0.9953031849963362,31.4333333,988.054442348889,0.9990480724184196,2.1972245773362196,-2675.457822111319,4732.066916815046,3322.51548331801,89.99408913382499,21.80140948635181,25.5
2022-02-02,35.6,44.4,34.2,29.2,2.4,3.2,4.9,11.5,31.4333333,119.4833333,8.0,31.29564433784346,10.549093597025884,22.71779224429566,0.5380051715382996,0.9953031849963362,31.4333333,988.054442348889,0.9990480724184196,2.1972245773362196,-2675.457822111319,4732.066916815046,3322.51548331801,89.99408913382499,21.80140948635181,33.4
2022-02-03,37.2,40.3,34.5,27.6,3.1,2.3,4.3,10.3,31.4333333,119.4833333,8.0,32.78015455774901,10.574243405725484,22.885589734170672,0.5524353131676196,0.9953031849963362,31.4333333,988.054442348889,0.9990480724184196,2.1972245773362196,-2675.457822111319,4732.066916815046,3322.51548331801,89.99408913382499,21.80140948635181,35.1
2022-02-04,39.6,47.1,31.5,29.5,4.3,2.0,4.7,10.1,31.4333333,119.4833333,8.0,34.97919329208105,10.599755543054863,23.056044737306934,0.5667017562911176,0.9953031849963362,31.4333333,988.054442348889,0.9990480724184196,2.1972245773362196,-2675.457822111319,4732.066916815046,3322.51548331801,89.99408913382499,21.80140948635181,33.4
2022-02-05,38.1,47.1,31.5,33.0,13.2,3.6,6.2,11.8,31.4333333,119.4833333,8.0,33.73634238640539,10.62561964926154,23.229082635407448,0.5808002734538009,0.9953031849963362,31.4333333,988.054442348889,0.9990480724184196,2.1972245773362196,-2675.457822111319,4732.066916815046,3322.51548331801,89.99408913382499,21.80140948635181,21.6
2022-02-06,36.9,43.3,30.0,28.7,9.4,4.2,7.4,17.7,31.4333333,119.4833333,8.0,32.75436324410971,10.65182544523893,23.404627434741133,0.5947266869607634,0.9953031849963362,31.4333333,988.054442348889,0.9990480724184196,2.1972245773362196,-2675.457822111319,4732.066916815046,3322.51548331801,89.99408913382499,21.80140948635181,28.7
2022-02-07,33.2,41.2,32.4,25.8,1.3,2.8,4.5,17.7,31.4333333,119.4833333,8.0,29.543470248854465,10.678362740549806,23.58260181000388,0.6084768701151261,0.9953031849963362,31.4333333,988.054442348889,0.9990480724184196,2.1972245773362196,-2675.457822111319,4732.066916815046,3322.51548331801,89.99408913382499,21.80140948635181,32.6
2022-02-08,37.4,41.5,32.5,28.3,1.5,0.9,2.1,-114.09110844006383,31.4333333,119.4833333,8.0,33.364606823913455,10.705221440827847,23.76292715058011,0.6220467484408675,0.9953031849963362,31.4333333,988.054442348889,0.9990480724184196,2.1972245773362196,-2675.457822111319,4732.066916815046,3322.51548331801,89.99408913382499,21.80140948635181,35.8
2022-02-09,38.5,41.5,34.5,25.0,3.1,1.9,4.1,-81.71837065091051,31.4333333,119.4833333,8.0,34.433089570879815,10.732391554559943,23.945523609171676,0.6354323008901774,0.9953031849963362,31.4333333,988.054442348889,0.9990480724184196,2.1972245773362196,-2675.457822111319,4732.066916815046,3322.51548331801,89.99408913382499,21.80140948635181,36.1
2022-02-10,41.1,44.6,37.0,24.3,2.8,2.7,6.0,13.0,31.4333333,119.4833333,8.0,36.852531457444194,10.759863199253779,24.1303101527528,0.6486295610349814,0.9953031849963362,31.4333333,988.054442348889,0.9990480724184196,2.1972245773362196,-2675.457822111319,4732.066916815046,3322.51548331801,89.99408913382499,21.80140948635181,36.1
2022-02-11,41.2,44.4,38.5,23.3,1.0,4.1,5.6,14.0,31.4333333,119.4833333,8.0,37.03751801735679,10.787626606997122,24.317204615802442,0.6616346182422783,0.9953031849963362,31.4333333,988.054442348889,0.9990480724184196,2.1972245773362196,-2675.457822111319,4732.066916815046,3322.51548331801,89.99408913382499,21.80140948635181,39.9
2022-02-12,43.5,46.6,40.1,22.3,2.5,0.8,3.9,14.0,31.4333333,119.4833333,8.0,39.20681146913589,10.815672129416798,24.50612375575781,0.6744436188329455,0.9953031849963362,31.4333333,988.054442348889,0.9990480724184196,2.1972245773362196,-2675.457822111319,4732.066916815046,3322.51548331801,89.99408913382499,21.80140948635181,39.4
2022-02-13,40.7,46.6,31.1,22.3,1.3,0.8,2.7,5.3116822577023,31.4333333,119.4833333,8.0,36.77920023760922,10.843990242046942,24.696983310625466,0.6870527672236669,0.9953031849963362,31.4333333,988.054442348889,0.9990480724184196,2.1972245773362196,-2675.457822111319,4732.066916815046,3322.51548331801,89.99408913382499,21.80140948635181,37.0
2022-02-14,43.7,51.4,30.6,24.6,2.0,1.7,3.1,-6.835673094726566,31.4333333,119.4833333,8.0,39.59428138772745,10.872571548117376,24.889698058679336,0.699458327051647,0.9953031849963362,31.4333333,988.054442348889,0.9990480724184196,2.1972245773362196,-2675.457822111319,4732.066916815046,3322.51548331801,89.99408913382499,21.80140948635181,36.8
2022-02-15,40.8,51.4,34.2,24.6,2.7,4.0,4.9,10.9,31.4333333,119.4833333,8.0,37.0647830580326,10.901406781774295,25.08418188016797,0.7116566222817746,0.9953031849963362,31.4333333,988.054442348889,0.9990480724184196,2.1972245773362196,-2675.457822111319,4732.066916815046,3322.51548331801,89.99408913382499,21.80140948635181,36.1
2022-02-16,42.2,48.0,36.7,25.3,4.3,6.1,9.7,13.4,31.4333333,119.4833333,8.0,38.43887861779158,10.93048681074642,25.280347820946893,0.7236440382959124,0.9953031849963362,31.4333333,988.054442348889,0.9990480724184196,2.1972245773362196,-2675.457822111319,4732.066916815046,3322.51548331801,89.99408913382499,21.80140948635181,33.4
2022-02-17,36.3,48.0,34.0,27.2,6.5,7.3,9.7,39.195138347070746,31.4333333,119.4833333,8.0,33.15340298137432,10.95980263847085,25.478108157945055,0.7354170229639855,0.9953031849963362,31.4333333,988.054442348889,0.9990480724184196,2.1972245773362196,-2675.457822111319,4732.066916815046,3322.51548331801,89.99408913382499,21.80140948635181,30.1
2022-02-18,38.4,42.3,34.0,26.4,4.7,4.4,5.8,3.7326721314910127,31.4333333,119.4833333,8.0,35.165905298219386,10.989345405693559,25.67737446636872,0.7469720876965552,0.9953031849963362,31.4333333,988.054442348889,0.9990480724184196,2.1972245773362196,-2675.457822111319,4732.066916815046,3322.51548331801,89.99408913382499,21.80140948635181,35.5
2022-02-19,36.6,42.3,27.5,31.4,5.7,2.2,3.9,110.86745019748092,31.4333333,119.4833333,8.0,33.60827449425894,11.019106391560308,25.87805768853963,0.7583058084785624,0.9953031849963362,31.4333333,988.054442348889,0.9990480724184196,2.1972245773362196,-2675.457822111319,4732.066916815046,3322.51548331801,89.99408913382499,21.80140948635181,25.2
2022-02-20,34.7,42.8,27.1,32.8,11.3,3.2,5.8,20.277224791133776,31.4333333,119.4833333,8.0,31.950247699436083,11.049077014214207,26.08006820425933,0.7694148268839378,0.9953031849963362,31.4333333,988.054442348889,0.9990480724184196,2.1972245773362196,-2675.457822111319,4732.066916815046,3322.51548331801,89.99408913382499,21.80140948635181,16.3
2022-02-21,37.3,46.9,26.4,31.7,8.2,46.910274300655956,-54.60257290502078,-26.308384299796998,31.4333333,119.4833333,8.0,34.43799844943302,11.07924883091679,26.28331590258564,0.7802958510707755,0.9953031849963362,31.4333333,988.054442348889,0.9990480724184196,2.1972245773362196,-2675.457822111319,4732.066916815046,3322.51548331801,89.99408913382499,21.80140948635181,19.8
2022-02-22,41.1,48.0,28.9,33.3,3.7,2.3,3.9,94.19556559758871,31.4333333,119.4833333,8.0,38.050426366655714,11.109613537709699,26.48771025490265,0.7909456567567772,0.9953031849963362,31.4333333,988.054442348889,0.9990480724184196,2.1972245773362196,-2675.457822111319,4732.066916815046,3322.51548331801,89.99408913382499,21.80140948635181,28.0
2022-02-23,38.4,48.4,29.7,34.3,3.9,2.7,5.8,-55.97290948674229,31.4333333,119.4833333,8.0,35.6485214996304,11.1401629686345,26.693160389160766,0.8013610881746766,0.9953031849963362,31.4333333,988.054442348889,0.9990480724184196,2.1972245773362196,-2675.457822111319,4732.066916815046,3322.51548331801,89.99408913382499,21.80140948635181,28.8
2022-02-24,39.0,50.5,28.8,31.6,6.8,-8.714178152154542,-16.95400053369419,-67.87333038107498,31.4333333,119.4833333,8.0,36.30538955721678,11.170889094528238,26.89957516515926,0.8115390590073611,0.9953031849963362,31.4333333,988.054442348889,0.9990480724184196,2.1972245773362196,-2675.457822111319,4732.066916815046,3322.51548331801,89.99408913382499,21.80140948635181,24.1
2022-02-25,43.5,55.9,29.8,25.4,6.7,3.9,5.8,-68.50304047052919,31.4333333,119.4833333,8.0,40.60646707762043,11.201784021412532,27.106863250739565,0.8214765533024142,0.9953031849963362,31.4333333,988.054442348889,0.9990480724184196,2.1972245773362196,-2675.457822111319,4732.066916815046,3322.51548331801,89.99408913382499,21.80140948635181,29.2
2022-02-26,49.6,63.1,33.4,23.0,4.7,4.2,7.8,-55.47125816682235,31.4333333,119.4833333,8.0,46.429071952441845,11.232839988493994,27.314933198754147,0.8311706263658079,0.9953031849963362,31.4333333,988.054442348889,0.9990480724184196,2.1972245773362196,-2675.457822111319,4732.066916815046,3322.51548331801,89.99408913382499,21.80140948635181,34.2
2022-02-27,51.3,63.1,35.4,20.5,3.5,4.6,7.8,18.356827726509643,31.4333333,119.4833333,8.0,48.15381103876861,11.264049365793827,27.523693524672577,0.8406184056344782,0.9953031849963362,31.4333333,988.054442348889,0.9990480724184196,2.1972245773362196,-2675.457822111319,4732.066916815046,3322.51548331801,89.99408913382499,21.80140948635181,37.6
2022-02-28,61.5,73.2,43.7,15.5,3.7,3.1,5.8,-17.69781627097624,31.4333333,119.4833333,8.0,57.88894883854911,11.295404651424217,27.733052784683462,0.8498170915275278,0.9953031849963362,31.4333333,988.054442348889,0.9990480724184196,2.1972245773362196,-2675.457822111319,4732.066916815046,3322.51548331801,89.99408913382499,21.80140948635181,48.6
2022-03-01,53.4,73.2,41.2,21.0,2.1,4.7,7.8,4.934792559036245,31.4333333,119.4833333,8.0,50.40469818495493,11.326898468529198,27.94291965414869,0.8587639582758029,0.9953031849963362,31.4333333,988.054442348889,0.9990480724184196,2.1972245773362196,-2675.457822111319,4732.066916815046,3322.51548331801,89.99408913382499,21.80140948635181,43.8
2022-03-02,51.6,65.7,39.9,20.0,2.8,2.7,3.9,151.68913384426293,31.4333333,119.4833333,8.0,48.841651316201315,11.358523561907282,28.15320300626425,0.8674563547295969,0.9953031849963362,31.4333333,988.054442348889,0.9990480724184196,2.1972245773362196,-2675.457822111319,4732.066916815046,3322.51548331801,89.99408913382499,21.80140948635181,36.8
2022-03-03,59.0,69.8,44.2,15.6,3.2,3.2,3.9,-56.19771518910762,31.4333333,119.4833333,8.0,56.00217457213765,11.39027279433308,28.36381199078028,0.8758917051442429,0.9953031849963362,31.4333333,988.054442348889,0.9990480724184196,2.1972245773362196,-2675.457822111319,4732.066916815046,3322.51548331801,89.99408913382499,21.80140948635181,43.9
2022-03-04,61.7,71.6,49.1,14.6,5.2,4.1,5.8,14.0,31.4333333,119.4833333,8.0,58.7288320915083,11.422139142594807,28.574656112631693,0.8840675099433636,0.9953031849963362,31.4333333,988.054442348889,0.9990480724184196,2.1972245773362196,-2675.457822111319,4732.066916815046,3322.51548331801,89.99408913382499,21.80140948635181,47.9
2022-03-05,53.5,71.6,46.6,21.1,11.7,6.1,7.8,26.332777753352957,31.4333333,119.4833333,8.0,51.0662657991365,11.454115693264262,28.78564531033021,0.8919813464595485,0.9953031849963362,31.4333333,988.054442348889,0.9990480724184196,2.1972245773362196,-2675.457822111319,4732.066916815046,3322.51548331801,89.99408913382499,21.80140948635181,29.1
2022-03-06,48.4,63.7,43.2,22.4,14.2,4.9,9.7,-63.750288876867955,31.4333333,119.4833333,8.0,46.327655740803124,11.486195638215651,28.99669003396775,0.8996308696522433,0.9953031849963362,31.4333333,988.054442348889,0.9990480724184196,2.1972245773362196,-2675.457822111319,4732.066916815046,3322.51548331801,89.99408913382499,21.80140948635181,32.1
2022-03-07,50.3,61.5,42.3,21.0,10.0,2.7,3.9,-19.073359846923832,31.4333333,119.4833333,8.0,48.28117709803609,11.518372269909207,29.207701322681626,0.9070138128026359,0.9953031849963362,31.4333333,988.054442348889,0.9990480724184196,2.1972245773362196,-2675.457822111319,4732.066916815046,3322.51548331801,89.99408913382499,21.80140948635181,38.6
2022-03-08,56.0,71.6,41.4,17.5,9.8,3.6,5.8,19.37008611022313,31.4333333,119.4833333,8.0,53.90298189012446,11.550638976455241,29.418590881431914,0.9141279881853337,0.9953031849963362,31.4333333,988.054442348889,0.9990480724184196,2.1972245773362196,-2675.457822111319,4732.066916815046,3322.51548331801,89.99408913382499,21.80140948635181,41.1
2022-03-09,58.6,71.6,45.3,17.1,5.2,4.4,9.7,126.8862006629957,31.4333333,119.4833333,8.0,56.563597438114705,11.582989236474,29.629271156942668,0.9209712877166346,0.9953031849963362,31.4333333,988.054442348889,0.9990480724184196,2.1972245773362196,-2675.457822111319,4732.066916815046,3322.51548331801,89.99408913382499,21.80140948635181,44.9
2022-03-10,61.9,78.3,48.4,13.2,5.5,1.9,1.9,-9.220993505795631,31.4333333,119.4833333,8.0,59.91619069934411,11.615416613766225,29.839655412659397,0.9275416835791966,0.9953031849963362,31.4333333,988.054442348889,0.9990480724184196,2.1972245773362196,-2675.457822111319,4732.066916815046,3322.51548331801,89.99408913382499,21.80140948635181,50.6
2022-03-11,67.6,81.5,51.6,13.4,7.6,2.8,3.9,-89.13631849917542,31.4333333,119.4833333,8.0,65.61658643519111,11.647914751809074,30.049657802577396,0.9338372288229252,0.9953031849963362,31.4333333,988.054442348889,0.9990480724184196,2.1972245773362196,-2675.457822111319,4732.066916815046,3322.51548331801,89.99408913382499,21.80140948635181,51.1
2022-03-12,70.3,82.2,55.8,9.1,5.9,3.9,3.9,-7.297441988817184,31.4333333,119.4833333,8.0,68.4281299147372,11.6804773680917,30.259193443796992,0.9398560579418954,0.9953031849963362,31.4333333,988.054442348889,0.9990480724184196,2.1972245773362196,-2675.457822111319,4732.066916815046,3322.51548331801,89.99408913382499,21.80140948635181,58.5
2022-03-13,70.7,82.2,61.9,10.1,3.1,2.9,3.9,-58.22915704194766,31.4333333,119.4833333,8.0,69.00967051292677,11.713098248304403,30.468178487664574,0.9455963874271426,0.9953031849963362,31.4333333,988.054442348889,0.9990480724184196,2.1972245773362196,-2675.457822111319,4732.066916815046,3322.51548331801,89.99408913382499,21.80140948635181,62.2
2022-03-14,63.8,81.3,51.4,14.3,6.2,4.6,7.8,-31.120233789796096,31.4333333,119.4833333,8.0,62.44835042810037,11.745771240395054,30.67653018936104,0.9510565162951535,0.9953031849963362,31.4333333,988.054442348889,0.9990480724184196,2.1972245773362196,-2675.457822111319,4732.066916815046,3322.51548331801,89.99408913382499,21.80140948635181,50.6
2022-03-15,63.3,79.9,50.5,11.1,4.4,3.6,5.8,34.741804145914855,31.4333333,119.4833333,8.0,62.1315360608696,11.778490248506087,30.884166975802355,0.9562348265919056,0.9953031849963362,31.4333333,988.054442348889,0.9990480724184196,2.1972245773362196,-2675.457822111319,4732.066916815046,3322.51548331801,89.99408913382499,21.80140948635181,53.3
2022-03-16,67.2,81.7,53.6,8.8,2.5,5.3,9.7,-79.62695361922479,31.4333333,119.4833333,8.0,66.14299567010897,11.811249226805174,31.091008511720602,0.9611297838723007,0.9953031849963362,31.4333333,988.054442348889,0.9990480724184196,2.1972245773362196,-2675.457822111319,4732.066916815046,3322.51548331801,89.99408913382499,21.80140948635181,59.4
2022-03-17,47.8,53.6,42.8,12.8,4.7,5.1,9.7,13.799747638040635,31.4333333,119.4833333,8.0,47.17876799000246,11.844042173222375,31.296975763797754,0.9657399376548549,0.9953031849963362,31.4333333,988.054442348889,0.9990480724184196,2.1972245773362196,-2675.457822111319,4732.066916815046,3322.51548331801,89.99408913382499,21.80140948635181,46.1
2022-03-18,48.7,53.6,42.4,12.9,3.6,2.4,3.9,29.43764086123722,31.4333333,119.4833333,8.0,48.20026950793986,11.87686312310633,31.501991062728777,0.9700639218515071,0.9953031849963362,31.4333333,988.054442348889,0.9990480724184196,2.1972245773362196,-2675.457822111319,4732.066916815046,3322.51548331801,89.99408913382499,21.80140948635181,44.2
2022-03-19,49.3,57.2,42.8,16.6,2.9,4.4,5.8,1.1051802225407794,31.4333333,119.4833333,8.0,48.92904273671891,11.909706142811906,31.705978163095274,0.9741004551724205,0.9953031849963362,31.4333333,988.054442348889,0.9990480724184196,2.1972245773362196,-2675.457822111319,4732.066916815046,3322.51548331801,89.99408913382499,21.80140948635181,42.9
2022-03-20,43.7,57.2,42.4,19.6,2.0,5.3,6.8,15.7,31.4333333,119.4833333,8.0,43.49084205210119,11.942565323231449,31.90886230093562,0.9778483415056568,0.9953031849963362,31.4333333,988.054442348889,0.9990480724184196,2.1972245773362196,-2675.457822111319,4732.066916815046,3322.51548331801,89.99408913382499,21.80140948635181,43.2
2022-03-21,44.1,46.8,42.6,20.7,2.7,5.8,9.7,-118.16112598261581,31.4333333,119.4833333,8.0,44.00972279181034,11.975434773281725,32.110570248903265,0.9813064702716093,0.9953031849963362,31.4333333,988.054442348889,0.9990480724184196,2.1972245773362196,-2675.457822111319,4732.066916815046,3322.51548331801,89.99408913382499,21.80140948635181,43.6
2022-03-22,46.4,50.0,42.6,23.2,5.8,1.9,3.9,156.4671991581363,31.4333333,119.4833333,8.0,46.43212663831937,12.008308613358457,32.31103036890977,0.9844738167520922,0.9953031849963362,31.4333333,988.054442348889,0.9990480724184196,2.1972245773362196,-2675.457822111319,4732.066916815046,3322.51548331801,89.99408913382499,21.80140948635181,42.0
2022-03-23,48.6,57.6,40.8,18.8,3.3,1.2,3.9,-11.48865555479386,31.4333333,119.4833333,8.0,48.76678292351963,12.041180968770277,32.51017266215576,0.9873494423939864,0.9953031849963362,31.4333333,988.054442348889,0.9990480724184196,2.1972245773362196,-2675.457822111319,4732.066916815046,3322.51548331801,89.99408913382499,21.80140948635181,40.8
2022-03-24,58.3,67.3,40.5,11.6,5.3,4.2,7.8,66.83624730476242,31.4333333,119.4833333,8.0,58.65973997103807,12.074045963163925,32.70792881645828,0.989932495087353,0.9953031849963362,31.4333333,988.054442348889,0.9990480724184196,2.1972245773362196,-2675.457822111319,4732.066916815046,3322.51548331801,89.99408913382499,21.80140948635181,49.4
2022-03-25,59.8,67.3,48.6,6.3,2.9,3.9,5.8,-16.49603628346125,31.4333333,119.4833333,8.0,60.3327069312294,12.10689771195239,32.904232250790045,0.9922222094179323,0.9953031849963362,31.4333333,988.054442348889,0.9990480724184196,2.1972245773362196,-2675.457822111319,4732.066916815046,3322.51548331801,89.99408913382499,21.80140948635181,59.0
2022-03-26,57.1,65.7,51.4,16.9,5.0,2.4,5.8,10.249536685254988,31.4333333,119.4833333,8.0,57.76488341914754,12.1397303157578,33.09901815695227,0.994217906893952,0.9953031849963362,31.4333333,988.054442348889,0.9990480724184196,2.1972245773362196,-2675.457822111319,4732.066916815046,3322.51548331801,89.99408913382499,21.80140948635181,44.6
2022-03-27,56.5,66.4,48.6,21.3,6.3,4.1,5.8,-4.141172671138319,31.4333333,119.4833333,8.0,57.31236572868901,12.17253785388085,33.29222353830965,0.995918996147179,0.9953031849963362,31.4333333,988.054442348889,0.9990480724184196,2.1972245773362196,-2675.457822111319,4732.066916815046,3322.51548331801,89.99408913382499,21.80140948635181,42.1
2022-03-28,52.5,66.4,45.5,23.0,7.2,4.6,7.8,-8.760072304731818,31.4333333,119.4833333,8.0,53.39825040291283,12.205314377808648,33.48378724552302,0.9973249731081555,0.9953031849963362,31.4333333,988.054442348889,0.9990480724184196,2.1972245773362196,-2675.457822111319,4732.066916815046,3322.51548331801,89.99408913382499,21.80140948635181,45.8
2022-03-29,59.2,68.5,45.5,17.4,5.6,3.9,7.8,-117.68910022571607,31.4333333,119.4833333,8.0,60.37439926354656,12.23805390477295,33.6736500092225,0.9984354211555643,0.9953031849963362,31.4333333,988.054442348889,0.9990480724184196,2.1972245773362196,-2675.457822111319,4732.066916815046,3322.51548331801,89.99408913382499,21.80140948635181,49.7
2022-03-30,66.1,75.4,51.8,19.3,4.5,3.9,5.8,-10.186327235056135,31.4333333,119.4833333,8.0,67.59138351596823,12.270750411370935,33.8617544695708,0.9992500112396835,0.9953031849963362,31.4333333,988.054442348889,0.9990480724184196,2.1972245773362196,-2675.457822111319,4732.066916815046,3322.51548331801,89.99408913382499,21.80140948635181,54.1
2022-03-31,50.6,75.4,44.4,30.2,8.8,4.4,7.8,14.4,31.4333333,119.4833333,8.0,51.87932750494951,12.303397827260753,34.0480452026745,0.9997685019798909,0.9953031849963362,31.4333333,988.054442348889,0.9990480724184196,2.1972245773362196,-2675.457822111319,4732.066916815046,3322.51548331801,89.99408913382499,21.80140948635181,40.9
2022-04-01,49.1,57.4,41.9,31.4,9.0,3.2,7.8,98.6687672258108,31.4333333,119.4833333,8.0,50.47475920176399,12.335990028944355,34.232468743807715,0.9999907397361901,0.9953031849963362,31.4333333,988.054442348889,0.9990480724184196,2.1972245773362196,-2675.457822111319,4732.066916815046,3322.51548331801,89.99408913382499,21.80140948635181,34.9
2022-04-02,50.9,62.1,40.3,28.3,5.6,2.3,3.9,9.9,31.4333333,119.4833333,8.0,52.46314253606673,12.36852083365031,34.41497360742102,0.9999166586547379,0.9953031849963362,31.4333333,988.054442348889,0.9990480724184196,2.1972245773362196,-2675.457822111319,4732.066916815046,3322.51548331801,89.99408913382499,21.80140948635181,37.2
2022-04-03,52.9,64.2,41.9,27.5,7.9,3.4,5.8,47.48402888606602,31.4333333,119.4833333,8.0,54.667671103927525,12.400983993329497,34.59551030391538,0.9995462806873573,0.9953031849963362,31.4333333,988.054442348889,0.9990480724184196,2.1972245773362196,-2675.457822111319,4732.066916815046,3322.51548331801,89.99408913382499,21.80140948635181,38.6
2022-04-04,58.3,67.6,43.2,24.2,9.6,3.4,7.8,-53.7074998850065,31.4333333,119.4833333,8.0,60.40547140880803,12.433373188776955,34.77403135316933,0.9988797155850336,0.9953031849963362,31.4333333,988.054442348889,0.9990480724184196,2.1972245773362196,-2675.457822111319,4732.066916815046,3322.51548331801,89.99408913382499,21.80140948635181,41.8
2022-04-05,54.5,70.0,47.5,20.2,3.4,1.7,3.9,27.633546238430355,31.4333333,119.4833333,8.0,56.61497252518211,12.465682023893308,34.950491294814526,0.9979171608653922,0.9953031849963362,31.4333333,988.054442348889,0.9990480724184196,2.1972245773362196,-2675.457822111319,4732.066916815046,3322.51548331801,89.99408913382499,21.80140948635181,48.0
2022-04-06,63.6,79.0,47.1,18.8,11.2,1.2,3.9,11.1,31.4333333,119.4833333,8.0,66.23889130652806,12.497904020099636,35.12484669526299,0.9966589017541702,0.9953031849963362,31.4333333,988.054442348889,0.9990480724184196,2.1972245773362196,-2675.457822111319,4732.066916815046,3322.51548331801,89.99408913382499,21.80140948635181,44.0
2022-04-07,68.6,82.2,50.2,17.5,7.1,1.1,2.9,10.5,31.4333333,119.4833333,8.0,71.63001975909191,12.530032610919868,35.29705615149696,0.9951053111006976,0.9953031849963362,31.4333333,988.054442348889,0.9990480724184196,2.1972245773362196,-2675.457822111319,4732.066916815046,3322.51548331801,89.99408913382499,21.80140948635181,49.1
2022-04-08,70.5,88.0,54.3,13.9,8.3,2.0,4.7,11.3,31.4333333,119.4833333,8.0,73.80210917837789,12.562061136745173,35.467080291639704,0.9932568492674143,0.9953031849963362,31.4333333,988.054442348889,0.9990480724184196,2.1972245773362196,-2675.457822111319,4732.066916815046,3322.51548331801,89.99408913382499,21.80140948635181,49.2
2022-04-09,72.1,88.0,55.9,10.2,10.8,2.7,6.6,14.6,31.4333333,119.4833333,8.0,75.66884689576915,12.593982839795144,35.63488177233305,0.9911140639934547,0.9953031849963362,31.4333333,988.054442348889,0.9990480724184196,2.1972245773362196,-2675.457822111319,4732.066916815046,3322.51548331801,89.99408913382499,21.80140948635181,47.5
2022-04-10,69.7,87.8,59.0,9.1,5.6,1.2,3.3,94.04550569541374,31.4333333,119.4833333,8.0,73.33480190771466,12.625790859290904,35.800425272955415,0.9886775902323405,0.9953031849963362,31.4333333,988.054442348889,0.9990480724184196,2.1972245773362196,-2675.457822111319,4732.066916815046,3322.51548331801,89.99408913382499,21.80140948635181,59.4
2022-04-11,76.8,92.7,59.2,7.8,9.8,1.6,4.5,13.4,31.4333333,119.4833333,8.0,81.00786065187604,12.657478226855632,35.96367748672031,0.9859481499638304,0.9953031849963362,31.4333333,988.054442348889,0.9990480724184196,2.1972245773362196,-2675.457822111319,4732.066916815046,3322.51548331801,89.99408913382499,21.80140948635181,56.1
2022-04-12,73.6,93.0,56.5,8.3,6.8,5.1,9.3,23.9,31.4333333,119.4833333,8.0,77.82609888790442,12.689037862158331,36.124607108703664,0.9829265519799822,0.9953031849963362,31.4333333,988.054442348889,0.9990480724184196,2.1972245773362196,-2675.457822111319,4732.066916815046,3322.51548331801,89.99408913382499,21.80140948635181,54.8
2022-04-13,53.8,55.8,51.6,11.9,5.2,3.0,5.8,23.9,31.4333333,119.4833333,8.0,57.03007385019607,12.720462568816968,36.28318482085421,0.9796136916454901,0.9953031849963362,31.4333333,988.054442348889,0.9990480724184196,2.1972245773362196,-2675.457822111319,4732.066916815046,3322.51548331801,89.99408913382499,21.80140948635181,52.4
2022-04-14,56.4,61.2,51.6,18.0,7.1,2.1,3.5,13.8,31.4333333,119.4833333,8.0,59.93320164371425,12.7517450305775,36.4393832740486,0.9760105506323683,0.9953031849963362,31.4333333,988.054442348889,0.9990480724184196,2.1972245773362196,-2675.457822111319,4732.066916815046,3322.51548331801,89.99408913382499,21.80140948635181,50.0
2022-04-15,56.9,62.6,51.3,21.9,9.7,2.9,4.1,14.6,31.4333333,119.4833333,8.0,60.61214560524969,12.782877807785523,36.59317706725927,0.9721181966290613,0.9953031849963362,31.4333333,988.054442348889,0.9990480724184196,2.1972245773362196,-2675.457822111319,4732.066916815046,3322.51548331801,89.99408913382499,21.80140948635181,42.8
2022-04-16,56.2,63.7,45.9,20.3,6.8,2.6,4.1,10.7,31.4333333,119.4833333,8.0,60.011546448351616,12.813853334167606,36.744542723909085,0.9679377830240642,0.9953031849963362,31.4333333,988.054442348889,0.9990480724184196,2.1972245773362196,-2675.457822111319,4732.066916815046,3322.51548331801,89.99408913382499,21.80140948635181,40.3
2022-04-17,60.4,67.5,45.3,18.4,7.5,2.9,5.8,48.12795527139575,31.4333333,119.4833333,8.0,64.65147503349576,12.844663913939556,36.89345866549367,0.9634705485641488,0.9953031849963362,31.4333333,988.054442348889,0.9990480724184196,2.1972245773362196,-2675.457822111319,4732.066916815046,3322.51548331801,89.99408913382499,21.80140948635181,42.1
2022-04-18,62.4,72.5,54.3,18.1,5.6,2.4,3.9,-57.44128084668836,31.4333333,119.4833333,8.0,66.95156894014764,12.875301719259161,37.039905182557014,0.9587178169872964,0.9953031849963362,31.4333333,988.054442348889,0.9990480724184196,2.1972245773362196,-2675.457822111319,4732.066916815046,3322.51548331801,89.99408913382499,21.80140948635181,46.6
2022-04-19,63.2,75.9,51.3,17.2,4.0,2.4,5.8,88.33296277237777,31.4333333,119.4833333,8.0,67.97032961701595,12.905758788041002,37.18386440311252,0.9536809966304457,0.9953031849963362,31.4333333,988.054442348889,0.9990480724184196,2.1972245773362196,-2675.457822111319,4732.066916815046,3322.51548331801,89.99408913382499,21.80140948635181,49.1
2022-04-20,68.5,78.8,50.7,12.0,8.3,1.9,3.9,-23.81183996363476,31.4333333,119.4833333,8.0,73.84315425144588,12.936027022151105,37.3253202586061,0.9483615800121715,0.9953031849963362,31.4333333,988.054442348889,0.9990480724184196,2.1972245773362196,-2675.457822111319,4732.066916815046,3322.51548331801,89.99408913382499,21.80140948635181,49.8
2022-04-21,69.8,82.4,56.5,9.1,10.3,3.2,5.8,7.068482931963771,31.4333333,119.4833333,8.0,75.41947111522919,12.96609818599929,37.464258447523115,0.9427611433904207,0.9953031849963362,31.4333333,988.054442348889,0.9990480724184196,2.1972245773362196,-2675.457822111319,4732.066916815046,3322.51548331801,89.99408913382499,21.80140948635181,54.0
2022-04-22,75.0,85.5,58.3,9.1,7.3,2.7,3.9,15.454576021244126,31.4333333,119.4833333,8.0,81.22477440966834,12.995963905546937,37.60066639674572,0.9368813462954315,0.9953031849963362,31.4333333,988.054442348889,0.9990480724184196,2.1972245773362196,-2675.457822111319,4732.066916815046,3322.51548331801,89.99408913382499,21.80140948635181,61.2
2022-04-23,67.8,85.5,60.1,9.3,8.6,1.5,3.9,82.25237117011852,31.4333333,119.4833333,8.0,73.59472852277614,13.025615667747989,37.73453322077082,0.9307239310379795,0.9953031849963362,31.4333333,988.054442348889,0.9990480724184196,2.1972245773362196,-2675.457822111319,4732.066916815046,3322.51548331801,89.99408913382499,21.80140948635181,60.8
2022-04-24,70.3,79.0,59.9,7.0,3.0,4.4,7.8,115.76501641585105,31.4333333,119.4833333,8.0,76.48080423974815,13.055044820440653,37.86584967890311,0.9242907221930933,0.9953031849963362,31.4333333,988.054442348889,0.9990480724184196,2.1972245773362196,-2675.457822111319,4732.066916815046,3322.51548331801,89.99408913382499,21.80140948635181,64.0
2022-04-25,69.9,79.0,65.3,1.7,1.0,1.7,3.9,109.71245986082934,31.4333333,119.4833333,8.0,76.21571298601964,13.084242572707232,37.99460813054105,0.9175836260593937,0.9953031849963362,31.4333333,988.054442348889,0.9990480724184196,2.1972245773362196,-2675.457822111319,4732.066916815046,3322.51548331801,89.99408913382499,21.80140948635181,68.5
2022-04-26,66.8,73.9,60.3,8.8,2.8,2.2,3.9,-148.9097798363727,31.4333333,119.4833333,8.0,72.99681330950233,13.11319999571898,38.12080248867667,0.9106046300942162,0.9953031849963362,31.4333333,988.054442348889,0.9990480724184196,2.1972245773362196,-2675.457822111319,4732.066916815046,3322.51548331801,89.99408913382499,21.80140948635181,62.4
2022-04-27,64.8,73.9,58.1,14.7,9.9,5.3,7.8,112.44133150576188,31.4333333,119.4833333,8.0,70.96630333004605,13.141908024082603,38.24442817173263,0.9033558023246845,0.9953031849963362,31.4333333,988.054442348889,0.9990480724184196,2.1972245773362196,-2675.457822111319,4732.066916815046,3322.51548331801,89.99408913382499,21.80140948635181,50.5
2022-04-28,59.8,71.4,50.7,13.4,6.5,5.6,7.8,-88.84970431244713,31.4333333,119.4833333,8.0,65.63228133089348,13.170357457704377,38.36548205386266,0.895839290734909,0.9953031849963362,31.4333333,988.054442348889,0.9990480724184196,2.1972245773362196,-2675.457822111319,4732.066916815046,3322.51548331801,89.99408913382499,21.80140948635181,53.3
2022-04-29,57.0,69.4,50.7,19.6,6.9,2.2,3.9,-29.164944688397526,31.4333333,119.4833333,8.0,62.69306007988966,13.198538964187298,38.483962413842875,0.8880573226294932,0.9953031849963362,31.4333333,988.054442348889,0.9990480724184196,2.1972245773362196,-2675.457822111319,4732.066916815046,3322.51548331801,89.99408913382499,21.80140948635181,49.9
2022-04-30,58.9,64.0,52.3,19.2,3.7,2.2,3.9,13.594763852311157,31.4333333,119.4833333,8.0,64.91979145971636,13.22644308177583,38.59986888268332,0.8800122039735357,0.9953031849963362,31.4333333,988.054442348889,0.9990480724184196,2.1972245773362196,-2675.457822111319,4732.066916815046,3322.51548331801,89.99408913382499,21.80140948635181,50.0
2022-05-01,61.1,68.2,54.3,18.0,1.7,2.5,3.9,7.89075585346988,31.4333333,119.4833333,8.0,67.48525663473872,13.254060222861941,38.71320239008998,0.8717063187093218,0.9953031849963362,31.4333333,988.054442348889,0.9990480724184196,2.1972245773362196,-2675.457822111319,4732.066916815046,3322.51548331801,89.99408913382499,21.80140948635181,53.0
2022-05-02,64.6,78.6,53.1,17.4,7.0,2.2,5.8,32.28587342219699,31.4333333,119.4833333,8.0,71.49809931691748,13.281380678065167,38.823965109908286,0.8631421280499114,0.9953031849963362,31.4333333,988.054442348889,0.9990480724184196,2.1972245773362196,-2675.457822111319,4732.066916815046,3322.51548331801,89.99408913382499,21.80140948635181,50.0
2022-05-03,69.5,84.7,52.9,17.3,12.4,1.5,3.9,8.548142727903967,31.4333333,119.4833333,8.0,77.07778551270196,13.308394620898179,38.93216040467904,0.854322169749827,0.9953031849963362,31.4333333,988.054442348889,0.9990480724184196,2.1972245773362196,-2675.457822111319,4732.066916815046,3322.51548331801,89.99408913382499,21.80140948635181,46.7
2022-05-04,70.6,84.9,55.2,14.7,11.3,2.2,5.8,114.98448267446935,31.4333333,119.4833333,8.0,78.45479193164866,13.335092113028102,39.037792769438006,0.8452490573530633,0.9953031849963362,31.4333333,988.054442348889,0.9990480724184196,2.1972245773362196,-2675.457822111319,4732.066916815046,3322.51548331801,89.99408913382499,21.80140948635181,47.8
2022-05-05,72.3,85.1,55.9,11.8,8.6,2.9,5.8,-32.69744504406516,31.4333333,119.4833333,8.0,80.50281523860785,13.361463110142381,39.14086777488935,0.8359254794186372,0.9953031849963362,31.4333333,988.054442348889,0.9990480724184196,2.1972245773362196,-2675.457822111319,4732.066916815046,3322.51548331801,89.99408913382499,21.80140948635181,54.1
2022-05-06,75.2,88.7,60.8,11.6,8.1,2.2,3.9,-28.104589139324325,31.4333333,119.4833333,8.0,83.89498413547216,13.387497468426407,39.241392010082485,0.8263541987239096,0.9953031849963362,31.4333333,988.054442348889,0.9990480724184196,2.1972245773362196,-2675.457822111319,4732.066916815046,3322.51548331801,89.99408913382499,21.80140948635181,58.4
2022-05-07,72.9,88.7,64.6,16.1,6.4,5.8,9.7,115.08720452506196,31.4333333,119.4833333,8.0,81.48509858132465,13.413184951658378,39.339373024720096,0.8165380514459161,0.9953031849963362,31.4333333,988.054442348889,0.9990480724184196,2.1972245773362196,-2675.457822111319,4732.066916815046,3322.51548331801,89.99408913382499,21.80140948635181,62.2
2022-05-08,69.9,83.8,61.7,15.1,10.3,5.1,7.8,-76.21762926749501,31.4333333,119.4833333,8.0,78.27935126673823,13.438515238925017,39.43481927122394,0.8064799463209448,0.9953031849963362,31.4333333,988.054442348889,0.9990480724184196,2.1972245773362196,-2675.457822111319,4732.066916815046,3322.51548331801,89.99408913382499,21.80140948635181,57.2
2022-05-09,65.1,79.0,61.0,14.6,11.8,3.6,5.8,34.880153128679495,31.4333333,119.4833333,8.0,73.0393677863066,13.46347793295974,39.52774004668207,0.7961828637826158,0.9953031849963362,31.4333333,988.054442348889,0.9990480724184196,2.1972245773362196,-2675.457822111319,4732.066916815046,3322.51548331801,89.99408913382499,21.80140948635181,51.7
2022-05-10,65.5,72.9,61.3,11.6,6.2,3.4,5.8,46.30694544334365,31.4333333,119.4833333,8.0,73.62234152301886,13.488062569102693,39.61814543479946,0.7856498550787147,0.9953031849963362,31.4333333,988.054442348889,0.9990480724184196,2.1972245773362196,-2675.457822111319,4732.066916815046,3322.51548331801,89.99408913382499,21.80140948635181,59.2
2022-05-11,67.7,72.7,62.6,12.4,5.1,2.9,3.9,12.611889357583348,31.4333333,119.4833333,8.0,76.23165907536352,13.512258624879797,39.706046247970306,0.7748840413670407,0.9953031849963362,31.4333333,988.054442348889,0.9990480724184196,2.1972245773362196,-2675.457822111319,4732.066916815046,3322.51548331801,89.99408913382499,21.80140948635181,60.3
2022-05-12,65.3,72.7,58.1,10.1,2.5,3.6,3.9,45.3206505031399,31.4333333,119.4833333,8.0,73.65870217681386,13.536055530195505,39.79145396958797,0.7638886127905428,0.9953031849963362,31.4333333,988.054442348889,0.9990480724184196,2.1972245773362196,-2675.457822111319,4732.066916815046,3322.51548331801,89.99408913382499,21.80140948635181,59.7
2022-05-13,60.2,70.2,53.4,12.5,3.4,1.7,3.9,-51.08159673905946,31.4333333,119.4833333,8.0,68.02320410195907,13.559442678131376,39.874380696704016,0.7526668275320085,0.9953031849963362,31.4333333,988.054442348889,0.9990480724184196,2.1972245773362196,-2675.457822111319,4732.066916815046,3322.51548331801,89.99408913382499,21.80140948635181,55.5
2022-05-14,65.5,73.6,53.4,16.7,7.9,2.2,5.8,83.4943171051079,31.4333333,119.4833333,8.0,74.1373181733555,13.582409436339939,39.95483908314501,0.7412220108485958,0.9953031849963362,31.4333333,988.054442348889,0.9990480724184196,2.1972245773362196,-2675.457822111319,4732.066916815046,3322.51548331801,89.99408913382499,21.80140948635181,49.7
2022-05-15,65.6,73.9,57.4,16.2,10.9,1.7,3.9,-59.79557228719572,31.4333333,119.4833333,8.0,74.37370020264528,13.60494515902048,40.032842283190796,0.7295575540864875,0.9953031849963362,31.4333333,988.054442348889,0.9990480724184196,2.1972245773362196,-2675.457822111319,4732.066916815046,3322.51548331801,89.99408913382499,21.80140948635181,47.8
2022-05-16,68.1,80.4,56.1,13.5,10.6,2.4,5.8,-1.9528146815668563,31.4333333,119.4833333,8.0,77.3334474569384,13.627039199460514,40.108403895914094,0.717676913675962,0.9953031849963362,31.4333333,988.054442348889,0.9990480724184196,2.1972245773362196,-2675.457822111319,4732.066916815046,3322.51548331801,89.99408913382499,21.80140948635181,47.6
2022-05-17,72.3,86.5,56.1,14.2,11.7,2.2,3.9,-83.6192874824696,31.4333333,119.4833333,8.0,82.23330256182057,13.648680923123747,40.181537910276525,0.705583610107178,0.9953031849963362,31.4333333,988.054442348889,0.9990480724184196,2.1972245773362196,-2675.457822111319,4732.066916815046,3322.51548331801,89.99408913382499,21.80140948635181,47.7
2022-05-18,74.4,86.5,58.3,15.8,11.6,2.7,5.8,21.949591909918688,31.4333333,119.4833333,8.0,84.75313027182584,13.669859721262231,40.25225865107167,0.6932812268869777,0.9953031849963362,31.4333333,988.054442348889,0.9990480724184196,2.1972245773362196,-2675.457822111319,4732.066916815046,3322.51548331801,89.99408913382499,21.80140948635181,46.7
2022-05-19,68.0,86.0,63.9,13.6,5.7,2.2,3.9,42.79818480620808,31.4333333,119.4833333,8.0,77.57986847515501,13.690565025027356,40.320580725800205,0.6807734094770161,0.9953031849963362,31.4333333,988.054442348889,0.9990480724184196,2.1972245773362196,-2675.457822111319,4732.066916815046,3322.51548331801,89.99408913382499,21.80140948635181,55.5
2022-05-20,68.0,78.1,59.4,10.6,2.3,2.2,5.8,118.16263800533555,31.4333333,119.4833333,8.0,77.69445581362355,13.710786320051213,40.38651897255777,0.6680638642135335,0.9953031849963362,31.4333333,988.054442348889,0.9990480724184196,2.1972245773362196,-2675.457822111319,4732.066916815046,3322.51548331801,89.99408913382499,21.80140948635181,60.4
2022-05-21,72.1,84.2,59.4,9.5,5.9,2.2,5.8,56.84061219141732,31.4333333,119.4833333,8.0,82.49749991181187,13.73051316146661,40.450088409010455,0.6551563572090853,0.9953031849963362,31.4333333,988.054442348889,0.9990480724184196,2.1972245773362196,-2675.457822111319,4732.066916815046,3322.51548331801,89.99408913382499,21.80140948635181,57.6
2022-05-22,76.0,84.4,61.7,7.7,11.6,3.9,5.8,21.22177280221615,31.4333333,119.4833333,8.0,87.08165619909639,13.749735189331009,40.511304182527965,0.6420547132365637,0.9953031849963362,31.4333333,988.054442348889,0.9990480724184196,2.1972245773362196,-2675.457822111319,4732.066916815046,3322.51548331801,89.99408913382499,21.80140948635181,57.3
2022-05-23,72.9,84.4,66.7,10.4,12.4,4.1,7.8,118.17788475739039,31.4333333,119.4833333,8.0,83.64328602732989,13.768442144416442,40.57018152153857,0.6287628145958344,0.9953031849963362,31.4333333,988.054442348889,0.9990480724184196,2.1972245773362196,-2675.457822111319,4732.066916815046,3322.51548331801,89.99408913382499,21.80140948635181,60.6
2022-05-24,70.3,82.2,63.0,10.9,6.8,2.9,5.8,11.523034383158837,31.4333333,119.4833333,8.0,80.76663825566749,13.786623884324463,40.626735688165205,0.6152845999633276,0.9953031849963362,31.4333333,988.054442348889,0.9990480724184196,2.1972245773362196,-2675.457822111319,4732.066916815046,3322.51548331801,89.99408913382499,21.80140948635181,62.9
2022-05-25,76.2,86.2,63.0,8.3,5.5,2.4,3.9,21.558644527141297,31.4333333,119.4833333,8.0,87.65711703925166,13.80427039988215,40.68098193219619,0.6016240632249226,0.9953031849963362,31.4333333,988.054442348889,0.9990480724184196,2.1972245773362196,-2675.457822111319,4732.066916815046,3322.51548331801,89.99408913382499,21.80140948635181,63.3
2022-05-26,72.4,86.2,66.2,5.6,2.0,3.1,5.8,31.31230766267071,31.4333333,119.4833333,8.0,83.38894338502683,13.821371831772403,40.73293544643905,0.5877852522924732,0.9953031849963362,31.4333333,988.054442348889,0.9990480724184196,2.1972245773362196,-2675.457822111319,4732.066916815046,3322.51548331801,89.99408913382499,21.80140948635181,65.8
2022-05-27,77.4,86.9,66.2,4.2,3.8,1.5,1.9,-6.620643329011532,31.4333333,119.4833333,8.0,89.2545742434006,13.837918487348928,40.78261132350033,0.5737722679043246,0.9953031849963362,31.4333333,988.054442348889,0.9990480724184196,2.1972245773362196,-2675.457822111319,4732.066916815046,3322.51548331801,89.99408913382499,21.80140948635181,63.0
2022-05-28,74.1,86.9,69.1,2.5,7.3,2.7,5.8,81.35403320717161,31.4333333,119.4833333,8.0,85.54783779557977,13.853900857583769,40.83002451402946,0.5595892624101765,0.9953031849963362,31.4333333,988.054442348889,0.9990480724184196,2.1972245773362196,-2675.457822111319,4732.066916815046,3322.51548331801,89.99408913382499,21.80140948635181,64.7
2022-05-29,76.6,83.7,69.1,0.6,12.7,2.4,3.9,-47.148531122550644,31.4333333,119.4833333,8.0,88.53242649762643,13.869309634092916,40.8751897864593,0.545240438540651,0.9953031849963362,31.4333333,988.054442348889,0.9990480724184196,2.1972245773362196,-2675.457822111319,4732.066916815046,3322.51548331801,89.99408913382499,21.80140948635181,71.4
2022-05-30,72.3,87.3,59.9,6.6,8.8,1.7,3.9,21.432621405218214,31.4333333,119.4833333,8.0,83.65191775025379,13.884135726183201,40.918121688271626,0.5307300481619334,0.9953031849963362,31.4333333,988.054442348889,0.9990480724184196,2.1972245773362196,-2675.457822111319,4732.066916815046,3322.51548331801,89.99408913382499,21.80140948635181,62.8
2022-05-31,78.4,88.3,59.9,5.3,13.5,2.7,5.8,53.18257776636932,31.4333333,119.4833333,8.0,90.80268581536436,13.89837027786189,40.95883450881049,0.5160623910158528,0.9953031849963362,31.4333333,988.054442348889,0.9990480724184196,2.1972245773362196,-2675.457822111319,4732.066916815046,3322.51548331801,89.99408913382499,21.80140948635181,53.9
2022-06-01,76.6,88.3,66.2,3.8,8.1,3.2,5.8,101.67010293899922,31.4333333,119.4833333,8.0,88.8049632376456,13.91200468474866,40.99734224366254,0.5012418134457758,0.9953031849963362,31.4333333,988.054442348889,0.9990480724184196,2.1972245773362196,-2675.457822111319,4732.066916815046,3322.51548331801,89.99408913382499,21.80140948635181,68.0
2022-06-02,82.0,91.6,66.2,3.4,5.5,4.9,7.8,96.14934126609239,31.4333333,119.4833333,8.0,95.1543758406595,13.92503061082822,41.03365856061867,0.48627270710868997,0.9953031849963362,31.4333333,988.054442348889,0.9990480724184196,2.1972245773362196,-2675.457822111319,4732.066916815046,3322.51548331801,89.99408913382499,21.80140948635181,70.7
2022-06-03,77.0,91.6,74.7,3.4,5.3,4.4,5.8,17.879151721025416,31.4333333,119.4833333,8.0,89.43190669862739,13.937440004980893,41.067796767227705,0.4711595076738638,0.9953031849963362,31.4333333,988.054442348889,0.9990480724184196,2.1972245773362196,-2675.457822111319,4732.066916815046,3322.51548331801,89.99408913382499,21.80140948635181,71.4
2022-06-04,80.8,88.0,75.2,0.4,4.2,2.4,3.9,36.34844393096774,31.4333333,119.4833333,8.0,93.92478245599922,13.949225117227607,41.09976977994911,0.4559066935084588,0.9953031849963362,31.4333333,988.054442348889,0.9990480724184196,2.1972245773362196,-2675.457822111319,4732.066916815046,3322.51548331801,89.99408913382499,21.80140948635181,76.0
2022-06-05,74.2,88.0,68.5,999.5,3.1,1.5,3.9,-3.827378370620183,31.4333333,119.4833333,8.0,86.32167381543437,13.960378514625503,41.129590094907996,0.440518784350495,0.9953031849963362,31.4333333,988.054442348889,0.9990480724184196,2.1972245773362196,-2675.457822111319,4732.066916815046,3322.51548331801,89.99408913382499,21.80140948635181,71.1
2022-06-06,79.9,92.5,68.5,2.1,5.2,4.9,7.8,12.365612886661442,31.4333333,119.4833333,8.0,93.0228632025288,13.970893096750258,41.157269760253314,0.42500033996955416,0.9953031849963362,31.4333333,988.054442348889,0.9990480724184196,2.1972245773362196,-2675.457822111319,4732.066916815046,3322.51548331801,89.99408913382499,21.80140948635181,68.5
2022-06-07,74.7,92.5,67.3,7.7,9.6,2.7,5.8,103.88707843136459,31.4333333,119.4833333,8.0,87.03024413911798,13.980762110701683,41.182820350116664,0.4093559588156213,0.9953031849963362,31.4333333,988.054442348889,0.9990480724184196,2.1972245773362196,-2675.457822111319,4732.066916815046,3322.51548331801,89.99408913382499,21.80140948635181,61.6
2022-06-08,77.8,87.6,67.3,6.9,10.3,4.1,5.8,113.52166391912557,31.4333333,119.4833333,8.0,90.70169825677813,13.989979165569892,41.20625294016725,0.39359027665646673,0.9953031849963362,31.4333333,988.054442348889,0.9990480724184196,2.1972245773362196,-2675.457822111319,4732.066916815046,3322.51548331801,89.99408913382499,21.80140948635181,63.7
2022-06-09,80.0,87.6,70.2,6.7,5.5,4.9,7.8,100.75730780799516,31.4333333,119.4833333,8.0,93.32358830867014,13.998538246300521,41.22757808475646,0.3777079652039649,0.9953031849963362,31.4333333,988.054442348889,0.9990480724184196,2.1972245773362196,-2675.457822111319,4732.066916815046,3322.51548331801,89.99408913382499,21.80140948635181,69.6
2022-06-10,70.8,86.9,65.1,8.9,14.2,2.6,3.9,-58.295733420328254,31.4333333,119.4833333,8.0,82.6379589887046,14.006433726899084,41.246805795643354,0.36171373072976765,0.9953031849963362,31.4333333,988.054442348889,0.9990480724184196,2.1972245773362196,-2675.457822111319,4732.066916815046,3322.51548331801,89.99408913382499,21.80140948635181,62.7
2022-06-11,76.6,84.4,65.1,9.8,13.5,5.1,7.8,86.73590255978269,31.4333333,119.4833333,8.0,89.4538654442837,14.013660382916507,41.26394552229194,0.3456123126707335,0.9953031849963362,31.4333333,988.054442348889,0.9990480724184196,2.1972245773362196,-2675.457822111319,4732.066916815046,3322.51548331801,89.99408913382499,21.80140948635181,63.6
2022-06-12,70.6,83.7,67.6,7.0,6.0,3.4,5.8,124.2467791843138,31.4333333,119.4833333,8.0,82.48558885525969,14.02021340316029,41.27900613372906,0.3294084822245304,0.9953031849963362,31.4333333,988.054442348889,0.9990480724184196,2.1972245773362196,-2675.457822111319,4732.066916815046,3322.51548331801,89.99408913382499,21.80140948635181,65.0
2022-06-13,72.8,81.1,67.6,4.3,5.7,1.5,1.9,-14.301553844093673,31.4333333,119.4833333,8.0,85.09160296350977,14.026088400578535,41.291995901951935,0.3131070409358269,0.9953031849963362,31.4333333,988.054442348889,0.9990480724184196,2.1972245773362196,-2675.457822111319,4732.066916815046,3322.51548331801,89.99408913382499,21.80140948635181,66.5
2022-06-14,79.0,88.2,67.6,5.1,10.5,2.4,5.8,17.67431354007212,31.4333333,119.4833333,8.0,92.37260269659242,14.031281422267204,41.302922486873626,0.29671281927349075,0.9953031849963362,31.4333333,988.054442348889,0.9990480724184196,2.1972245773362196,-2675.457822111319,4732.066916815046,3322.51548331801,89.99408913382499,21.80140948635181,65.1
2022-06-15,81.7,92.8,71.4,6.4,9.5,1.7,3.9,63.38759309360371,31.4333333,119.4833333,8.0,95.5603298261585,14.035788958554491,41.311792922794695,0.28023067519921585,0.9953031849963362,31.4333333,988.054442348889,0.9990480724184196,2.1972245773362196,-2675.457822111319,4732.066916815046,3322.51548331801,89.99408913382499,21.80140948635181,66.7
2022-06-16,85.5,96.3,71.4,4.5,11.8,2.7,3.9,22.50153780617534,31.4333333,119.4833333,8.0,100.03220665173069,14.039607951120098,41.31861360638981,0.26366549272800704,0.9953031849963362,31.4333333,988.054442348889,0.9990480724184196,2.1972245773362196,-2675.457822111319,4732.066916815046,3322.51548331801,89.99408913382499,21.80140948635181,67.8
2022-06-17,85.1,96.3,75.9,3.2,9.9,2.4,3.9,177.73003060018237,31.4333333,119.4833333,8.0,99.58640138245607,14.042735800111316,41.32339028619843,0.24702218048093552,0.9953031849963362,31.4333333,988.054442348889,0.9990480724184196,2.1972245773362196,-2675.457822111319,4732.066916815046,3322.51548331801,89.99408913382499,21.80140948635181,68.8
2022-06-18,85.7,95.5,75.7,2.4,8.2,2.2,5.8,7.300252693910101,31.4333333,119.4833333,8.0,100.30592506067099,14.045170370222309,41.3261280536095,0.23030567023061221,0.9953031849963362,31.4333333,988.054442348889,0.9990480724184196,2.1972245773362196,-2675.457822111319,4732.066916815046,3322.51548331801,89.99408913382499,21.80140948635181,70.9
2022-06-19,84.9,95.0,75.7,1.5,13.3,2.2,3.9,50.327192194639025,31.4333333,119.4833333,8.0,99.38188821963199,14.0469099957077,41.326831335331285,0.21352091543979612,0.9953031849963362,31.4333333,988.054442348889,0.9990480724184196,2.1972245773362196,-2675.457822111319,4732.066916815046,3322.51548331801,89.99408913382499,21.80140948635181,73.1
2022-06-20,85.4,94.5,75.7,0.0,10.8,2.5,3.9,66.58875334826838,31.4333333,119.4833333,8.0,99.97460229664829,14.047953484306548,41.325503887338336,0.19667288979357647,0.9953031849963362,31.4333333,988.054442348889,0.9990480724184196,2.1972245773362196,-2675.457822111319,4732.066916815046,3322.51548331801,89.99408913382499,21.80140948635181,72.9
2022-06-21,84.7,93.0,77.4,2.1,12.0,2.7,5.8,14.329191051012304,31.4333333,119.4833333,8.0,99.1575850140749,14.048300120057837,41.32214879028943,0.1797665857255624,0.9953031849963362,31.4333333,988.054442348889,0.9990480724184196,2.1972245773362196,-2675.457822111319,4732.066916815046,3322.51548331801,89.99408913382499,21.80140948635181,75.4
2022-06-22,86.6,94.5,78.8,3.3,18.6,4.4,5.8,87.0983129446663,31.4333333,119.4833333,8.0,101.37937008237324,14.047949664993984,41.3167684464112,0.16280701293851715,0.9953031849963362,31.4333333,988.054442348889,0.9990480724184196,2.1972245773362196,-2675.457822111319,4732.066916815046,3322.51548331801,89.99408913382499,21.80140948635181,73.1
2022-06-23,87.1,98.2,76.8,2.0,13.5,5.3,9.7,28.905149305035827,31.4333333,119.4833333,8.0,101.9570996275195,14.04690235970418,41.30936457784454,0.1457991969198751,0.9953031849963362,31.4333333,988.054442348889,0.9990480724184196,2.1972245773362196,-2675.457822111319,4732.066916815046,3322.51548331801,89.99408913382499,21.80140948635181,74.1
2022-06-24,77.6,98.2,70.7,2.8,14.4,1.7,3.9,-0.39233214235473746,31.4333333,119.4833333,8.0,90.82536103387939,14.045158922764854,41.299938226451566,0.12874817745258132,0.9953031849963362,31.4333333,988.054442348889,0.9990480724184196,2.1972245773362196,-2675.457822111319,4732.066916815046,3322.51548331801,89.99408913382499,21.80140948635181,72.7
2022-06-25,86.6,96.6,70.7,2.5,13.8,1.1,3.9,-70.66077112723576,31.4333333,119.4833333,8.0,101.34163329557181,14.042720549039975,41.28848975508361,0.11165900712169512,0.9953031849963362,31.4333333,988.054442348889,0.9990480724184196,2.1972245773362196,-2675.457822111319,4732.066916815046,3322.51548331801,89.99408913382499,21.80140948635181,76.6
2022-06-26,90.1,99.5,79.0,2.6,14.8,2.4,5.8,-2.74942392034378,31.4333333,119.4833333,8.0,105.4139133756697,14.039588906859448,41.27501885031138,0.09453674981719912,0.9953031849963362,31.4333333,988.054442348889,0.9990480724184196,2.1972245773362196,-2675.457822111319,4732.066916815046,3322.51548331801,89.99408913382499,21.80140948635181,74.9
2022-06-27,90.7,99.5,80.6,0.1,15.9,4.1,9.7,62.53206945540707,31.4333333,119.4833333,8.0,106.08699903015696,14.035766134089123,41.25952452662086,0.07738647923346301,0.9953031849963362,31.4333333,988.054442348889,0.9990480724184196,2.1972245773362196,-2675.457822111319,4732.066916815046,3322.51548331801,89.99408913382499,21.80140948635181,72.7
2022-06-28,88.1,97.5,80.4,999.2,16.8,4.1,9.7,117.00363278433962,31.4333333,119.4833333,8.0,103.0127958997587,14.031254833111289,41.24200513207935,0.06021327736579302,0.9953031849963362,31.4333333,988.054442348889,0.9990480724184196,2.1972245773362196,-2675.457822111319,4732.066916815046,3322.51548331801,89.99408913382499,21.80140948635181,74.7
2022-06-29,84.7,96.3,80.4,2.3,16.5,3.6,5.8,-27.70663881589551,31.4333333,119.4833333,8.0,99.00059317362056,14.026058064739631,41.22245835547803,0.04302223300453059,0.9953031849963362,31.4333333,988.054442348889,0.9990480724184196,2.1972245773362196,-2675.457822111319,4732.066916815046,3322.51548331801,89.99408913382499,21.80140948635181,74.9
2022-06-30,81.7,91.6,76.1,5.8,17.2,2.9,3.9,-10.985981270741458,31.4333333,119.4833333,8.0,95.45405434730584,14.020179341097553,41.20088123495811,0.02581844022713308,0.9953031849963362,31.4333333,988.054442348889,0.9990480724184196,2.1972245773362196,-2675.457822111319,4732.066916815046,3322.51548331801,89.99408913382499,21.80140948635181,73.3
2022-07-01,86.4,94.8,76.1,6.9,16.7,4.1,5.8,-52.17042480446525,31.4333333,119.4833333,8.0,100.89808284595327,14.013622617493509,41.17727016812911,0.008606996888688698,0.9953031849963362,31.4333333,988.054442348889,0.9990480724184196,2.1972245773362196,-2675.457822111319,4732.066916815046,3322.51548331801,89.99408913382499,21.80140948635181,74.6
2022-07-02,85.6,94.8,77.4,5.6,16.2,4.9,7.8,51.937977580034264,31.4333333,119.4833333,8.0,99.91226495443107,14.006392283331458,41.151620923688476,-0.008606996888688009,0.9953031849963362,31.4333333,988.054442348889,0.9990480724184196,2.1972245773362196,-2675.457822111319,4732.066916815046,3322.51548331801,89.99408913382499,21.80140948635181,73.7
2022-07-03,86.2,93.4,79.0,2.5,13.7,3.6,5.8,132.08243598770994,31.4333333,119.4833333,8.0,100.55584247590875,13.998493152098666,41.12392865455226,-0.02581844022713239,0.9953031849963362,31.4333333,988.054442348889,0.9990480724184196,2.1972245773362196,-2675.457822111319,4732.066916815046,3322.51548331801,89.99408913382499,21.80140948635181,76.3
2022-07-04,87.4,94.1,79.5,0.9,10.4,4.1,7.8,41.84909613117047,31.4333333,119.4833333,8.0,101.89332678097422,13.989930450477008,41.09418791250706,-0.04302223300453034,0.9953031849963362,31.4333333,988.054442348889,0.9990480724184196,2.1972245773362196,-2675.457822111319,4732.066916815046,3322.51548331801,89.99408913382499,21.80140948635181,77.1
2022-07-05,88.2,94.3,81.7,998.6,9.6,2.9,5.8,36.30805003657214,31.4333333,119.4833333,8.0,102.75821707871161,13.98070980662743,41.062392664393464,-0.060213277365792774,0.9953031849963362,31.4333333,988.054442348889,0.9990480724184196,2.1972245773362196,-2675.457822111319,4732.066916815046,3322.51548331801,89.99408913382499,21.80140948635181,78.6
2022-07-06,88.8,97.7,81.9,0.8,15.8,4.4,7.8,27.8357018253679,31.4333333,119.4833333,8.0,103.38419555898226,13.970837237700307,41.02853630983083,-0.07738647923346322,0.9953031849963362,31.4333333,988.054442348889,0.9990480724184196,2.1972245773362196,-2675.457822111319,4732.066916815046,3322.51548331801,89.99408913382499,21.80140948635181,76.4
2022-07-07,87.7,97.7,81.9,4.2,13.4,2.9,5.8,-73.80674230576487,31.4333333,119.4833333,8.0,102.0266656901846,13.96031913662731,40.992611700492866,-0.09453674981719933,0.9953031849963362,31.4333333,988.054442348889,0.9990480724184196,2.1972245773362196,-2675.457822111319,4732.066916815046,3322.51548331801,89.99408913382499,21.80140948635181,77.6
2022-07-08,92.0,99.1,81.9,3.0,17.4,2.9,5.8,56.07832037683977,31.4333333,119.4833333,8.0,106.94357731327096,13.949162258252736,40.954611160942434,-0.11165900712169444,0.9953031849963362,31.4333333,988.054442348889,0.9990480724184196,2.1972245773362196,-2675.457822111319,4732.066916815046,3322.51548331801,89.99408913382499,21.80140948635181,75.8
2022-07-09,88.8,100.9,80.2,2.0,16.7,2.2,5.8,33.29669433182171,31.4333333,119.4833333,8.0,103.13656541599511,13.937373704864203,40.91452651103283,-0.12874817745258066,0.9953031849963362,31.4333333,988.054442348889,0.9990480724184196,2.1972245773362196,-2675.457822111319,4732.066916815046,3322.51548331801,89.99408913382499,21.80140948635181,76.8
2022-07-10,91.0,102.2,79.7,2.1,15.5,3.2,5.8,43.37332963066531,31.4333333,119.4833333,8.0,105.59762024314747,13.924960911184282,40.87234908988119,-0.14579919691987442,0.9953031849963362,31.4333333,988.054442348889,0.9990480724184196,2.1972245773362196,-2675.457822111319,4732.066916815046,3322.51548331801,89.99408913382499,21.80140948635181,75.7
2022-07-11,92.8,103.6,79.7,3.1,12.3,1.9,3.9,97.05786966700913,31.4333333,119.4833333,8.0,107.58560459671628,13.911931628885725,40.82806978141787,-0.16280701293851646,0.9953031849963362,31.4333333,988.054442348889,0.9990480724184196,2.1972245773362196,-2675.457822111319,4732.066916815046,3322.51548331801,89.99408913382499,21.80140948635181,77.7
2022-07-12,95.9,105.4,84.4,2.1,15.8,3.4,5.8,67.79989022627485,31.4333333,119.4833333,8.0,111.07053216962775,13.898293910693774,40.78167904151317,-0.17976658572556214,0.9953031849963362,31.4333333,988.054442348889,0.9990480724184196,2.1972245773362196,-2675.457822111319,4732.066916815046,3322.51548331801,89.99408913382499,21.80140948635181,75.5
2022-07-13,94.6,105.4,85.3,1.7,15.0,3.2,5.8,67.47291936572262,31.4333333,119.4833333,8.0,109.45264220879912,13.884056094139424,40.73316692668057,-0.19667288979357622,0.9953031849963362,31.4333333,988.054442348889,0.9990480724184196,2.1972245773362196,-2675.457822111319,4732.066916815046,3322.51548331801,89.99408913382499,21.80140948635181,73.6
2022-07-14,95.3,103.8,85.3,1.0,12.4,3.6,5.8,112.08747541982686,31.4333333,119.4833333,8.0,110.14477605109313,13.869226785027468,40.68252312435219,-0.2135209154397959,0.9953031849963362,31.4333333,988.054442348889,0.9990480724184196,2.1972245773362196,-2675.457822111319,4732.066916815046,3322.51548331801,89.99408913382499,21.80140948635181,74.6
2022-07-15,87.8,103.8,80.4,999.8,6.7,2.9,7.8,174.7264584764021,31.4333333,119.4833333,8.0,101.3637452509959,13.853814840682812,40.629736984719706,-0.23030567023061196,0.9953031849963362,31.4333333,988.054442348889,0.9990480724184196,2.1972245773362196,-2675.457822111319,4732.066916815046,3322.51548331801,89.99408913382499,21.80140948635181,78.2
2022-07-16,87.4,103.1,80.4,999.5,5.1,2.2,5.8,30.847175692671524,31.4333333,119.4833333,8.0,100.78552378795874,13.837829353037813,40.57479755412984,-0.24702218048093527,0.9953031849963362,31.4333333,988.054442348889,0.9990480724184196,2.1972245773362196,-2675.457822111319,4732.066916815046,3322.51548331801,89.99408913382499,21.80140948635181,79.4
2022-07-17,84.5,97.9,79.5,997.7,8.1,3.6,7.8,-61.60203406522147,31.4333333,119.4833333,8.0,97.3248440726738,13.821279631622314,40.51769361001994,-0.2636654927280072,0.9953031849963362,31.4333333,988.054442348889,0.9990480724184196,2.1972245773362196,-2675.457822111319,4732.066916815046,3322.51548331801,89.99408913382499,21.80140948635181,77.2
2022-07-18,82.3,97.9,76.3,1.0,5.5,1.7,3.9,6.2719384073869495,31.4333333,119.4833333,8.0,94.67363482086036,13.8041751865167,40.45841369737558,-0.2802306751992161,0.9953031849963362,31.4333333,988.054442348889,0.9990480724184196,2.1972245773362196,-2675.457822111319,4732.066916815046,3322.51548331801,89.99408913382499,21.80140948635181,75.1
2022-07-19,85.3,94.3,76.3,3.3,5.4,2.2,3.9,64.94981304952563,31.4333333,119.4833333,8.0,97.99922026467972,13.786525711326572,40.39694616668703,-0.2967128192734901,0.9953031849963362,31.4333333,988.054442348889,0.9990480724184196,2.1972245773362196,-2675.457822111319,4732.066916815046,3322.51548331801,89.99408913382499,21.80140948635181,77.0
2022-07-20,89.2,99.7,78.6,4.5,16.8,4.4,7.8,-108.67117493330954,31.4333333,119.4833333,8.0,102.34466859235279,13.7683410662358,40.333279213377786,-0.3131070409358267,0.9953031849963362,31.4333333,988.054442348889,0.9990480724184196,2.1972245773362196,-2675.457822111319,4732.066916815046,3322.51548331801,89.99408913382499,21.80140948635181,76.6
2022-07-21,82.3,99.7,78.4,8.3,7.2,2.2,3.9,-91.25452422697947,31.4333333,119.4833333,8.0,94.29955439967787,13.7496312611924,40.267400918673324,-0.3294084822245302,0.9953031849963362,31.4333333,988.054442348889,0.9990480724184196,2.1972245773362196,-2675.457822111319,4732.066916815046,3322.51548331801,89.99408913382499,21.80140948635181,77.2
2022-07-22,88.0,96.3,78.4,5.4,8.8,1.9,3.9,-87.54920447340801,31.4333333,119.4833333,8.0,100.68964722138219,13.730406439279388,40.199299291873345,-0.3456123126707333,0.9953031849963362,31.4333333,988.054442348889,0.9990480724184196,2.1972245773362196,-2675.457822111319,4732.066916815046,3322.51548331801,89.99408913382499,21.80140948635181,78.3
2022-07-23,88.6,99.7,79.7,3.8,12.5,5.1,9.7,62.250864708296504,31.4333333,119.4833333,8.0,101.23049748536418,13.710676860320207,40.128962313986314,-0.3617137307297674,0.9953031849963362,31.4333333,988.054442348889,0.9990480724184196,2.1972245773362196,-2675.457822111319,4732.066916815046,3322.51548331801,89.99408913382499,21.80140948635181,74.1
2022-07-24,83.8,99.7,78.1,5.6,7.1,2.2,3.9,13.649196501107662,31.4333333,119.4833333,8.0,95.60499597861183,13.690452884765419,40.05637798267951,-0.37770796520396466,0.9953031849963362,31.4333333,988.054442348889,0.9990480724184196,2.1972245773362196,-2675.457822111319,4732.066916815046,3322.51548331801,89.99408913382499,21.80140948635181,73.6
2022-07-25,86.7,96.8,77.0,5.4,11.0,2.9,5.8,-7.065812360042003,31.4333333,119.4833333,8.0,98.76390732086146,13.669744957904701,39.98153435849326,-0.39359027665646645,0.9953031849963362,31.4333333,988.054442348889,0.9990480724184196,2.1972245773362196,-2675.457822111319,4732.066916815046,3322.51548331801,89.99408913382499,21.80140948635181,75.5
2022-07-26,81.5,96.8,75.0,4.2,12.4,3.2,9.7,-61.37019343857702,31.4333333,119.4833333,8.0,92.6964944122724,13.648563594445017,39.90441961226275,-0.4093559588156211,0.9953031849963362,31.4333333,988.054442348889,0.9990480724184196,2.1972245773362196,-2675.457822111319,4732.066916815046,3322.51548331801,89.99408913382499,21.80140948635181,74.4
2022-07-27,86.5,96.8,75.0,4.4,11.7,2.4,3.9,53.57131380167683,31.4333333,119.4833333,8.0,98.22737707851134,13.626919363492902,39.82502207368531,-0.42500033996955394,0.9953031849963362,31.4333333,988.054442348889,0.9990480724184196,2.1972245773362196,-2675.457822111319,4732.066916815046,3322.51548331801,89.99408913382499,21.80140948635181,74.0
2022-07-28,89.6,99.5,78.1,4.0,12.0,3.6,5.8,-15.737566589395175,31.4333333,119.4833333,8.0,101.58267745901789,13.604822873975612,39.74333028096685,-0.4405187843504952,0.9953031849963362,31.4333333,988.054442348889,0.9990480724184196,2.1972245773362196,-2675.457822111319,4732.066916815046,3322.51548331801,89.99408913382499,21.80140948635181,74.8
2022-07-29,84.2,99.5,78.6,4.9,10.3,2.4,5.8,-25.383774752682392,31.4333333,119.4833333,8.0,95.30236473640498,13.582284760532776,39.659333031475164,-0.455906693508459,0.9953031849963362,31.4333333,988.054442348889,0.9990480724184196,2.1972245773362196,-2675.457822111319,4732.066916815046,3322.51548331801,89.99408913382499,21.80140948635181,75.8
2022-07-30,86.4,97.5,78.4,2.9,11.9,3.4,5.8,41.78381045289936,31.4333333,119.4833333,8.0,97.62707282333082,13.559315669907056,39.57301943332365,-0.47115950767386394,0.9953031849963362,31.4333333,988.054442348889,0.9990480724184196,2.1972245773362196,-2675.457822111319,4732.066916815046,3322.51548331801,89.99408913382499,21.80140948635181,76.1
2022-07-31,87.6,97.5,79.3,2.3,13.7,2.2,3.9,22.817633799205904,31.4333333,119.4833333,8.0,98.8122616093715,13.535926247859111,39.48437895780364,-0.4862727071086902,0.9953031849963362,31.4333333,988.054442348889,0.9990480724184196,2.1972245773362196,-2675.457822111319,4732.066916815046,3322.51548331801,89.99408913382499,21.80140948635181,75.9
2022-08-01,89.1,97.7,80.8,4.7,13.5,1.9,3.9,-10.6878355985335,31.4333333,119.4833333,8.0,100.32754391522171,13.512127126629188,39.39340149257925,-0.5012418134457756,0.9953031849963362,31.4333333,988.054442348889,0.9990480724184196,2.1972245773362196,-2675.457822111319,4732.066916815046,3322.51548331801,89.99408913382499,21.80140948635181,76.4
2022-08-02,89.4,99.1,82.4,6.2,6.4,2.9,5.8,39.22641409887901,31.4333333,119.4833333,8.0,100.48507040158532,13.48792891296447,39.30007739555393,-0.5160623910158526,0.9953031849963362,31.4333333,988.054442348889,0.9990480724184196,2.1972245773362196,-2675.457822111319,4732.066916815046,3322.51548331801,89.99408913382499,21.80140948635181,78.3
2022-08-03,90.8,99.1,82.9,5.9,11.7,3.4,5.8,-25.081163521221196,31.4333333,119.4833333,8.0,101.8726224705786,13.46334217672845,39.2043975493136,-0.5307300481619331,0.9953031849963362,31.4333333,988.054442348889,0.9990480724184196,2.1972245773362196,-2675.457822111319,4732.066916815046,3322.51548331801,89.99408913382499,21.80140948635181,77.8
2022-08-04,92.5,102.0,83.1,5.2,13.3,2.4,5.8,70.13702429689187,31.4333333,119.4833333,8.0,103.58749276748097,13.438377440105638,39.106353416047355,-0.5452404385406507,0.9953031849963362,31.4333333,988.054442348889,0.9990480724184196,2.1972245773362196,-2675.457822111319,4732.066916815046,3322.51548331801,89.99408913382499,21.80140948635181,78.0
2022-08-05,90.4,102.0,79.5,4.7,10.5,2.2,3.9,-36.73220448620124,31.4333333,119.4833333,8.0,101.04494026117163,13.413045167412163,39.00593709284275,-0.5595892624101763,0.9953031849963362,31.4333333,988.054442348889,0.9990480724184196,2.1972245773362196,-2675.457822111319,4732.066916815046,3322.51548331801,89.99408913382499,21.80140948635181,77.5
2022-08-06,88.4,103.5,77.4,4.4,13.9,2.2,3.9,-53.12759532688406,31.4333333,119.4833333,8.0,98.62018739899806,13.387355755520097,38.903141367248935,-0.5737722679043243,0.9953031849963362,31.4333333,988.054442348889,0.9990480724184196,2.1972245773362196,-2675.457822111319,4732.066916815046,3322.51548331801,89.99408913382499,21.80140948635181,75.6
2022-08-07,90.8,103.5,77.4,4.0,16.9,2.2,5.8,67.44972084215117,31.4333333,119.4833333,8.0,101.10065107174954,13.361319524900821,38.79795977299808,-0.5877852522924734,0.9953031849963362,31.4333333,988.054442348889,0.9990480724184196,2.1972245773362196,-2675.457822111319,4732.066916815046,3322.51548331801,89.99408913382499,21.80140948635181,75.8
2022-08-08,91.3,101.8,81.1,4.4,16.6,2.7,5.8,52.15625365707783,31.4333333,119.4833333,8.0,101.45671956173344,13.334946711290264,38.690386645771774,-0.6016240632249227,0.9953031849963362,31.4333333,988.054442348889,0.9990480724184196,2.1972245773362196,-2675.457822111319,4732.066916815046,3322.51548331801,89.99408913382499,21.80140948635181,75.7
2022-08-09,92.8,103.8,80.8,4.2,16.4,2.2,3.9,-47.28351306105098,31.4333333,119.4833333,8.0,102.91711367501914,13.308247457976615,38.580417178897605,-0.6152845999633277,0.9953031849963362,31.4333333,988.054442348889,0.9990480724184196,2.1972245773362196,-2675.457822111319,4732.066916815046,3322.51548331801,89.99408913382499,21.80140948635181,73.5
2022-08-10,96.7,103.8,83.3,4.4,15.7,3.6,5.8,-64.40822535186064,31.4333333,119.4833333,8.0,107.02459299184524,13.281231808708819,38.46804747885721,-0.6287628145958345,0.9953031849963362,31.4333333,988.054442348889,0.9990480724184196,2.1972245773362196,-2675.457822111319,4732.066916815046,3322.51548331801,89.99408913382499,21.80140948635181,74.2
2022-08-11,94.6,103.8,85.3,4.8,14.4,2.9,5.8,81.2825976394663,31.4333333,119.4833333,8.0,104.48498814463619,13.25390970122235,38.353274620486395,-0.6420547132365636,0.9953031849963362,31.4333333,988.054442348889,0.9990480724184196,2.1972245773362196,-2675.457822111319,4732.066916815046,3322.51548331801,89.99408913382499,21.80140948635181,75.4
2022-08-12,94.7,105.3,85.3,3.9,14.1,2.7,5.8,66.2957327674581,31.4333333,119.4833333,8.0,104.37747950353088,13.226290961376668,38.23609670174587,-0.655156357209085,0.9953031849963362,31.4333333,988.054442348889,0.9990480724184196,2.1972245773362196,-2675.457822111319,4732.066916815046,3322.51548331801,89.99408913382499,21.80140948635181,74.9
2022-08-13,94.6,105.3,84.7,3.4,14.4,2.7,7.8,-11.37183592243769,31.4333333,119.4833333,8.0,104.04727076508952,13.198385297897191,38.116512897939344,-0.6680638642135333,0.9953031849963362,31.4333333,988.054442348889,0.9990480724184196,2.1972245773362196,-2675.457822111319,4732.066916815046,3322.51548331801,89.99408913382499,21.80140948635181,75.2
2022-08-14,94.2,106.0,84.4,2.8,14.1,1.5,5.8,42.70190682575656,31.4333333,119.4833333,8.0,103.38608803704669,13.170202297712953,37.99452351525558,-0.6807734094770159,0.9953031849963362,31.4333333,988.054442348889,0.9990480724184196,2.1972245773362196,-2675.457822111319,4732.066916815046,3322.51548331801,89.99408913382499,21.80140948635181,75.0
2022-08-15,97.0,106.2,85.1,1.4,16.5,3.4,5.8,-61.22805732910739,31.4333333,119.4833333,8.0,106.22915732686126,13.141751421879745,37.87013004351017,-0.6932812268869771,0.9953031849963362,31.4333333,988.054442348889,0.9990480724184196,2.1972245773362196,-2675.457822111319,4732.066916815046,3322.51548331801,89.99408913382499,21.80140948635181,74.7
2022-08-16,89.0,106.2,80.6,3.7,12.9,3.9,7.8,20.651859396853602,31.4333333,119.4833333,8.0,97.25506151540563,13.113042002077165,37.74333520796215,-0.7055836101071774,0.9953031849963362,31.4333333,988.054442348889,0.9990480724184196,2.1972245773362196,-2675.457822111319,4732.066916815046,3322.51548331801,89.99408913382499,21.80140948635181,75.1
2022-08-17,87.1,103.6,80.2,5.4,5.4,2.7,3.9,-125.02470123884981,31.4333333,119.4833333,8.0,94.96863750006568,13.084083237666913,37.61414302008192,-0.7176769136759615,0.9953031849963362,31.4333333,988.054442348889,0.9990480724184196,2.1972245773362196,-2675.457822111319,4732.066916815046,3322.51548331801,89.99408913382499,21.80140948635181,78.8
2022-08-18,90.5,99.0,82.6,3.0,8.6,2.4,7.8,-0.6161458164675118,31.4333333,119.4833333,8.0,98.45558495779373,13.054884193298617,37.48255882714619,-0.7295575540864876,0.9953031849963362,31.4333333,988.054442348889,0.9990480724184196,2.1972245773362196,-2675.457822111319,4732.066916815046,3322.51548331801,89.99408913382499,21.80140948635181,79.7
2022-08-19,96.5,105.8,82.9,2.0,14.1,3.2,5.8,-80.76503917100585,31.4333333,119.4833333,8.0,104.74635761793228,13.025453797048574,37.34858936053789,-0.7412220108485957,0.9953031849963362,31.4333333,988.054442348889,0.9990480724184196,2.1972245773362196,-2675.457822111319,4732.066916815046,3322.51548331801,89.99408913382499,21.80140948635181,75.4
2022-08-20,89.2,105.8,82.2,4.6,10.1,3.9,5.8,12.468977932507851,31.4333333,119.4833333,8.0,96.6021195704654,12.995800839076063,37.21224278262947,-0.7526668275320083,0.9953031849963362,31.4333333,988.054442348889,0.9990480724184196,2.1972245773362196,-2675.457822111319,4732.066916815046,3322.51548331801,89.99408913382499,21.80140948635181,77.1
2022-08-21,91.6,102.9,82.2,3.0,9.6,1.9,3.9,-0.5394909972360011,31.4333333,119.4833333,8.0,98.97329597696283,12.965933970781158,37.07352873213031,-0.7638886127905429,0.9953031849963362,31.4333333,988.054442348889,0.9990480724184196,2.1972245773362196,-2675.457822111319,4732.066916815046,3322.51548331801,89.99408913382499,21.80140948635181,78.5
2022-08-22,94.4,105.3,83.7,2.3,15.1,2.4,5.8,6.299954570851163,31.4333333,119.4833333,8.0,101.76211207498746,12.935861704447557,36.93245836778094,-0.7748840413670406,0.9953031849963362,31.4333333,988.054442348889,0.9990480724184196,2.1972245773362196,-2675.457822111319,4732.066916815046,3322.51548331801,89.99408913382499,21.80140948635181,75.1
2022-08-23,86.6,105.3,78.3,7.0,10.5,4.4,5.8,-95.70534001073409,31.4333333,119.4833333,8.0,93.13535858303341,12.90559241335336,36.78904441027915,-0.7856498550787144,0.9953031849963362,31.4333333,988.054442348889,0.9990480724184196,2.1972245773362196,-2675.457822111319,4732.066916815046,3322.51548331801,89.99408913382499,21.80140948635181,74.6
2022-08-24,80.9,100.9,78.3,8.2,11.9,3.9,5.8,-5.788959915510098,31.4333333,119.4833333,8.0,86.79986395714158,12.875134332332497,36.64330118232609,-0.7961828637826154,0.9953031849963362,31.4333333,988.054442348889,0.9990480724184196,2.1972245773362196,-2675.457822111319,4732.066916815046,3322.51548331801,89.99408913382499,21.80140948635181,70.9
2022-08-25,84.3,93.0,78.6,7.4,8.8,3.2,3.9,59.016534984684384,31.4333333,119.4833333,8.0,90.23258130035425,12.844495558769289,36.49524464668373,-0.8064799463209447,0.9953031849963362,31.4333333,988.054442348889,0.9990480724184196,2.1972245773362196,-2675.457822111319,4732.066916815046,3322.51548331801,89.99408913382499,21.80140948635181,73.4
2022-08-26,81.5,93.0,75.7,8.1,4.9,3.4,5.8,-6.899465422375345,31.4333333,119.4833333,8.0,87.0262708668066,12.813684054008334,36.34489244213841,-0.8165380514459157,0.9953031849963362,31.4333333,988.054442348889,0.9990480724184196,2.1972245773362196,-2675.457822111319,4732.066916815046,3322.51548331801,89.99408913382499,21.80140948635181,73.8
2022-08-27,76.7,90.0,74.3,10.6,6.1,3.2,3.9,51.33645126670792,31.4333333,119.4833333,8.0,81.70280636532696,12.782707645161977,36.19226391726931,-0.8263541987239094,0.9953031849963362,31.4333333,988.054442348889,0.9990480724184196,2.1972245773362196,-2675.457822111319,4732.066916815046,3322.51548331801,89.99408913382499,21.80140948635181,72.1
2022-08-28,78.8,84.6,74.3,9.6,12.5,3.4,7.8,-4.001731502832236,31.4333333,119.4833333,8.0,83.73533611258704,12.751574027297519,36.037380161924894,-0.8359254794186365,0.9953031849963362,31.4333333,988.054442348889,0.9990480724184196,2.1972245773362196,-2675.457822111319,4732.066916815046,3322.51548331801,89.99408913382499,21.80140948635181,71.4
2022-08-29,85.4,93.7,75.2,9.3,5.5,1.9,3.9,-1.2998829536345458,31.4333333,119.4833333,8.0,90.52606928460345,12.720290765986434,35.880264036314585,-0.8452490573530634,0.9953031849963362,31.4333333,988.054442348889,0.9990480724184196,2.1972245773362196,-2675.457822111319,4732.066916815046,3322.51548331801,89.99408913382499,21.80140948635181,76.9
2022-08-30,74.3,93.7,70.2,10.6,2.7,3.6,5.8,27.107168493824265,31.4333333,119.4833333,8.0,78.5652243170588,12.688865300197923,35.72094019762842,-0.8543221697498269,0.9953031849963362,31.4333333,988.054442348889,0.9990480724184196,2.1972245773362196,-2675.457822111319,4732.066916815046,3322.51548331801,89.99408913382499,21.80140948635181,71.6
2022-08-31,71.6,77.4,69.1,12.3,2.9,1.7,3.9,121.6362293373745,31.4333333,119.4833333,8.0,75.52191950826538,12.657304945519337,35.55943512410181,-0.8631421280499115,0.9953031849963362,31.4333333,988.054442348889,0.9990480724184196,2.1972245773362196,-2675.457822111319,4732.066916815046,3322.51548331801,89.99408913382499,21.80140948635181,67.9
2022-09-01,76.1,86.2,69.4,13.0,5.1,3.9,5.8,-66.90789467759006,31.4333333,119.4833333,8.0,80.06745382615969,12.625616897686156,35.3957771364483,-0.8717063187093217,0.9953031849963362,31.4333333,988.054442348889,0.9990480724184196,2.1972245773362196,-2675.457822111319,4732.066916815046,3322.51548331801,89.99408913382499,21.80140948635181,66.6
2022-09-02,77.5,86.2,70.0,10.4,13.4,4.4,7.8,-103.95704483558025,31.4333333,119.4833333,8.0,81.33501152677944,12.59380823640456,35.22999641658908,-0.8800122039735356,0.9953031849963362,31.4333333,988.054442348889,0.9990480724184196,2.1972245773362196,-2675.457822111319,4732.066916815046,3322.51548331801,89.99408913382499,21.80140948635181,65.8
2022-09-03,75.2,84.2,72.0,6.4,6.6,2.2,3.9,30.879012414746235,31.4333333,119.4833333,8.0,78.7211518245515,12.561885929449705,35.062125023613106,-0.888057322629493,0.9953031849963362,31.4333333,988.054442348889,0.9990480724184196,2.1972245773362196,-2675.457822111319,4732.066916815046,3322.51548331801,89.99408913382499,21.80140948635181,71.9
2022-09-04,75.7,83.1,72.1,4.3,13.8,2.2,3.9,121.88403275350527,31.4333333,119.4833333,8.0,79.04251354688911,12.529856837023372,34.89219690690873,-0.8958392907349089,0.9953031849963362,31.4333333,988.054442348889,0.9990480724184196,2.1972245773362196,-2675.457822111319,4732.066916815046,3322.51548331801,89.99408913382499,21.80140948635181,70.6
2022-09-05,77.7,86.9,68.7,5.4,13.1,2.2,3.9,166.54444522577467,31.4333333,119.4833333,8.0,80.92278696339677,12.497727716354714,34.72024791641312,-0.9033558023246842,0.9953031849963362,31.4333333,988.054442348889,0.9990480724184196,2.1972245773362196,-2675.457822111319,4732.066916815046,3322.51548331801,89.99408913382499,21.80140948635181,65.6
2022-09-06,80.6,94.1,68.4,12.1,7.6,1.7,3.9,9.469943543376292,31.4333333,119.4833333,8.0,83.72664343818202,12.465505226528341,34.5463158099328,-0.9106046300942162,0.9953031849963362,31.4333333,988.054442348889,0.9990480724184196,2.1972245773362196,-2675.457822111319,4732.066916815046,3322.51548331801,89.99408913382499,21.80140948635181,66.5
2022-09-07,83.2,96.6,69.6,15.8,4.8,2.4,3.9,6.466711001777558,31.4333333,119.4833333,8.0,86.20349180576835,12.433195933524281,34.37044025749507,-0.9175836260593934,0.9953031849963362,31.4333333,988.054442348889,0.9990480724184196,2.1972245773362196,-2675.457822111319,4732.066916815046,3322.51548331801,89.99408913382499,21.80140948635181,67.4
2022-09-08,78.1,96.6,71.1,16.3,2.4,2.9,3.9,37.93919448875371,31.4333333,119.4833333,8.0,80.70858110308373,12.40080631545461,34.192662842696635,-0.9242907221930934,0.9953031849963362,31.4333333,988.054442348889,0.9990480724184196,2.1972245773362196,-2675.457822111319,4732.066916815046,3322.51548331801,89.99408913382499,21.80140948635181,70.0
2022-09-09,75.5,85.1,65.7,15.3,9.7,2.7,3.9,21.509234149646055,31.4333333,119.4833333,8.0,77.81748991522014,12.368342767982009,34.01302706102298,-0.9307239310379793,0.9953031849963362,31.4333333,988.054442348889,0.9990480724184196,2.1972245773362196,-2675.457822111319,4732.066916815046,3322.51548331801,89.99408913382499,21.80140948635181,63.4
2022-09-11,78.1,86.2,70.0,11.3,9.7,2.8,3.9,35.08191043619391,31.4333333,119.4833333,8.0,80.07345090359921,12.303219088901288,33.64836390699623,-0.9427611433904206,0.9953031849963362,31.4333333,988.054442348889,0.9990480724184196,2.1972245773362196,-2675.457822111319,4732.066916815046,3322.51548331801,89.99408913382499,21.80140948635181,65.9
2022-09-12,78.8,86.2,70.5,10.6,8.7,3.2,3.9,88.32263888076413,31.4333333,119.4833333,8.0,80.57675211058458,12.270571387398668,33.46343302717718,-0.9483615800121716,0.9953031849963362,31.4333333,988.054442348889,0.9990480724184196,2.1972245773362196,-2675.457822111319,4732.066916815046,3322.51548331801,89.99408913382499,21.80140948635181,67.5
2022-09-13,72.9,86.2,71.4,10.9,5.2,3.2,3.9,57.58933360252306,31.4333333,119.4833333,8.0,74.34508836867185,12.237874628587958,33.27683674076849,-0.9536809966304455,0.9953031849963362,31.4333333,988.054442348889,0.9990480724184196,2.1972245773362196,-2675.457822111319,4732.066916815046,3322.51548331801,89.99408913382499,21.80140948635181,70.3
2022-09-14,74.3,78.3,71.2,5.1,10.2,4.1,7.8,17.40125523418103,31.4333333,119.4833333,8.0,75.5701268143737,12.2051348825368,33.08862797048146,-0.9587178169872964,0.9953031849963362,31.4333333,988.054442348889,0.9990480724184196,2.1972245773362196,-2675.457822111319,4732.066916815046,3322.51548331801,89.99408913382499,21.80140948635181,70.3
2022-09-15,71.7,78.3,70.9,4.1,4.1,4.6,9.7,14.270729664975828,31.4333333,119.4833333,8.0,72.72984008013853,12.172358172408122,32.89886147660997,-0.9634705485641486,0.9953031849963362,31.4333333,988.054442348889,0.9990480724184196,2.1972245773362196,-2675.457822111319,4732.066916815046,3322.51548331801,89.99408913382499,21.80140948635181,69.4
2022-09-16,75.1,83.7,69.1,6.2,4.5,1.7,5.8,38.25223484003578,31.4333333,119.4833333,8.0,75.97335342545442,12.139550480765022,32.70759383399089,-0.9679377830240642,0.9953031849963362,31.4333333,988.054442348889,0.9990480724184196,2.1972245773362196,-2675.457822111319,4732.066916815046,3322.51548331801,89.99408913382499,21.80140948635181,69.4
2022-09-17,77.9,87.3,68.9,6.9,6.7,3.2,3.9,4.714382519432532,31.4333333,119.4833333,8.0,78.59277609904466,12.106717755950397,32.514883405976605,-0.9721181966290612,0.9953031849963362,31.4333333,988.054442348889,0.9990480724184196,2.1972245773362196,-2675.457822111319,4732.066916815046,3322.51548331801,89.99408913382499,21.80140948635181,70.1
2022-09-18,77.9,87.3,71.6,7.5,8.6,3.2,5.8,8.20931907454791,31.4333333,119.4833333,8.0,78.3795129211174,12.073865918528995,32.32079031545701,-0.9760105506323682,0.9953031849963362,31.4333333,988.054442348889,0.9990480724184196,2.1972245773362196,-2675.457822111319,4732.066916815046,3322.51548331801,89.99408913382499,21.80140948635181,68.0
2022-09-19,74.0,84.7,64.8,12.1,13.3,2.9,5.8,-126.71956758497147,31.4333333,119.4833333,8.0,74.25283868464224,12.041000867779823,32.125376412974774,-0.9796136916454901,0.9953031849963362,31.4333333,988.054442348889,0.9990480724184196,2.1972245773362196,-2675.457822111319,4732.066916815046,3322.51548331801,89.99408913382499,21.80140948635181,59.0
2022-09-20,70.5,84.4,63.9,15.9,13.6,3.9,5.8,-46.0474682187048,31.4333333,119.4833333,8.0,70.547754868333,12.008128488226895,31.928705241984765,-0.9829265519799822,0.9953031849963362,31.4333333,988.054442348889,0.9990480724184196,2.1972245773362196,-2675.457822111319,4732.066916815046,3322.51548331801,89.99408913382499,21.80140948635181,58.1
2022-09-21,69.9,77.2,65.1,14.5,11.0,2.7,3.9,10.716562320064671,31.4333333,119.4833333,8.0,69.75585837234432,11.97525465619645,31.73084200131524,-0.9859481499638303,0.9953031849963362,31.4333333,988.054442348889,0.9990480724184196,2.1972245773362196,-2675.457822111319,4732.066916815046,3322.51548331801,89.99408913382499,21.80140948635181,59.7
2022-09-22,73.8,82.9,64.2,12.7,9.1,1.4,3.9,73.39540898369087,31.4333333,119.4833333,8.0,73.4456692652915,11.942385246388861,31.531853504894727,-0.9886775902323404,0.9953031849963362,31.4333333,988.054442348889,0.9990480724184196,2.1972245773362196,-2675.457822111319,4732.066916815046,3322.51548331801,89.99408913382499,21.80140948635181,62.3
2022-09-23,70.8,82.9,62.1,17.4,11.1,4.1,7.8,-20.708763153297184,31.4333333,119.4833333,8.0,70.26620421687521,11.909526138453426,31.33180813881496,-0.9911140639934546,0.9953031849963362,31.4333333,988.054442348889,0.9990480724184196,2.1972245773362196,-2675.457822111319,4732.066916815046,3322.51548331801,89.99408913382499,21.80140948635181,56.7
2022-09-24,69.3,81.9,61.7,16.7,11.3,2.2,3.9,16.684375427201918,31.4333333,119.4833333,8.0,68.58784561602627,11.876683223554334,31.13077581580667,-0.9932568492674143,0.9953031849963362,31.4333333,988.054442348889,0.9990480724184196,2.1972245773362196,-2675.457822111319,4732.066916815046,3322.51548331801,89.99408913382499,21.80140948635181,57.7
2022-09-25,70.6,76.8,64.6,15.2,11.0,2.4,3.9,-14.262233199346964,31.4333333,119.4833333,8.0,69.68139051755561,11.84386241091597,30.928827927210428,-0.9951053111006974,0.9953031849963362,31.4333333,988.054442348889,0.9990480724184196,2.1972245773362196,-2675.457822111319,4732.066916815046,3322.51548331801,89.99408913382499,21.80140948635181,60.7
2022-09-26,66.4,76.8,62.4,15.2,6.5,2.2,3.9,-70.83249281878251,31.4333333,119.4833333,8.0,65.35458530999132,11.81106963433578,30.726037292531124,-0.99665890175417,0.9953031849963362,31.4333333,988.054442348889,0.9990480724184196,2.1972245773362196,-2675.457822111319,4732.066916815046,3322.51548331801,89.99408913382499,21.80140948635181,61.1
2022-09-27,73.5,81.7,62.4,13.2,9.2,3.6,5.8,129.59649906555876,31.4333333,119.4833333,8.0,72.14215400924802,11.778310858652738,30.522478106669872,-0.9979171608653922,0.9953031849963362,31.4333333,988.054442348889,0.9990480724184196,2.1972245773362196,-2675.457822111319,4732.066916815046,3322.51548331801,89.99408913382499,21.80140948635181,64.7
2022-09-28,67.1,81.7,65.7,13.1,2.1,1.9,1.9,80.64183846226581,31.4333333,119.4833333,8.0,65.67743574844101,11.745592086159348,30.31822588493223,-0.9988797155850335,0.9953031849963362,31.4333333,988.054442348889,0.9990480724184196,2.1972245773362196,-2675.457822111319,4732.066916815046,3322.51548331801,89.99408913382499,21.80140948635181,64.3
2022-09-29,72.5,81.0,65.7,13.3,4.3,2.2,3.9,-82.29696521022755,31.4333333,119.4833333,8.0,70.76555448445974,11.71291936294506,30.11335740591715,-0.9995462806873573,0.9953031849963362,31.4333333,988.054442348889,0.9990480724184196,2.1972245773362196,-2675.457822111319,4732.066916815046,3322.51548331801,89.99408913382499,21.80140948635181,66.0
2022-09-30,76.8,84.0,68.0,12.5,2.2,2.4,3.9,49.96529056215607,31.4333333,119.4833333,8.0,74.75391222501517,11.680298785158621,29.90795065239508,-0.9999166586547379,0.9953031849963362,31.4333333,988.054442348889,0.9990480724184196,2.1972245773362196,-2675.457822111319,4732.066916815046,3322.51548331801,89.99408913382499,21.80140948635181,71.6
2022-10-01,79.2,88.3,72.7,11.0,2.4,2.7,5.8,-11.531091222824674,31.4333333,119.4833333,8.0,76.87506093416735,11.647736505176871,29.70208475028882,-0.9999907397361901,0.9953031849963362,31.4333333,988.054442348889,0.9990480724184196,2.1972245773362196,-2675.457822111319,4732.066916815046,3322.51548331801,89.99408913382499,21.80140948635181,74.7
2022-10-02,86.6,101.1,73.8,9.5,6.8,2.2,5.8,185.45370382696532,31.4333333,119.4833333,8.0,83.82330622349771,11.61523873766712,29.495839905874252,-0.9997685019798909,0.9953031849963362,31.4333333,988.054442348889,0.9990480724184196,2.1972245773362196,-2675.457822111319,4732.066916815046,3322.51548331801,89.99408913382499,21.80140948635181,72.9
2022-10-03,88.7,101.7,75.4,10.4,11.0,2.2,5.8,-19.407348731695244,31.4333333,119.4833333,8.0,85.6162836335429,11.582811765530044,29.289297341322097,-0.9992500112396835,0.9953031849963362,31.4333333,988.054442348889,0.9990480724184196,2.1972245773362196,-2675.457822111319,4732.066916815046,3322.51548331801,89.99408913382499,21.80140948635181,72.1
2022-10-04,62.6,71.8,58.8,22.1,10.9,5.6,7.8,-28.531603178586536,31.4333333,119.4833333,8.0,60.254909816785876,11.550461945709753,29.08253922870554,-0.9984354211555643,0.9953031849963362,31.4333333,988.054442348889,0.9990480724184196,2.1972245773362196,-2675.457822111319,4732.066916815046,3322.51548331801,89.99408913382499,21.80140948635181,56.9
2022-10-05,57.9,71.8,55.4,23.3,7.9,4.1,5.8,27.583113923463465,31.4333333,119.4833333,8.0,55.575294324186906,11.51819571485739,28.87564862260119,-0.9973249731081555,0.9953031849963362,31.4333333,988.054442348889,0.9990480724184196,2.1972245773362196,-2675.457822111319,4732.066916815046,3322.51548331801,89.99408913382499,21.80140948635181,53.7
2022-10-06,56.1,63.1,54.3,23.0,2.3,4.4,5.8,79.63469601381091,31.4333333,119.4833333,8.0,53.697141605850256,11.486019594834278,28.66870939141411,-0.9959189961471792,0.9953031849963362,31.4333333,988.054442348889,0.9990480724184196,2.1972245773362196,-2675.457822111319,4732.066916815046,3322.51548331801,89.99408913382499,21.80140948635181,54.9
2022-10-07,59.3,63.1,54.1,23.9,4.5,1.2,3.9,-46.72841965045993,31.4333333,119.4833333,8.0,56.6015544786495,11.453940198040371,28.4618061475599,-0.994217906893952,0.9953031849963362,31.4333333,988.054442348889,0.9990480724184196,2.1972245773362196,-2675.457822111319,4732.066916815046,3322.51548331801,89.99408913382499,21.80140948635181,54.4
2022-10-08,60.0,66.4,55.4,21.8,3.9,1.7,3.9,48.2014077760839,31.4333333,119.4833333,8.0,57.10982116276661,11.421964232553321,28.255024176638706,-0.9922222094179324,0.9953031849963362,31.4333333,988.054442348889,0.9990480724184196,2.1972245773362196,-2675.457822111319,4732.066916815046,3322.51548331801,89.99408913382499,21.80140948635181,55.9
2022-10-09,60.0,68.5,50.7,24.3,12.1,3.4,3.9,-90.37601906067735,31.4333333,119.4833333,8.0,56.950492535316265,11.390098507063252,28.048449365738218,-0.989932495087353,0.9953031849963362,31.4333333,988.054442348889,0.9990480724184196,2.1972245773362196,-2675.457822111319,4732.066916815046,3322.51548331801,89.99408913382499,21.80140948635181,47.1
2022-10-10,55.5,68.5,46.6,25.7,15.1,3.2,5.8,108.64049286435791,31.4333333,119.4833333,8.0,52.532368452094076,11.358349935587908,27.842168131003444,-0.9873494423939864,0.9953031849963362,31.4333333,988.054442348889,0.9990480724184196,2.1972245773362196,-2675.457822111319,4732.066916815046,3322.51548331801,89.99408913382499,21.80140948635181,35.5
2022-10-11,55.9,68.2,46.6,25.0,8.2,1.2,3.9,-81.01430894808132,31.4333333,119.4833333,8.0,52.76366314959538,11.326725541952497,27.636267344612456,-0.9844738167520923,0.9953031849963362,31.4333333,988.054442348889,0.9990480724184196,2.1972245773362196,-2675.457822111319,4732.066916815046,3322.51548331801,89.99408913382499,21.80140948635181,43.5
2022-10-12,59.4,70.5,47.3,24.3,9.6,2.2,5.8,105.23457318220422,31.4333333,119.4833333,8.0,55.91140069689052,11.295232464018286,27.43083426129786,-0.9813064702716093,0.9953031849963362,31.4333333,988.054442348889,0.9990480724184196,2.1972245773362196,-2675.457822111319,4732.066916815046,3322.51548331801,89.99408913382499,21.80140948635181,49.6
2022-10-13,62.1,73.0,50.0,21.1,7.8,2.4,5.8,12.652212173730764,31.4333333,119.4833333,8.0,58.290568430805486,11.263877957643572,27.22595644455347,-0.9778483415056567,0.9953031849963362,31.4333333,988.054442348889,0.9990480724184196,2.1972245773362196,-2675.457822111319,4732.066916815046,3322.51548331801,89.99408913382499,21.80140948635181,53.7
2022-10-14,64.4,75.0,55.0,18.1,6.5,2.3,3.9,3.1657799978952976,31.4333333,119.4833333,8.0,60.281992448601336,11.232669400360496,27.02172169266633,-0.9741004551724206,0.9953031849963362,31.4333333,988.054442348889,0.9990480724184196,2.1972245773362196,-2675.457822111319,4732.066916815046,3322.51548331801,89.99408913382499,21.80140948635181,55.6
2022-10-15,63.5,75.0,55.6,18.6,6.0,1.9,3.9,140.51029325381563,31.4333333,119.4833333,8.0,59.27520897638894,11.201614294750666,26.818217964712723,-0.970063921851507,0.9953031849963362,31.4333333,988.054442348889,0.9990480724184196,2.1972245773362196,-2675.457822111319,4732.066916815046,3322.51548331801,89.99408913382499,21.80140948635181,55.5
2022-10-16,65.9,75.6,55.2,20.3,4.5,2.2,5.8,169.5962628553008,31.4333333,119.4833333,8.0,61.34587215766815,11.170720271502544,26.61553330665657,-0.965739937654855,0.9953031849963362,31.4333333,988.054442348889,0.9990480724184196,2.1972245773362196,-2675.457822111319,4732.066916815046,3322.51548331801,89.99408913382499,21.80140948635181,55.6
2022-10-17,58.9,75.6,50.5,25.4,15.7,3.9,5.8,42.15868168031825,31.4333333,119.4833333,8.0,54.67880924388683,11.139995092133141,26.413755777687044,-0.9611297838723007,0.9953031849963362,31.4333333,988.054442348889,0.9990480724184196,2.1972245773362196,-2675.457822111319,4732.066916815046,3322.51548331801,89.99408913382499,21.80140948635181,41.5
2022-10-18,55.0,72.0,45.1,25.8,11.0,1.7,3.9,-62.959030881655714,31.4333333,119.4833333,8.0,50.91829715205037,11.109446651356444,26.212973376930403,-0.9562348265919058,0.9953031849963362,31.4333333,988.054442348889,0.9990480724184196,2.1972245773362196,-2675.457822111319,4732.066916815046,3322.51548331801,89.99408913382499,21.80140948635181,40.9
2022-10-19,56.9,68.0,45.0,26.0,8.5,2.2,5.8,15.224828255231785,31.4333333,119.4833333,8.0,52.53331845914204,11.079082979080923,26.013273970669278,-0.9510565162951536,0.9953031849963362,31.4333333,988.054442348889,0.9990480724184196,2.1972245773362196,-2675.457822111319,4732.066916815046,3322.51548331801,89.99408913382499,21.80140948635181,45.7
2022-10-20,61.9,70.7,48.9,23.0,11.4,2.9,5.8,19.06397240617086,31.4333333,119.4833333,8.0,56.99397231507744,11.048912242018245,25.814745220199946,-0.9455963874271428,0.9953031849963362,31.4333333,988.054442348889,0.9990480724184196,2.1972245773362196,-2675.457822111319,4732.066916815046,3322.51548331801,89.99408913382499,21.80140948635181,52.4
2022-10-21,65.8,77.0,55.2,20.3,6.2,1.4,3.9,14.006152744358944,31.4333333,119.4833333,8.0,60.420536051121836,11.018942744885441,25.61747451045537,-0.9398560579418953,0.9953031849963362,31.4333333,988.054442348889,0.9990480724184196,2.1972245773362196,-2675.457822111319,4732.066916815046,3322.51548331801,89.99408913382499,21.80140948635181,56.3
2022-10-22,66.6,77.0,56.1,21.4,2.7,2.2,3.9,22.954745054864524,31.4333333,119.4833333,8.0,60.98996526806419,10.989182931182738,25.421548879518948,-0.9338372288229252,0.9953031849963362,31.4333333,988.054442348889,0.9990480724184196,2.1972245773362196,-2675.457822111319,4732.066916815046,3322.51548331801,89.99408913382499,21.80140948635181,58.7
2022-10-23,60.6,77.0,49.6,23.3,5.0,1.9,3.9,-126.21722633702713,31.4333333,119.4833333,8.0,55.34618898682336,10.959641383529377,25.227054949149803,-0.9275416835791965,0.9953031849963362,31.4333333,988.054442348889,0.9990480724184196,2.1972245773362196,-2675.457822111319,4732.066916815046,3322.51548331801,89.99408913382499,21.80140948635181,52.6
2022-10-24,58.9,73.0,48.6,25.1,6.6,1.9,3.9,49.10104714003809,31.4333333,119.4833333,8.0,53.649687492208834,10.930326823540002,25.03407885643723,-0.9209712877166347,0.9953031849963362,31.4333333,988.054442348889,0.9990480724184196,2.1972245773362196,-2675.457822111319,4732.066916815046,3322.51548331801,89.99408913382499,21.80140948635181,51.1
2022-10-25,62.7,72.0,54.5,23.7,14.4,3.9,7.8,55.40863867665399,31.4333333,119.4833333,8.0,56.95902138114756,10.901248111224412,24.84270618669736,-0.9141279881853337,0.9953031849963362,31.4333333,988.054442348889,0.9990480724184196,2.1972245773362196,-2675.457822111319,4732.066916815046,3322.51548331801,89.99408913382499,21.80140948635181,49.8
2022-10-26,62.2,69.1,58.8,21.2,6.5,2.9,3.9,-67.40455469790406,31.4333333,119.4833333,8.0,56.355347164183506,10.872414243893923,24.653021907720653,-0.9070138128026362,0.9953031849963362,31.4333333,988.054442348889,0.9990480724184196,2.1972245773362196,-2675.457822111319,4732.066916815046,3322.51548331801,89.99408913382499,21.80140948635181,57.0
2022-10-27,62.8,66.2,59.4,23.9,7.6,3.4,3.9,23.742300362158197,31.4333333,119.4833333,8.0,56.74939978885367,10.843834354558027,24.46511030547417,-0.8996308696522434,0.9953031849963362,31.4333333,988.054442348889,0.9990480724184196,2.1972245773362196,-2675.457822111319,4732.066916815046,3322.51548331801,89.99408913382499,21.80140948635181,58.8
2022-10-28,62.0,68.4,57.4,25.3,7.8,3.2,5.8,26.22150012778649,31.4333333,119.4833333,8.0,55.880174833944,10.815517709795612,24.27905492135731,-0.8919813464595487,0.9953031849963362,31.4333333,988.054442348889,0.9990480724184196,2.1972245773362196,-2675.457822111319,4732.066916815046,3322.51548331801,89.99408913382499,21.80140948635181,53.3
2022-10-29,60.7,69.3,55.6,23.7,7.5,2.7,5.8,46.42415703857534,31.4333333,119.4833333,8.0,54.56663783500912,10.787473707085821,24.094938491104408,-0.8840675099433637,0.9953031849963362,31.4333333,988.054442348889,0.9990480724184196,2.1972245773362196,-2675.457822111319,4732.066916815046,3322.51548331801,89.99408913382499,21.80140948635181,51.7
2022-10-30,62.5,69.4,53.2,21.6,3.0,1.7,3.9,-80.20791999722915,31.4333333,119.4833333,8.0,56.04016599783482,10.759711871584285,23.912842885421757,-0.8758917051442433,0.9953031849963362,31.4333333,988.054442348889,0.9990480724184196,2.1972245773362196,-2675.457822111319,4732.066916815046,3322.51548331801,89.99408913382499,21.80140948635181,56.8
2022-10-31,64.1,74.7,55.4,21.9,7.9,2.4,3.9,33.549586200249,31.4333333,119.4833333,8.0,57.32805856120459,10.732241852331594,23.73284905244075,-0.8674563547295971,0.9953031849963362,31.4333333,988.054442348889,0.9990480724184196,2.1972245773362196,-2675.457822111319,4732.066916815046,3322.51548331801,89.99408913382499,21.80140948635181,55.7
2022-11-01,61.7,74.7,52.0,22.1,4.0,2.2,3.9,-26.77325349214783,31.4333333,119.4833333,8.0,55.04191915694254,10.705073417881856,23.555036962063,-0.858763958275803,0.9953031849963362,31.4333333,988.054442348889,0.9990480724184196,2.1972245773362196,-2675.457822111319,4732.066916815046,3322.51548331801,89.99408913382499,21.80140948635181,54.4
2022-11-02,59.4,72.5,50.9,19.0,3.9,2.4,5.8,15.746433690330107,31.4333333,119.4833333,8.0,52.857171434135125,10.67821645134043,23.379485552266026,-0.8498170915275277,0.9953031849963362,31.4333333,988.054442348889,0.9990480724184196,2.1972245773362196,-2675.457822111319,4732.066916815046,3322.51548331801,89.99408913382499,21.80140948635181,51.3
2022-11-03,60.6,70.3,50.9,21.5,6.6,3.9,5.8,64.33973703134394,31.4333333,119.4833333,8.0,53.79098877124682,10.65168094480135,23.206272677432477,-0.8406184056344783,0.9953031849963362,31.4333333,988.054442348889,0.9990480724184196,2.1972245773362196,-2675.457822111319,4732.066916815046,3322.51548331801,89.99408913382499,21.80140948635181,51.1
2022-11-04,54.7,70.0,47.1,26.9,9.2,2.2,3.9,48.8105909368282,31.4333333,119.4833333,8.0,48.434465960562314,10.625476993176376,23.035475058758298,-0.8311706263658079,0.9953031849963362,31.4333333,988.054442348889,0.9990480724184196,2.1972245773362196,-2675.457822111319,4732.066916815046,3322.51548331801,89.99408913382499,21.80140948635181,46.4
2022-11-05,53.5,65.1,46.9,26.2,5.9,1.4,3.9,-66.49741404998917,31.4333333,119.4833333,8.0,47.256615927199825,10.599614787409307,22.8671682367884,-0.8214765533024145,0.9953031849963362,31.4333333,988.054442348889,0.9990480724184196,2.1972245773362196,-2675.457822111319,4732.066916815046,3322.51548331801,89.99408913382499,21.80140948635181,42.3
2022-11-06,56.8,68.4,47.1,21.3,4.4,2.4,5.8,29.541217231806193,31.4333333,119.4833333,8.0,50.0507618068029,10.574104607071037,22.70142652612176,-0.8115390590073611,0.9953031849963362,31.4333333,988.054442348889,0.9990480724184196,2.1972245773362196,-2675.457822111319,4732.066916815046,3322.51548331801,89.99408913382499,21.80140948635181,49.3
2022-11-07,61.0,75.6,48.6,21.0,3.5,1.0,1.9,132.91049374742795,31.4333333,119.4833333,8.0,53.623863796024445,10.548956812332678,22.538322972319538,-0.801361088174677,0.9953031849963362,31.4333333,988.054442348889,0.9990480724184196,2.1972245773362196,-2675.457822111319,4732.066916815046,3322.51548331801,89.99408913382499,21.80140948635181,52.3
2022-11-08,62.6,75.6,50.7,21.1,4.7,2.8,5.8,-52.73676603277549,31.4333333,119.4833333,8.0,54.901148574233034,10.524181835316236,22.377929311043495,-0.7909456567567774,0.9953031849963362,31.4333333,988.054442348889,0.9990480724184196,2.1972245773362196,-2675.457822111319,4732.066916815046,3322.51548331801,89.99408913382499,21.80140948635181,54.6
2022-11-09,62.7,72.9,55.8,19.0,2.4,2.2,5.8,84.03229379104043,31.4333333,119.4833333,8.0,54.86140364255839,10.499790170824571,22.22031592944377,-0.780295851070776,0.9953031849963362,31.4333333,988.054442348889,0.9990480724184196,2.1972245773362196,-2675.457822111319,4732.066916815046,3322.51548331801,89.99408913382499,21.80140948635181,58.5
2022-11-10,67.2,80.1,56.8,18.9,1.7,2.7,3.9,47.03072622505043,31.4333333,119.4833333,8.0,58.66443725214612,10.475792366454664,22.065551829807664,-0.7694148268839381,0.9953031849963362,31.4333333,988.054442348889,0.9990480724184196,2.1972245773362196,-2675.457822111319,4732.066916815046,3322.51548331801,89.99408913382499,21.80140948635181,61.7
2022-11-11,68.0,80.1,59.0,16.7,2.5,2.4,3.9,61.80807345699036,31.4333333,119.4833333,8.0,59.22912773523798,10.45219901210082,21.913704595473682,-0.7583058084785625,0.9953031849963362,31.4333333,988.054442348889,0.9990480724184196,2.1972245773362196,-2675.457822111319,4732.066916815046,3322.51548331801,89.99408913382499,21.80140948635181,65.7
2022-11-12,68.6,85.5,55.8,16.5,5.4,4.1,5.8,-23.29074074680441,31.4333333,119.4833333,8.0,59.619235166632194,10.429020728856944,21.764840359007156,-0.7469720876965551,0.9953031849963362,31.4333333,988.054442348889,0.9990480724184196,2.1972245773362196,-2675.457822111319,4732.066916815046,3322.51548331801,89.99408913382499,21.80140948635181,60.6
2022-11-13,53.1,55.4,50.0,24.5,8.9,3.2,5.8,-22.83821226993004,31.4333333,119.4833333,8.0,46.04773659618468,10.40626815732987,21.619023772626573,-0.7354170229639858,0.9953031849963362,31.4333333,988.054442348889,0.9990480724184196,2.1972245773362196,-2675.457822111319,4732.066916815046,3322.51548331801,89.99408913382499,21.80140948635181,45.0
2022-11-14,49.6,55.9,47.7,22.0,3.5,1.2,3.9,99.14580369933726,31.4333333,119.4833333,8.0,42.92033470756458,10.383951945378527,21.476317980861474,-0.7236440382959124,0.9953031849963362,31.4333333,988.054442348889,0.9990480724184196,2.1972245773362196,-2675.457822111319,4732.066916815046,3322.51548331801,89.99408913382499,21.80140948635181,44.7
2022-11-15,53.7,61.3,45.5,20.9,3.6,1.9,3.9,-12.794649305362654,31.4333333,119.4833333,8.0,46.37032024045236,10.362082735296616,21.33678459541615,-0.711656622281775,0.9953031849963362,31.4333333,988.054442348889,0.9990480724184196,2.1972245773362196,-2675.457822111319,4732.066916815046,3322.51548331801,89.99408913382499,21.80140948635181,43.6
2022-11-18,61.3,63.0,56.1,19.9,1.1,1.0,1.9,-94.04505266974886,31.4333333,119.4833333,8.0,52.61206936905391,10.299263171756069,20.937811534283327,-0.6744436188329457,0.9953031849963362,31.4333333,988.054442348889,0.9990480724184196,2.1972245773362196,-2675.457822111319,4732.066916815046,3322.51548331801,89.99408913382499,21.80140948635181,59.9
2022-11-19,59.9,63.0,57.9,18.5,1.4,2.4,3.9,28.249742709238348,31.4333333,119.4833333,8.0,51.31077828265869,10.279287802869854,20.811552475317402,-0.661634618242279,0.9953031849963362,31.4333333,988.054442348889,0.9990480724184196,2.1972245773362196,-2675.457822111319,4732.066916815046,3322.51548331801,89.99408913382499,21.80140948635181,58.0
2022-11-20,56.5,66.0,48.4,18.7,3.0,1.2,3.9,-65.33851742579984,31.4333333,119.4833333,8.0,48.3066152060342,10.259812079157706,20.68875015860092,-0.6486295610349818,0.9953031849963362,31.4333333,988.054442348889,0.9990480724184196,2.1972245773362196,-2675.457822111319,4732.066916815046,3322.51548331801,89.99408913382499,21.80140948635181,51.3
2022-11-21,61.7,69.3,47.7,17.0,2.5,3.6,5.8,68.29256619304932,31.4333333,119.4833333,8.0,52.65501812189463,10.240846312199928,20.569456589407867,-0.6354323008901775,0.9953031849963362,31.4333333,988.054442348889,0.9990480724184196,2.1972245773362196,-2675.457822111319,4732.066916815046,3322.51548331801,89.99408913382499,21.80140948635181,55.3
2022-11-22,58.6,69.3,52.9,17.6,4.9,2.4,3.9,36.29755807788388,31.4333333,119.4833333,8.0,49.919390108648656,10.222400704842729,20.453722122278627,-0.622046748440868,0.9953031849963362,31.4333333,988.054442348889,0.9990480724184196,2.1972245773362196,-2675.457822111319,4732.066916815046,3322.51548331801,89.99408913382499,21.80140948635181,56.1
2022-11-23,58.2,63.7,53.6,20.5,3.3,1.2,1.9,84.91208830674343,31.4333333,119.4833333,8.0,49.491753874444754,10.204485334937063,20.34159545173545,-0.6084768701151264,0.9953031849963362,31.4333333,988.054442348889,0.9990480724184196,2.1972245773362196,-2675.457822111319,4732.066916815046,3322.51548331801,89.99408913382499,21.80140948635181,54.1
2022-11-24,58.5,68.5,52.5,18.9,4.8,2.4,5.8,67.01817020773964,31.4333333,119.4833333,8.0,49.6621619267449,10.187110138819467,20.23312360465832,-0.594726686960764,0.9953031849963362,31.4333333,988.054442348889,0.9990480724184196,2.1972245773362196,-2675.457822111319,4732.066916815046,3322.51548331801,89.99408913382499,21.80140948635181,52.9
2022-11-25,60.1,69.6,52.5,15.7,2.6,0.7,1.9,-72.31250210373676,31.4333333,119.4833333,8.0,50.93617684703674,10.170284894583043,20.128351934231212,-0.5808002734538013,0.9953031849963362,31.4333333,988.054442348889,0.9990480724184196,2.1972245773362196,-2675.457822111319,4732.066916815046,3322.51548331801,89.99408913382499,21.80140948635181,55.3
2022-11-26,61.3,69.6,53.4,16.5,3.0,2.4,3.9,-8.76791206458168,31.4333333,119.4833333,8.0,51.87011477317658,10.154019205189543,20.027324115364042,-0.5667017562911184,0.9953031849963362,31.4333333,988.054442348889,0.9990480724184196,2.1972245773362196,-2675.457822111319,4732.066916815046,3322.51548331801,89.99408913382499,21.80140948635181,53.8
2022-11-27,62.6,69.4,57.0,10.5,4.4,2.2,5.8,64.30368151410767,31.4333333,119.4833333,8.0,52.88824894503227,10.138322481475834,19.930082141491837,-0.5524353131676203,0.9953031849963362,31.4333333,988.054442348889,0.9990480724184196,2.1972245773362196,-2675.457822111319,4732.066916815046,3322.51548331801,89.99408913382499,21.80140948635181,55.0
2022-11-28,61.5,68.7,55.4,11.0,2.7,3.2,5.8,0.2634509926828148,31.4333333,119.4833333,8.0,51.881420116190974,10.123203925110435,19.83666632264857,-0.5380051715382992,0.9953031849963362,31.4333333,988.054442348889,0.9990480724184196,2.1972245773362196,-2675.457822111319,4732.066916815046,3322.51548331801,89.99408913382499,21.80140948635181,59.4
2022-11-29,43.8,68.4,33.4,28.2,5.6,4.9,7.8,146.44008062891754,31.4333333,119.4833333,8.0,36.89665466718604,10.10867251155782,19.747115284710507,-0.5234156073655503,0.9953031849963362,31.4333333,988.054442348889,0.9990480724184196,2.1972245773362196,-2675.457822111319,4732.066916815046,3322.51548331801,89.99408913382499,21.80140948635181,40.4
2022-11-30,33.6,54.5,31.1,36.6,15.5,2.7,3.9,56.64194946152633,31.4333333,119.4833333,8.0,28.265263524708054,10.094736973110018,19.66146596970107,-0.5086709438521042,0.9953031849963362,31.4333333,988.054442348889,0.9990480724184196,2.1972245773362196,-2675.457822111319,4732.066916815046,3322.51548331801,89.99408913382499,21.80140948635181,21.6
2022-12-01,35.9,37.9,31.1,34.1,14.3,1.5,1.9,-134.67486876519843,31.4333333,119.4833333,8.0,30.160205631289163,10.081405782046517,19.579753637047457,-0.49377555015997737,0.9953031849963362,31.4333333,988.054442348889,0.9990480724184196,2.1972245773362196,-2675.457822111319,4732.066916815046,3322.51548331801,89.99408913382499,21.80140948635181,19.8
2022-12-02,40.2,41.7,30.7,27.0,9.5,1.7,3.9,88.48710451062341,31.4333333,119.4833333,8.0,33.73010189884898,10.068687133984769,19.50201186567774,-0.4787338401157883,0.9953031849963362,31.4333333,988.054442348889,0.9990480724184196,2.1972245773362196,-2675.457822111319,4732.066916815046,3322.51548331801,89.99408913382499,21.80140948635181,27.7
2022-12-03,41.8,43.0,34.7,26.3,0.9,3.2,5.8,-72.23222029561204,31.4333333,119.4833333,8.0,35.030451444670774,10.056588931484434,19.42827255684646,-0.4635502709028512,0.9953031849963362,31.4333333,988.054442348889,0.9990480724184196,2.1972245773362196,-2675.457822111319,4732.066916815046,3322.51548331801,89.99408913382499,21.80140948635181,40.4
2022-12-04,42.1,45.1,39.6,30.7,4.9,3.4,7.8,-54.943371790898155,31.4333333,119.4833333,8.0,35.24162501095823,10.045118767969091,19.358565937576646,-0.4482293417404106,0.9953031849963362,31.4333333,988.054442348889,0.9990480724184196,2.1972245773362196,-2675.457822111319,4732.066916815046,3322.51548331801,89.99408913382499,21.80140948635181,40.1
2022-12-05,40.2,48.7,32.7,29.9,6.3,0.7,1.9,50.0898642192134,31.4333333,119.4833333,8.0,33.61485110529818,10.034283912029307,19.2929205646066,-0.4327755925504317,0.9953031849963362,31.4333333,988.054442348889,0.9990480724184196,2.1972245773362196,-2675.457822111319,4732.066916815046,3322.51548331801,89.99408913382499,21.80140948635181,34.0
2022-12-06,41.0,52.5,32.2,26.3,3.4,1.1,1.9,81.80082932124697,31.4333333,119.4833333,8.0,34.24897858158351,10.024091292170782,19.23136332873099,-0.41719360261231697,0.9953031849963362,31.4333333,988.054442348889,0.9990480724184196,2.1972245773362196,-2675.457822111319,4732.066916815046,3322.51548331801,89.99408913382499,21.80140948635181,35.5
2022-12-07,47.0,52.5,34.7,24.8,3.9,2.2,3.9,16.23561330952044,31.4333333,119.4833333,8.0,39.22364430477687,10.01454748207069,19.17391945942736,-0.4014879892059737,0.9953031849963362,31.4333333,988.054442348889,0.9990480724184196,2.1972245773362196,-2675.457822111319,4732.066916815046,3322.51548331801,89.99408913382499,21.80140948635181,40.8
2022-12-08,49.0,51.8,43.0,22.8,1.3,1.0,1.9,-29.43171330455896,31.4333333,119.4833333,8.0,40.85643963615125,10.005658686404388,19.120612529661983,-0.38566340624360745,0.9953031849963362,31.4333333,988.054442348889,0.9990480724184196,2.1972245773362196,-2675.457822111319,4732.066916815046,3322.51548331801,89.99408913382499,21.80140948635181,45.8
2022-12-09,48.9,51.8,48.0,21.0,0.5,2.4,3.9,-14.222760111708663,31.4333333,119.4833333,8.0,40.73953021376074,9.997430727303248,19.071464460771516,-0.3697245428906732,0.9953031849963362,31.4333333,988.054442348889,0.9990480724184196,2.1972245773362196,-2675.457822111319,4732.066916815046,3322.51548331801,89.99408913382499,21.80140948635181,47.5
2022-12-10,47.5,53.2,39.4,23.9,2.3,3.9,7.8,-10.67735019766059,31.4333333,119.4833333,8.0,39.5432315830312,9.98986903150262,19.026495527321092,-0.3536761221763721,0.9953031849963362,31.4333333,988.054442348889,0.9990480724184196,2.1972245773362196,-2675.457822111319,4732.066916815046,3322.51548331801,89.99408913382499,21.80140948635181,42.1
2022-12-11,42.4,53.2,37.6,26.9,8.4,3.4,5.8,-14.736734476256178,31.4333333,119.4833333,8.0,35.27319111776963,9.982978618236688,18.985724361843246,-0.33752289959411347,0.9953031849963362,31.4333333,988.054442348889,0.9990480724184196,2.1972245773362196,-2675.457822111319,4732.066916815046,3322.51548331801,89.99408913382499,21.80140948635181,32.0
2022-12-12,40.5,48.9,30.6,25.6,4.1,3.4,5.8,-32.73525524576101,31.4333333,119.4833333,8.0,33.671578796778874,9.97676408793448,18.949167959367504,-0.32126966169236515,0.9953031849963362,31.4333333,988.054442348889,0.9990480724184196,2.1972245773362196,-2675.457822111319,4732.066916815046,3322.51548331801,89.99408913382499,21.80140948635181,29.6
2022-12-13,42.5,54.1,30.6,28.8,5.2,3.2,7.8,34.972160638490514,31.4333333,119.4833333,8.0,35.31477154167916,9.971229611768232,18.916841681655303,-0.3049212246562894,0.9953031849963362,31.4333333,988.054442348889,0.9990480724184196,2.1972245773362196,-2675.457822111319,4732.066916815046,3322.51548331801,89.99408913382499,21.80140948635181,26.1
2022-12-14,35.9,54.1,29.1,28.5,10.7,1.7,3.9,98.49885051801496,31.4333333,119.4833333,8.0,29.81608360862192,9.966378922102034,18.888759261061548,-0.2884824328806098,0.9953031849963362,31.4333333,988.054442348889,0.9990480724184196,2.1972245773362196,-2675.457822111319,4732.066916815046,3322.51548331801,89.99408913382499,21.80140948635181,20.0
2022-12-15,45.5,56.1,28.8,23.4,5.9,3.2,5.8,-20.357271209728026,31.4333333,119.4833333,8.0,37.773399693897254,9.962215303884989,18.864932803949873,-0.27195815753410524,0.9953031849963362,31.4333333,988.054442348889,0.9990480724184196,2.1972245773362196,-2675.457822111319,4732.066916815046,3322.51548331801,89.99408913382499,21.80140948635181,31.6
2022-12-16,39.2,56.1,33.4,32.4,5.4,4.4,7.8,-40.80971850583717,31.4333333,119.4833333,8.0,32.531889184294876,9.958741587029042,18.845372793596294,-0.2553532951161881,0.9953031849963362,31.4333333,988.054442348889,0.9990480724184196,2.1972245773362196,-2675.457822111319,4732.066916815046,3322.51548331801,89.99408913382499,21.80140948635181,34.8
2022-12-17,32.2,46.8,26.1,36.3,10.8,6.1,9.7,87.04419317441017,31.4333333,119.4833333,8.0,26.715159708483178,9.955960139807395,18.83008809252292,-0.23867276600594997,0.9953031849963362,31.4333333,988.054442348889,0.9990480724184196,2.1972245773362196,-2675.457822111319,4732.066916815046,3322.51548331801,89.99408913382499,21.80140948635181,12.8
2022-12-18,30.9,43.0,22.6,28.6,11.3,2.7,5.8,57.929234766302486,31.4333333,119.4833333,8.0,25.631222623009727,9.953872863304749,18.8190859442112,-0.22192151300416674,0.9953031849963362,31.4333333,988.054442348889,0.9990480724184196,2.1972245773362196,-2675.457822111319,4732.066916815046,3322.51548331801,89.99408913382499,21.80140948635181,12.9
2022-12-19,36.3,53.2,21.9,25.0,9.6,1.2,3.9,110.2189167782419,31.4333333,119.4833333,8.0,30.106255590511232,9.952481186945862,18.812371974152576,-0.20510449986861926,0.9953031849963362,31.4333333,988.054442348889,0.9990480724184196,2.1972245773362196,-2675.457822111319,4732.066916815046,3322.51548331801,89.99408913382499,21.80140948635181,21.4
2022-12-20,44.9,53.2,25.3,20.4,6.3,3.4,5.8,-52.14806942796366,31.4333333,119.4833333,8.0,37.23626619367149,9.951786065123784,18.80995019020244,-0.1882267098432439,0.9953031849963362,31.4333333,988.054442348889,0.9990480724184196,2.1972245773362196,-2675.457822111319,4732.066916815046,3322.51548331801,89.99408913382499,21.80140948635181,29.9
2022-12-21,43.9,53.8,32.5,17.0,5.4,4.4,7.8,-53.92227897226934,31.4333333,119.4833333,8.0,36.40695767500344,9.951787974943992,18.811822982212142,-0.1712931441814778,0.9953031849963362,31.4333333,988.054442348889,0.9990480724184196,2.1972245773362196,-2675.457822111319,4732.066916815046,3322.51548331801,89.99408913382499,21.80140948635181,24.6
2022-12-22,35.9,53.8,28.9,23.9,13.1,3.6,5.8,23.10196626217867,31.4333333,119.4833333,8.0,29.77452335432674,9.952486915095289,18.817991120922624,-0.154308820664281,0.9953031849963362,31.4333333,988.054442348889,0.9990480724184196,2.1972245773362196,-2675.457822111319,4732.066916815046,3322.51548331801,89.99408913382499,21.80140948635181,8.4
2022-12-23,32.1,44.6,23.4,26.2,10.6,1.9,3.9,31.35962473028146,31.4333333,119.4833333,8.0,26.626635435656553,9.953882405852916,18.82845375611212,-0.13727877211326517,0.9953031849963362,31.4333333,988.054442348889,0.9990480724184196,2.1972245773362196,-2675.457822111319,4732.066916815046,3322.51548331801,89.99408913382499,21.80140948635181,10.0
2022-12-24,31.6,44.6,21.7,28.9,9.5,1.5,3.9,8.428488426050318,31.4333333,119.4833333,8.0,26.217396857563102,9.955973490213836,18.84320841399938,-0.12020804489935275,0.9953031849963362,31.4333333,988.054442348889,0.9990480724184196,2.1972245773362196,-2675.457822111319,4732.066916815046,3322.51548331801,89.99408913382499,21.80140948635181,13.6
2022-12-25,33.6,44.6,20.7,29.2,6.0,1.0,3.9,27.302561936071157,31.4333333,119.4833333,8.0,27.884524461244514,9.958758736158755,18.862250993912962,-0.10310169744743544,0.9953031849963362,31.4333333,988.054442348889,0.9990480724184196,2.1972245773362196,-2675.457822111319,4732.066916815046,3322.51548331801,89.99408913382499,21.80140948635181,22.6
2022-12-26,36.2,44.2,23.2,29.6,2.6,0.7,1.9,-53.62222596381672,31.4333333,119.4833333,8.0,30.05274599075702,9.96223624002995,18.885575764246024,-0.0859647987374467,0.9953031849963362,31.4333333,988.054442348889,0.9990480724184196,2.1972245773362196,-2675.457822111319,4732.066916815046,3322.51548331801,89.99408913382499,21.80140948635181,28.8
2022-12-27,40.3,46.6,26.8,31.1,3.0,1.0,1.9,3.6026551577814123,31.4333333,119.4833333,8.0,33.47050552747088,9.966403631008697,18.91317535772493,-0.06880242680232064,0.9953031849963362,31.4333333,988.054442348889,0.9990480724184196,2.1972245773362196,-2675.457822111319,4732.066916815046,3322.51548331801,89.99408913382499,21.80140948635181,26.4
2022-12-28,40.3,46.6,28.6,33.4,1.5,1.7,3.9,37.03036195643631,31.4333333,119.4833333,8.0,33.48680837415295,9.971258076670853,18.945040766028807,-0.05161966722325418,0.9953031849963362,31.4333333,988.054442348889,0.9990480724184196,2.1972245773362196,-2675.457822111319,4732.066916815046,3322.51548331801,89.99408913382499,21.80140948635181,30.9
2022-12-29,37.6,44.2,32.5,34.3,3.0,0.7,3.9,-0.40589411424921806,31.4333333,119.4833333,8.0,31.260628374061643,9.97679628959414,18.981161333805332,-0.034421611622745804,0.9953031849963362,31.4333333,988.054442348889,0.9990480724184196,2.1972245773362196,-2675.457822111319,4732.066916815046,3322.51548331801,89.99408913382499,21.80140948635181,27.7
2022-12-30,36.0,47.7,26.4,33.4,4.0,1.2,1.9,39.37539434613936,31.4333333,119.4833333,8.0,29.949043604957374,9.983014534985791,19.02152475213679,-0.01721335615583528,0.9953031849963362,31.4333333,988.054442348889,0.9990480724184196,2.1972245773362196,-2675.457822111319,4732.066916815046,3322.51548331801,89.99408913382499,21.80140948635181,25.6
2022-12-31,40.5,52.0,25.3,31.9,3.5,1.9,3.9,2.2484934574809934,31.4333333,119.4833333,8.0,33.71594165761963,9.989908639294706,19.066117051517583,6.432490598706546e-16,0.9953031849963362,31.4333333,988.054442348889,0.9990480724184196,2.1972245773362196,-2675.457822111319,4732.066916815046,3322.51548331801,89.99408913382499,21.80140948635181,26.4
2023-01-01,43.5,52.0,27.9,31.8,3.0,1.9,3.9,-18.66436965951575,31.4333333,119.4833333,8.0,36.24084324915843,9.997473999767843,19.114922594412665,0.017213356155834685,0.9953031849963362,31.4333333,988.054442348889,0.9990480724184196,2.1972245773362196,-2675.457822111319,4732.066916815046,3322.51548331801,89.99408913382499,21.80140948635181,31.7
2023-01-02,43.8,47.8,39.0,33.2,3.4,1.7,1.9,-26.038244198551475,31.4333333,119.4833333,8.0,36.52082542140933,10.005705594906665,19.167924067472754,0.03442161162274574,0.9953031849963362,31.4333333,988.054442348889,0.9990480724184196,2.1972245773362196,-2675.457822111319,4732.066916815046,3322.51548331801,89.99408913382499,21.80140948635181,35.5
2023-01-03,38.8,51.4,28.9,31.7,6.6,1.2,3.9,-3.5083293915448923,31.4333333,119.4833333,8.0,32.38053351967464,10.014597995775663,19.225102473489407,0.051619667223253764,0.9953031849963362,31.4333333,988.054442348889,0.9990480724184196,2.1972245773362196,-2675.457822111319,4732.066916815046,3322.51548331801,89.99408913382499,21.80140948635181,26.9
2023-01-04,43.7,53.2,28.4,29.1,4.1,3.2,7.8,-116.8525333239548,31.4333333,119.4833333,8.0,36.50459608529024,10.024145378111736,19.28643712317854,0.06880242680231986,0.9953031849963362,31.4333333,988.054442348889,0.9990480724184196,2.1972245773362196,-2675.457822111319,4732.066916815046,3322.51548331801,89.99408913382499,21.80140948635181,32.6
2023-01-05,49.6,55.2,38.5,28.2,2.9,2.2,3.9,39.28713610846144,31.4333333,119.4833333,8.0,41.4752783454114,10.034341535180177,19.351905626887298,0.08596479873744647,0.9953031849963362,31.4333333,988.054442348889,0.9990480724184196,2.1972245773362196,-2675.457822111319,4732.066916815046,3322.51548331801,89.99408913382499,21.80140948635181,36.2
2023-01-06,48.5,59.5,36.3,25.2,2.3,4.1,7.8,83.97426480688398,31.4333333,119.4833333,8.0,40.59926872742016,10.045179891320451,19.42148388632337,0.10310169744743485,0.9953031849963362,31.4333333,988.054442348889,0.9990480724184196,2.1972245773362196,-2675.457822111319,4732.066916815046,3322.51548331801,89.99408913382499,21.80140948635181,35.0
2023-01-07,46.5,65.5,34.2,22.5,2.6,1.2,3.9,-13.051065855274798,31.4333333,119.4833333,8.0,38.96953237497582,10.056653516122793,19.495146086411168,0.1202080448993527,0.9953031849963362,31.4333333,988.054442348889,0.9990480724184196,2.1972245773362196,-2675.457822111319,4732.066916815046,3322.51548331801,89.99408913382499,21.80140948635181,34.4
2023-01-08,48.1,70.9,34.5,21.0,2.9,1.0,1.9,-102.62831498632993,31.4333333,119.4833333,8.0,40.35892684952566,10.068755139174801,19.572864687382257,0.13727877211326478,0.9953031849963362,31.4333333,988.054442348889,0.9990480724184196,2.1972245773362196,-2675.457822111319,4732.066916815046,3322.51548331801,89.99408913382499,21.80140948635181,36.3
2023-01-09,50.0,70.9,35.4,26.3,3.3,3.9,5.8,162.45200661888106,31.4333333,119.4833333,8.0,42.006154855483004,10.08147716531592,19.65461041721133,0.15430882066428117,0.9953031849963362,31.4333333,988.054442348889,0.9990480724184196,2.1972245773362196,-2675.457822111319,4732.066916815046,3322.51548331801,89.99408913382499,21.80140948635181,39.1
2023-01-10,44.2,62.1,37.6,25.8,7.1,3.9,7.8,-23.4654473377486,31.4333333,119.4833333,8.0,37.182556392739905,10.094811690336625,19.74035226451114,0.1712931441814776,0.9953031849963362,31.4333333,988.054442348889,0.9990480724184196,2.1972245773362196,-2675.457822111319,4732.066916815046,3322.51548331801,89.99408913382499,21.80140948635181,35.8
2023-01-11,51.5,60.4,37.4,18.7,3.9,3.1,5.8,-62.793241709424336,31.4333333,119.4833333,8.0,43.383387635709994,10.108750517058638,19.830057472001915,0.1882267098432442,0.9953031849963362,31.4333333,988.054442348889,0.9990480724184196,2.1972245773362196,-2675.457822111319,4732.066916815046,3322.51548331801,89.99408913382499,21.80140948635181,45.0
2023-01-12,59.4,68.0,39.6,11.2,1.8,1.7,3.9,-12.688193038088071,31.4333333,119.4833333,8.0,50.11026160007452,10.123285171732228,19.923691530671945,0.2051044998686192,0.9953031849963362,31.4333333,988.054442348889,0.9990480724184196,2.1972245773362196,-2675.457822111319,4732.066916815046,3322.51548331801,89.99408913382499,21.80140948635181,54.4
2023-01-13,58.6,68.0,46.4,10.6,0.9,2.9,5.8,55.78772361006547,31.4333333,119.4833333,8.0,49.5092204626879,10.138406920686942,20.02121817474682,0.2219215130041655,0.9953031849963362,31.4333333,988.054442348889,0.9990480724184196,2.1972245773362196,-2675.457822111319,4732.066916815046,3322.51548331801,89.99408913382499,21.80140948635181,58.0
2023-01-14,37.8,62.1,28.8,23.1,7.5,5.1,9.7,-14.219314078224556,31.4333333,119.4833333,8.0,31.985436379593537,10.154106787172552,20.12259937758446,0.2386727660059501,0.9953031849963362,31.4333333,988.054442348889,0.9990480724184196,2.1972245773362196,-2675.457822111319,4732.066916815046,3322.51548331801,89.99408913382499,21.80140948635181,34.2
2023-01-15,29.0,49.3,27.1,31.0,9.9,3.9,3.9,26.834887441321143,31.4333333,119.4833333,8.0,24.57840762345935,10.170375568328007,20.227795348612812,0.255353295116187,0.9953031849963362,31.4333333,988.054442348889,0.9990480724184196,2.1972245773362196,-2675.457822111319,4732.066916815046,3322.51548331801,89.99408913382499,21.80140948635181,19.0
2023-01-16,32.4,37.8,26.6,31.0,11.0,2.2,3.9,-2.6393176993026835,31.4333333,119.4833333,8.0,27.50545040098677,10.187203852217323,20.33676453142545,0.2719581575341055,0.9953031849963362,31.4333333,988.054442348889,0.9990480724184196,2.1972245773362196,-2675.457822111319,4732.066916815046,3322.51548331801,89.99408913382499,21.80140948635181,16.4
2023-01-17,36.4,43.0,27.3,29.8,7.6,3.2,5.8,-65.16169546054054,31.4333333,119.4833333,8.0,30.95389883911457,10.204582034872935,20.449463603148697,0.288482432880609,0.9953031849963362,31.4333333,988.054442348889,0.9990480724184196,2.1972245773362196,-2675.457822111319,4732.066916815046,3322.51548331801,89.99408913382499,21.80140948635181,20.1
2023-01-18,35.4,46.8,25.7,28.5,4.9,2.9,5.8,-15.229298838280844,31.4333333,119.4833333,8.0,30.15637599500192,10.222500337288787,20.565847475191177,0.30492122465628907,0.9953031849963362,31.4333333,988.054442348889,0.9990480724184196,2.1972245773362196,-2675.457822111319,4732.066916815046,3322.51548331801,89.99408913382499,21.80140948635181,22.0
2023-01-19,39.5,53.1,25.5,26.6,6.6,2.7,5.8,53.58330724000349,31.4333333,119.4833333,8.0,33.709789873429,10.240948822307546,20.68586929548391,0.3212696616923644,0.9953031849963362,31.4333333,988.054442348889,0.9990480724184196,2.1972245773362196,-2675.457822111319,4732.066916815046,3322.51548331801,89.99408913382499,21.80140948635181,23.8
2023-01-20,42.3,53.1,27.9,29.9,5.8,3.4,3.9,29.851302243486032,31.4333333,119.4833333,8.0,36.16620887500373,10.259917411348578,20.809480452315213,0.3375228995941133,0.9953031849963362,31.4333333,988.054442348889,0.9990480724184196,2.1972245773362196,-2675.457822111319,4732.066916815046,3322.51548331801,89.99408913382499,21.80140948635181,30.1
2023-01-21,45.5,52.3,38.1,22.6,5.3,5.3,9.7,-58.6540668314475,31.4333333,119.4833333,8.0,38.97604279101052,10.27939590092585,20.936630579860907,0.3536761221763716,0.9953031849963362,31.4333333,988.054442348889,0.9990480724184196,2.1972245773362196,-2675.457822111319,4732.066916815046,3322.51548331801,89.99408913382499,21.80140948635181,37.8
2023-01-22,42.1,52.3,40.3,22.2,1.5,2.4,3.9,-53.18508793080565,31.4333333,119.4833333,8.0,36.13363704266727,10.299373978907534,21.067267565505308,0.3697245428906731,0.9953031849963362,31.4333333,988.054442348889,0.9990480724184196,2.1972245773362196,-2675.457822111319,4732.066916815046,3322.51548331801,89.99408913382499,21.80140948635181,40.5
2023-01-23,39.0,44.4,29.7,29.3,2.9,3.4,9.7,42.39647268506059,31.4333333,119.4833333,8.0,33.53948403153389,10.319841240471966,21.201337559043903,0.38566340624360707,0.9953031849963362,31.4333333,988.054442348889,0.9990480724184196,2.1972245773362196,-2675.457822111319,4732.066916815046,3322.51548331801,89.99408913382499,21.80140948635181,35.7
2023-01-24,26.3,44.4,17.6,38.4,11.1,3.2,5.8,74.7882107363536,31.4333333,119.4833333,8.0,22.663558621480874,10.34078720371751,21.338784983852815,0.401487989205973,0.9953031849963362,31.4333333,988.054442348889,0.9990480724184196,2.1972245773362196,-2675.457822111319,4732.066916815046,3322.51548331801,89.99408913382499,21.80140948635181,11.0
2023-01-25,27.2,35.4,17.1,27.1,11.7,2.4,5.8,-11.81224042337768,31.4333333,119.4833333,8.0,23.48765633641018,10.362201324886845,21.47955255010442,0.4171936026123168,0.9953031849963362,31.4333333,988.054442348889,0.9990480724184196,2.1972245773362196,-2675.457822111319,4732.066916815046,3322.51548331801,89.99408913382499,21.80140948635181,15.8
2023-01-26,36.6,45.7,21.0,26.9,6.7,1.9,3.9,26.29235358007874,31.4333333,119.4833333,8.0,31.671422690166754,10.384073013169427,21.62358127010227,0.4327755925504312,0.9953031849963362,31.4333333,988.054442348889,0.9990480724184196,2.1972245773362196,-2675.457822111319,4732.066916815046,3322.51548331801,89.99408913382499,21.80140948635181,20.2
2023-01-27,31.8,45.7,23.0,32.5,9.6,2.7,3.9,-51.03765575549352,31.4333333,119.4833333,8.0,27.576937859379385,10.406391645048824,21.77081047580194,0.4482293417404106,0.9953031849963362,31.4333333,988.054442348889,0.9990480724184196,2.1972245773362196,-2675.457822111319,4732.066916815046,3322.51548331801,89.99408913382499,21.80140948635181,12.0
2023-01-28,35.6,44.8,23.0,28.1,10.2,3.4,5.8,-18.859892014024247,31.4333333,119.4833333,8.0,30.939801515222637,10.429146578164934,21.921177838577513,0.4635502709028509,0.9953031849963362,31.4333333,988.054442348889,0.9990480724184196,2.1972245773362196,-2675.457822111319,4732.066916815046,3322.51548331801,89.99408913382499,21.80140948635181,12.7
2023-01-29,38.5,53.6,26.4,25.0,9.7,3.4,7.8,-118.74594916835926,31.4333333,119.4833333,8.0,33.53454965329748,10.45232716466415,22.074619391286284,0.47873384011578846,0.9953031849963362,31.4333333,988.054442348889,0.9990480724184196,2.1972245773362196,-2675.457822111319,4732.066916815046,3322.51548331801,89.99408913382499,21.80140948635181,17.1
2023-01-30,41.1,60.1,26.1,20.8,7.2,1.2,3.9,60.46813278236162,31.4333333,119.4833333,8.0,35.88003546674678,10.475922764013658,22.231069552677234,0.49377555015997715,0.9953031849963362,31.4333333,988.054442348889,0.9990480724184196,2.1972245773362196,-2675.457822111319,4732.066916815046,3322.51548331801,89.99408913382499,21.80140948635181,23.5
2023-01-31,46.7,67.8,29.3,15.1,6.6,1.0,3.9,-5.019078934721367,31.4333333,119.4833333,8.0,40.86219938921704,10.499922755259195,22.390461154180702,0.5086709438521044,0.9953031849963362,31.4333333,988.054442348889,0.9990480724184196,2.1972245773362196,-2675.457822111319,4732.066916815046,3322.51548331801,89.99408913382499,21.80140948635181,28.6
2023-02-01,45.7,67.8,33.8,24.4,8.6,6.1,9.7,81.4084059597385,31.4333333,119.4833333,8.0,40.080105522998295,10.524316548708523,22.55272546910983,0.5234156073655503,0.9953031849963362,31.4333333,988.054442348889,0.9990480724184196,2.1972245773362196,-2675.457822111319,4732.066916815046,3322.51548331801,89.99408913382499,21.80140948635181,27.7
2023-02-02,38.9,61.5,37.0,27.8,8.9,3.4,5.8,53.665212524299065,31.4333333,119.4833333,8.0,34.19664507702557,10.549093597025884,22.71779224429566,0.5380051715382996,0.9953031849963362,31.4333333,988.054442348889,0.9990480724184196,2.1972245773362196,-2675.457822111319,4732.066916815046,3322.51548331801,89.99408913382499,21.80140948635181,28.7
2023-02-03,38.8,48.0,31.3,25.2,4.8,1.9,3.9,74.39131159555454,31.4333333,119.4833333,8.0,34.1900536785124,10.574243405725484,22.885589734170672,0.5524353131676196,0.9953031849963362,31.4333333,988.054442348889,0.9990480724184196,2.1972245773362196,-2675.457822111319,4732.066916815046,3322.51548331801,89.99408913382499,21.80140948635181,31.9
2023-02-04,42.6,51.4,30.9,24.4,5.8,3.6,5.8,-24.00220484295445,31.4333333,119.4833333,8.0,37.62913217784477,10.599755543054863,23.056044737306934,0.5667017562911176,0.9953031849963362,31.4333333,988.054442348889,0.9990480724184196,2.1972245773362196,-2675.457822111319,4732.066916815046,3322.51548331801,89.99408913382499,21.80140948635181,32.2
2023-02-05,45.7,51.4,34.2,19.9,2.4,4.4,5.8,-46.49693102403621,31.4333333,119.4833333,8.0,40.465901497604364,10.62561964926154,23.229082635407448,0.5808002734538009,0.9953031849963362,31.4333333,988.054442348889,0.9990480724184196,2.1972245773362196,-2675.457822111319,4732.066916815046,3322.51548331801,89.99408913382499,21.80140948635181,41.7
2023-02-06,47.4,48.7,41.5,18.0,0.6,1.9,3.9,137.10009929189025,31.4333333,119.4833333,8.0,42.07471050869378,10.65182544523893,23.404627434741133,0.5947266869607634,0.9953031849963362,31.4333333,988.054442348889,0.9990480724184196,2.1972245773362196,-2675.457822111319,4732.066916815046,3322.51548331801,89.99408913382499,21.80140948635181,46.5
2023-02-07,47.7,53.1,43.7,23.0,2.7,3.1,3.9,49.61784939131781,31.4333333,119.4833333,8.0,42.44649189368548,10.678362740549806,23.58260181000388,0.6084768701151261,0.9953031849963362,31.4333333,988.054442348889,0.9990480724184196,2.1972245773362196,-2675.457822111319,4732.066916815046,3322.51548331801,89.99408913382499,21.80140948635181,43.0
2023-02-08,45.1,53.1,43.5,24.7,3.2,5.1,5.8,79.54144354218582,31.4333333,119.4833333,8.0,40.23379058177799,10.705221440827847,23.76292715058011,0.6220467484408675,0.9953031849963362,31.4333333,988.054442348889,0.9990480724184196,2.1972245773362196,-2675.457822111319,4732.066916815046,3322.51548331801,89.99408913382499,21.80140948635181,40.8
2023-02-09,45.6,47.7,43.5,19.4,1.4,3.6,5.8,-134.07921875658513,31.4333333,119.4833333,8.0,40.78308790732778,10.732391554559943,23.945523609171676,0.6354323008901774,0.9953031849963362,31.4333333,988.054442348889,0.9990480724184196,2.1972245773362196,-2675.457822111319,4732.066916815046,3322.51548331801,89.99408913382499,21.80140948635181,44.3
2023-02-10,44.0,47.7,43.0,21.0,2.3,3.6,5.8,-10.686159593852247,31.4333333,119.4833333,8.0,39.45283173059719,10.759863199253779,24.1303101527528,0.6486295610349814,0.9953031849963362,31.4333333,988.054442348889,0.9990480724184196,2.1972245773362196,-2675.457822111319,4732.066916815046,3322.51548331801,89.99408913382499,21.80140948635181,41.0
2023-02-11,47.5,50.4,43.0,17.5,1.9,4.4,5.8,57.036305103588035,31.4333333,119.4833333,8.0,42.70102198603028,10.787626606997122,24.317204615802442,0.6616346182422783,0.9953031849963362,31.4333333,988.054442348889,0.9990480724184196,2.1972245773362196,-2675.457822111319,4732.066916815046,3322.51548331801,89.99408913382499,21.80140948635181,46.0
2023-02-12,49.4,53.6,43.7,15.0,3.3,3.6,7.8,-77.92066949615752,31.4333333,119.4833333,8.0,44.52451693276581,10.815672129416798,24.50612375575781,0.6744436188329455,0.9953031849963362,31.4333333,988.054442348889,0.9990480724184196,2.1972245773362196,-2675.457822111319,4732.066916815046,3322.51548331801,89.99408913382499,21.80140948635181,47.9
2023-02-13,39.5,53.6,36.9,26.7,5.6,3.2,5.8,26.82572443956639,31.4333333,119.4833333,8.0,35.69480121340452,10.843990242046942,24.696983310625466,0.6870527672236669,0.9953031849963362,31.4333333,988.054442348889,0.9990480724184196,2.1972245773362196,-2675.457822111319,4732.066916815046,3322.51548331801,89.99408913382499,21.80140948635181,33.0
2023-02-14,38.8,44.6,33.8,29.8,9.3,2.7,5.8,2.4272392159236613,31.4333333,119.4833333,8.0,35.15464800557951,10.872571548117376,24.889698058679336,0.699458327051647,0.9953031849963362,31.4333333,988.054442348889,0.9990480724184196,2.1972245773362196,-2675.457822111319,4732.066916815046,3322.51548331801,89.99408913382499,21.80140948635181,27.3
2023-02-15,39.0,49.5,30.6,32.6,7.0,1.9,3.9,-128.46618946803224,31.4333333,119.4833333,8.0,35.42957204076646,10.901406781774295,25.08418188016797,0.7116566222817746,0.9953031849963362,31.4333333,988.054442348889,0.9990480724184196,2.1972245773362196,-2675.457822111319,4732.066916815046,3322.51548331801,89.99408913382499,21.80140948635181,26.9
2023-02-16,44.7,50.7,30.7,27.8,5.0,3.9,7.8,-32.184561421697325,31.4333333,119.4833333,8.0,40.71606337003042,10.93048681074642,25.280347820946893,0.7236440382959124,0.9953031849963362,31.4333333,988.054442348889,0.9990480724184196,2.1972245773362196,-2675.457822111319,4732.066916815046,3322.51548331801,89.99408913382499,21.80140948635181,33.8
2023-02-17,48.8,52.5,36.5,21.1,2.8,2.2,3.9,-27.980584672116777,31.4333333,119.4833333,8.0,44.569864063114785,10.95980263847085,25.478108157945055,0.7354170229639855,0.9953031849963362,31.4333333,988.054442348889,0.9990480724184196,2.1972245773362196,-2675.457822111319,4732.066916815046,3322.51548331801,89.99408913382499,21.80140948635181,41.4
2023-02-18,53.1,60.8,44.6,21.5,2.0,2.7,5.8,-67.31597434759601,31.4333333,119.4833333,8.0,48.627853420194,10.989345405693559,25.67737446636872,0.7469720876965552,0.9953031849963362,31.4333333,988.054442348889,0.9990480724184196,2.1972245773362196,-2675.457822111319,4732.066916815046,3322.51548331801,89.99408913382499,21.80140948635181,45.6
2023-02-19,43.7,60.8,33.1,27.5,4.1,2.7,5.8,37.000281302502145,31.4333333,119.4833333,8.0,40.12791244259879,11.019106391560308,25.87805768853963,0.7583058084785624,0.9953031849963362,31.4333333,988.054442348889,0.9990480724184196,2.1972245773362196,-2675.457822111319,4732.066916815046,3322.51548331801,89.99408913382499,21.80140948635181,30.7
2023-02-20,44.6,56.1,32.0,31.3,5.0,2.7,3.9,-35.32925424307277,31.4333333,119.4833333,8.0,41.065736236162806,11.049077014214207,26.08006820425933,0.7694148268839378,0.9953031849963362,31.4333333,988.054442348889,0.9990480724184196,2.1972245773362196,-2675.457822111319,4732.066916815046,3322.51548331801,89.99408913382499,21.80140948635181,30.2
2023-02-21,41.7,56.1,35.4,34.5,10.7,5.3,7.8,-20.551470186341806,31.4333333,119.4833333,8.0,38.50038968743584,11.07924883091679,26.28331590258564,0.7802958510707755,0.9953031849963362,31.4333333,988.054442348889,0.9990480724184196,2.1972245773362196,-2675.457822111319,4732.066916815046,3322.51548331801,89.99408913382499,21.80140948635181,28.7
2023-02-22,43.1,47.3,35.8,26.9,7.9,2.8,3.9,95.68779294077159,31.4333333,119.4833333,8.0,39.90202862294067,11.109613537709699,26.48771025490265,0.7909456567567772,0.9953031849963362,31.4333333,988.054442348889,0.9990480724184196,2.1972245773362196,-2675.457822111319,4732.066916815046,3322.51548331801,89.99408913382499,21.80140948635181,33.2
2023-02-23,40.7,46.9,38.7,24.5,2.1,3.2,3.9,6.144080152784718,31.4333333,119.4833333,8.0,37.78371940195202,11.1401629686345,26.693160389160766,0.8013610881746766,0.9953031849963362,31.4333333,988.054442348889,0.9990480724184196,2.1972245773362196,-2675.457822111319,4732.066916815046,3322.51548331801,89.99408913382499,21.80140948635181,37.7
2023-02-24,44.2,51.1,38.7,31.0,2.7,2.2,3.9,-7.023112183194442,31.4333333,119.4833333,8.0,41.14610816484568,11.170889094528238,26.89957516515926,0.8115390590073611,0.9953031849963362,31.4333333,988.054442348889,0.9990480724184196,2.1972245773362196,-2675.457822111319,4732.066916815046,3322.51548331801,89.99408913382499,21.80140948635181,37.2
2023-02-25,39.3,51.1,27.7,39.3,9.6,2.9,5.8,53.81805394593157,31.4333333,119.4833333,8.0,36.68584267012604,11.201784021412532,27.106863250739565,0.8214765533024142,0.9953031849963362,31.4333333,988.054442348889,0.9990480724184196,2.1972245773362196,-2675.457822111319,4732.066916815046,3322.51548331801,89.99408913382499,21.80140948635181,27.1
2023-02-26,39.6,50.4,27.0,37.2,8.7,2.7,5.8,102.88919643128324,31.4333333,119.4833333,8.0,37.068371962030184,11.232839988493994,27.314933198754147,0.8311706263658079,0.9953031849963362,31.4333333,988.054442348889,0.9990480724184196,2.1972245773362196,-2675.457822111319,4732.066916815046,3322.51548331801,89.99408913382499,21.80140948635181,25.4
2023-02-27,43.7,54.7,32.2,29.4,4.8,4.9,9.7,-110.8755893933143,31.4333333,119.4833333,8.0,41.01991310709919,11.264049365793827,27.523693524672577,0.8406184056344782,0.9953031849963362,31.4333333,988.054442348889,0.9990480724184196,2.1972245773362196,-2675.457822111319,4732.066916815046,3322.51548331801,89.99408913382499,21.80140948635181,34.2
2023-02-28,51.9,60.6,34.5,23.9,5.8,1.2,1.9,-1.3845289640101548,31.4333333,119.4833333,8.0,48.85262511740974,11.295404651424217,27.733052784683462,0.8498170915275278,0.9953031849963362,31.4333333,988.054442348889,0.9990480724184196,2.1972245773362196,-2675.457822111319,4732.066916815046,3322.51548331801,89.99408913382499,21.80140948635181,40.4
2023-03-01,51.8,64.6,38.7,27.6,2.7,2.9,5.8,32.44612097536327,31.4333333,119.4833333,8.0,48.894445055817705,11.326898468529198,27.94291965414869,0.8587639582758029,0.9953031849963362,31.4333333,988.054442348889,0.9990480724184196,2.1972245773362196,-2675.457822111319,4732.066916815046,3322.51548331801,89.99408913382499,21.80140948635181,38.3
2023-03-02,46.6,64.6,35.2,30.4,5.3,2.2,5.8,-16.612161416386044,31.4333333,119.4833333,8.0,44.10893316540661,11.358523561907282,28.15320300626425,0.8674563547295969,0.9953031849963362,31.4333333,988.054442348889,0.9990480724184196,2.1972245773362196,-2675.457822111319,4732.066916815046,3322.51548331801,89.99408913382499,21.80140948635181,28.7
2023-03-03,43.5,59.5,34.9,25.7,4.7,1.2,5.8,64.24885049092477,31.4333333,119.4833333,8.0,41.28973887945742,11.39027279433308,28.36381199078028,0.8758917051442429,0.9953031849963362,31.4333333,988.054442348889,0.9990480724184196,2.1972245773362196,-2675.457822111319,4732.066916815046,3322.51548331801,89.99408913382499,21.80140948635181,33.9
2023-03-04,53.0,69.3,36.1,25.5,2.9,1.5,3.9,137.44633363328748,31.4333333,119.4833333,8.0,50.447781213127065,11.422139142594807,28.574656112631693,0.8840675099433636,0.9953031849963362,31.4333333,988.054442348889,0.9990480724184196,2.1972245773362196,-2675.457822111319,4732.066916815046,3322.51548331801,89.99408913382499,21.80140948635181,38.2
2023-03-05,56.4,73.8,41.9,22.6,3.4,1.9,3.9,116.91593072503088,31.4333333,119.4833333,8.0,53.83434375834203,11.454115693264262,28.78564531033021,0.8919813464595485,0.9953031849963362,31.4333333,988.054442348889,0.9990480724184196,2.1972245773362196,-2675.457822111319,4732.066916815046,3322.51548331801,89.99408913382499,21.80140948635181,40.0
2023-03-06,60.2,78.6,42.6,19.5,6.2,1.5,5.8,-27.461081150944647,31.4333333,119.4833333,8.0,57.62241478504852,11.486195638215651,28.99669003396775,0.8996308696522433,0.9953031849963362,31.4333333,988.054442348889,0.9990480724184196,2.1972245773362196,-2675.457822111319,4732.066916815046,3322.51548331801,89.99408913382499,21.80140948635181,39.6
2023-03-07,62.4,79.3,47.5,17.4,6.0,1.0,3.9,-38.307703213638256,31.4333333,119.4833333,8.0,59.89553580352787,11.518372269909207,29.207701322681626,0.9070138128026359,0.9953031849963362,31.4333333,988.054442348889,0.9990480724184196,2.1972245773362196,-2675.457822111319,4732.066916815046,3322.51548331801,89.99408913382499,21.80140948635181,42.2
2023-03-08,65.8,79.3,51.4,17.2,5.6,4.4,5.8,128.93511689151848,31.4333333,119.4833333,8.0,63.33600372089624,11.550638976455241,29.418590881431914,0.9141279881853337,0.9953031849963362,31.4333333,988.054442348889,0.9990480724184196,2.1972245773362196,-2675.457822111319,4732.066916815046,3322.51548331801,89.99408913382499,21.80140948635181,51.3
2023-03-09,63.8,79.2,52.0,17.5,4.0,2.4,5.8,7.600346100919685,31.4333333,119.4833333,8.0,61.5828927739201,11.582989236474,29.629271156942668,0.9209712877166346,0.9953031849963362,31.4333333,988.054442348889,0.9990480724184196,2.1972245773362196,-2675.457822111319,4732.066916815046,3322.51548331801,89.99408913382499,21.80140948635181,50.5
2023-03-10,67.8,82.2,50.2,15.9,7.6,2.2,5.8,-40.1002583307213,31.4333333,119.4833333,8.0,65.62710386777917,11.615416613766225,29.839655412659397,0.9275416835791966,0.9953031849963362,31.4333333,988.054442348889,0.9990480724184196,2.1972245773362196,-2675.457822111319,4732.066916815046,3322.51548331801,89.99408913382499,21.80140948635181,47.5
2023-03-11,64.6,82.2,51.4,18.9,4.5,2.7,3.9,48.373680422418786,31.4333333,119.4833333,8.0,62.70460774723884,11.647914751809074,30.049657802577396,0.9338372288229252,0.9953031849963362,31.4333333,988.054442348889,0.9990480724184196,2.1972245773362196,-2675.457822111319,4732.066916815046,3322.51548331801,89.99408913382499,21.80140948635181,50.9
2023-03-12,50.3,78.8,41.2,29.5,7.2,2.9,5.8,-20.97261319883856,31.4333333,119.4833333,8.0,48.96066763458437,11.6804773680917,30.259193443796992,0.9398560579418954,0.9953031849963362,31.4333333,988.054442348889,0.9990480724184196,2.1972245773362196,-2675.457822111319,4732.066916815046,3322.51548331801,89.99408913382499,21.80140948635181,36.3
2023-03-13,51.1,63.3,40.3,20.0,8.5,2.9,5.8,-26.783207150492807,31.4333333,119.4833333,8.0,49.87827670736292,11.713098248304403,30.468178487664574,0.9455963874271426,0.9953031849963362,31.4333333,988.054442348889,0.9990480724184196,2.1972245773362196,-2675.457822111319,4732.066916815046,3322.51548331801,89.99408913382499,21.80140948635181,33.0
2023-03-14,59.3,75.0,39.7,12.3,8.0,2.2,5.8,91.5950275065909,31.4333333,119.4833333,8.0,58.043686212952224,11.745771240395054,30.67653018936104,0.9510565162951535,0.9953031849963362,31.4333333,988.054442348889,0.9990480724184196,2.1972245773362196,-2675.457822111319,4732.066916815046,3322.51548331801,89.99408913382499,21.80140948635181,40.1
2023-03-15,56.6,75.7,44.4,21.6,5.2,5.3,9.7,-44.699378236055715,31.4333333,119.4833333,8.0,55.555212338787044,11.778490248506087,30.884166975802355,0.9562348265919056,0.9953031849963362,31.4333333,988.054442348889,0.9990480724184196,2.1972245773362196,-2675.457822111319,4732.066916815046,3322.51548331801,89.99408913382499,21.80140948635181,40.2
2023-03-16,52.2,75.7,43.5,23.6,10.2,8.3,11.7,-75.49308899483773,31.4333333,119.4833333,8.0,51.37893413660251,11.811249226805174,31.091008511720602,0.9611297838723007,0.9953031849963362,31.4333333,988.054442348889,0.9990480724184196,2.1972245773362196,-2675.457822111319,4732.066916815046,3322.51548331801,89.99408913382499,21.80140948635181,35.8
2023-03-17,44.8,59.7,43.0,22.8,5.3,3.4,5.8,-25.0537747998533,31.4333333,119.4833333,8.0,44.217757446696865,11.844042173222375,31.296975763797754,0.9657399376548549,0.9953031849963362,31.4333333,988.054442348889,0.9990480724184196,2.1972245773362196,-2675.457822111319,4732.066916815046,3322.51548331801,89.99408913382499,21.80140948635181,41.5
2023-03-18,49.3,54.3,43.9,22.5,5.0,1.7,3.9,29.185082147863525,31.4333333,119.4833333,8.0,48.794112664095174,11.87686312310633,31.501991062728777,0.9700639218515071,0.9953031849963362,31.4333333,988.054442348889,0.9990480724184196,2.1972245773362196,-2675.457822111319,4732.066916815046,3322.51548331801,89.99408913382499,21.80140948635181,40.8
2023-03-19,52.0,57.2,46.8,16.2,8.1,3.9,7.8,-59.91748350072225,31.4333333,119.4833333,8.0,51.60872661885159,11.909706142811906,31.705978163095274,0.9741004551724205,0.9953031849963362,31.4333333,988.054442348889,0.9990480724184196,2.1972245773362196,-2675.457822111319,4732.066916815046,3322.51548331801,89.99408913382499,21.80140948635181,40.7
2023-03-20,53.9,58.8,46.2,10.4,1.8,2.2,3.9,5.891064083611877,31.4333333,119.4833333,8.0,53.64202257684792,11.942565323231449,31.90886230093562,0.9778483415056568,0.9953031849963362,31.4333333,988.054442348889,0.9990480724184196,2.1972245773362196,-2675.457822111319,4732.066916815046,3322.51548331801,89.99408913382499,21.80140948635181,49.8
2023-03-21,56.8,59.5,49.6,7.4,1.6,2.3,3.9,32.034007775159566,31.4333333,119.4833333,8.0,56.6837245935335,11.975434773281725,32.110570248903265,0.9813064702716093,0.9953031849963362,31.4333333,988.054442348889,0.9990480724184196,2.1972245773362196,-2675.457822111319,4732.066916815046,3322.51548331801,89.99408913382499,21.80140948635181,55.0
2023-03-22,57.2,59.5,54.3,6.9,1.9,3.2,5.8,82.32008642147208,31.4333333,119.4833333,8.0,57.23960439034198,12.008308613358457,32.31103036890977,0.9844738167520922,0.9953031849963362,31.4333333,988.054442348889,0.9990480724184196,2.1972245773362196,-2675.457822111319,4732.066916815046,3322.51548331801,89.99408913382499,21.80140948635181,55.7
2023-03-23,52.0,59.4,49.3,15.4,2.9,3.6,3.9,-37.14234509942354,31.4333333,119.4833333,8.0,52.178450864671206,12.041180968770277,32.51017266215576,0.9873494423939864,0.9953031849963362,31.4333333,988.054442348889,0.9990480724184196,2.1972245773362196,-2675.457822111319,4732.066916815046,3322.51548331801,89.99408913382499,21.80140948635181,44.6
2023-03-24,46.6,55.4,41.7,21.9,10.4,2.9,3.9,72.62768040749297,31.4333333,119.4833333,8.0,46.887545156953244,12.074045963163925,32.70792881645828,0.989932495087353,0.9953031849963362,31.4333333,988.054442348889,0.9990480724184196,2.1972245773362196,-2675.457822111319,4732.066916815046,3322.51548331801,89.99408913382499,21.80140948635181,35.0
2023-03-25,47.5,51.3,41.7,20.6,9.6,2.7,3.9,-36.560271391962175,31.4333333,119.4833333,8.0,47.92313677647821,12.10689771195239,32.904232250790045,0.9922222094179323,0.9953031849963362,31.4333333,988.054442348889,0.9990480724184196,2.1972245773362196,-2675.457822111319,4732.066916815046,3322.51548331801,89.99408913382499,21.80140948635181,34.5
2023-03-26,53.1,62.1,42.4,21.8,5.9,1.5,3.9,41.55689025586463,31.4333333,119.4833333,8.0,53.718306647228275,12.1397303157578,33.09901815695227,0.994217906893952,0.9953031849963362,31.4333333,988.054442348889,0.9990480724184196,2.1972245773362196,-2675.457822111319,4732.066916815046,3322.51548331801,89.99408913382499,21.80140948635181,39.0
2023-03-27,53.3,65.5,41.7,21.8,4.2,2.4,5.8,2.3284003238211994,31.4333333,119.4833333,8.0,54.06635563432078,12.17253785388085,33.29222353830965,0.995918996147179,0.9953031849963362,31.4333333,988.054442348889,0.9990480724184196,2.1972245773362196,-2675.457822111319,4732.066916815046,3322.51548331801,89.99408913382499,21.80140948635181,39.6
2023-03-28,58.7,68.4,41.0,21.4,5.4,4.9,9.7,-61.28880872888703,31.4333333,119.4833333,8.0,59.70432949811397,12.205314377808648,33.48378724552302,0.9973249731081555,0.9953031849963362,31.4333333,988.054442348889,0.9990480724184196,2.1972245773362196,-2675.457822111319,4732.066916815046,3322.51548331801,89.99408913382499,21.80140948635181,38.1
2023-03-29,56.6,68.4,50.9,18.6,5.9,4.6,7.8,55.66504839705719,31.4333333,119.4833333,8.0,57.722820917512415,12.23805390477295,33.6736500092225,0.9984354211555643,0.9953031849963362,31.4333333,988.054442348889,0.9990480724184196,2.1972245773362196,-2675.457822111319,4732.066916815046,3322.51548331801,89.99408913382499,21.80140948635181,47.1
2023-03-30,55.1,62.4,50.7,17.6,4.0,3.6,5.8,-37.354818354973105,31.4333333,119.4833333,8.0,56.343195638878214,12.270750411370935,33.8617544695708,0.9992500112396835,0.9953031849963362,31.4333333,988.054442348889,0.9990480724184196,2.1972245773362196,-2675.457822111319,4732.066916815046,3322.51548331801,89.99408913382499,21.80140948635181,49.4
2023-03-31,56.9,61.3,52.2,16.4,3.5,2.9,5.8,-47.82104868084083,31.4333333,119.4833333,8.0,58.3386113642614,12.303397827260753,34.0480452026745,0.9997685019798909,0.9953031849963362,31.4333333,988.054442348889,0.9990480724184196,2.1972245773362196,-2675.457822111319,4732.066916815046,3322.51548331801,89.99408913382499,21.80140948635181,49.1
2023-04-01,60.1,70.3,51.6,13.8,4.3,2.2,3.9,-12.528367852638134,31.4333333,119.4833333,8.0,61.78275006162965,12.335990028944355,34.232468743807715,0.9999907397361901,0.9953031849963362,31.4333333,988.054442348889,0.9990480724184196,2.1972245773362196,-2675.457822111319,4732.066916815046,3322.51548331801,89.99408913382499,21.80140948635181,51.9
2023-04-02,64.7,73.8,51.6,13.9,9.4,6.6,7.8,43.627051507574535,31.4333333,119.4833333,8.0,66.68694149476458,12.36852083365031,34.41497360742102,0.9999166586547379,0.9953031849963362,31.4333333,988.054442348889,0.9990480724184196,2.1972245773362196,-2675.457822111319,4732.066916815046,3322.51548331801,89.99408913382499,21.80140948635181,46.7
2023-04-03,59.1,73.8,57.0,10.2,7.3,7.4,11.7,-23.374644078467686,31.4333333,119.4833333,8.0,61.07484616714777,12.400983993329497,34.59551030391538,0.9995462806873573,0.9953031849963362,31.4333333,988.054442348889,0.9990480724184196,2.1972245773362196,-2675.457822111319,4732.066916815046,3322.51548331801,89.99408913382499,21.80140948635181,50.6
2023-04-05,51.8,62.6,50.0,16.3,4.7,3.1,5.8,-44.663368606643246,31.4333333,119.4833333,8.0,53.810194069806116,12.465682023893308,34.950491294814526,0.9979171608653922,0.9953031849963362,31.4333333,988.054442348889,0.9990480724184196,2.1972245773362196,-2675.457822111319,4732.066916815046,3322.51548331801,89.99408913382499,21.80140948635181,43.8
2023-04-06,53.1,56.7,50.0,17.0,2.3,3.4,5.8,-140.87814291528994,31.4333333,119.4833333,8.0,55.30322528894089,12.497904020099636,35.12484669526299,0.9966589017541702,0.9953031849963362,31.4333333,988.054442348889,0.9990480724184196,2.1972245773362196,-2675.457822111319,4732.066916815046,3322.51548331801,89.99408913382499,21.80140948635181,48.5
2023-04-07,54.7,65.7,43.5,23.0,5.4,1.9,3.9,6.581941244463777,31.4333333,119.4833333,8.0,57.11606531810974,12.530032610919868,35.29705615149696,0.9951053111006976,0.9953031849963362,31.4333333,988.054442348889,0.9990480724184196,2.1972245773362196,-2675.457822111319,4732.066916815046,3322.51548331801,89.99408913382499,21.80140948635181,43.4
2023-04-08,55.1,67.5,43.0,23.3,7.4,1.7,3.9,-0.4110928819657129,31.4333333,119.4833333,8.0,57.680797386221585,12.562061136745173,35.467080291639704,0.9932568492674143,0.9953031849963362,31.4333333,988.054442348889,0.9990480724184196,2.1972245773362196,-2675.457822111319,4732.066916815046,3322.51548331801,89.99408913382499,21.80140948635181,35.8
2023-04-09,60.7,74.1,43.9,15.6,4.5,1.2,3.9,-37.5618115740406,31.4333333,119.4833333,8.0,63.70456319796377,12.593982839795144,35.63488177233305,0.9911140639934547,0.9953031849963362,31.4333333,988.054442348889,0.9990480724184196,2.1972245773362196,-2675.457822111319,4732.066916815046,3322.51548331801,89.99408913382499,21.80140948635181,45.4
2023-04-10,68.9,84.7,49.3,9.4,6.2,2.2,5.8,-93.39183219117679,31.4333333,119.4833333,8.0,72.49308251709527,12.625790859290904,35.800425272955415,0.9886775902323405,0.9953031849963362,31.4333333,988.054442348889,0.9990480724184196,2.1972245773362196,-2675.457822111319,4732.066916815046,3322.51548331801,89.99408913382499,21.80140948635181,53.8
2023-04-11,71.3,84.7,58.6,12.8,4.7,2.5,3.9,-0.12720389528353948,31.4333333,119.4833333,8.0,75.2065164645672,12.657478226855632,35.96367748672031,0.9859481499638304,0.9953031849963362,31.4333333,988.054442348889,0.9990480724184196,2.1972245773362196,-2675.457822111319,4732.066916815046,3322.51548331801,89.99408913382499,21.80140948635181,50.2
2023-04-12,64.2,83.1,56.8,16.4,5.7,5.8,7.8,72.30674077365687,31.4333333,119.4833333,8.0,67.88635256254707,12.689037862158331,36.124607108703664,0.9829265519799822,0.9953031849963362,31.4333333,988.054442348889,0.9990480724184196,2.1972245773362196,-2675.457822111319,4732.066916815046,3322.51548331801,89.99408913382499,21.80140948635181,36.4
2023-04-13,63.5,73.0,56.1,10.2,5.4,2.7,5.8,52.314833681103835,31.4333333,119.4833333,8.0,67.3124477599898,12.720462568816968,36.28318482085421,0.9796136916454901,0.9953031849963362,31.4333333,988.054442348889,0.9990480724184196,2.1972245773362196,-2675.457822111319,4732.066916815046,3322.51548331801,89.99408913382499,21.80140948635181,50.7
2023-04-14,66.9,75.4,57.9,9.2,3.1,2.4,3.9,83.39783963277375,31.4333333,119.4833333,8.0,71.09097854546957,12.7517450305775,36.4393832740486,0.9760105506323683,0.9953031849963362,31.4333333,988.054442348889,0.9990480724184196,2.1972245773362196,-2675.457822111319,4732.066916815046,3322.51548331801,89.99408913382499,21.80140948635181,60.6
2023-04-15,67.1,77.0,57.0,6.9,4.9,3.2,5.8,-141.5116207816373,31.4333333,119.4833333,8.0,71.47759174186737,12.782877807785523,36.59317706725927,0.9721181966290613,0.9953031849963362,31.4333333,988.054442348889,0.9990480724184196,2.1972245773362196,-2675.457822111319,4732.066916815046,3322.51548331801,89.99408913382499,21.80140948635181,52.7
2023-04-16,70.2,81.9,56.3,7.2,5.7,3.2,3.9,133.24234177861172,31.4333333,119.4833333,8.0,74.9610420048805,12.813853334167606,36.744542723909085,0.9679377830240642,0.9953031849963362,31.4333333,988.054442348889,0.9990480724184196,2.1972245773362196,-2675.457822111319,4732.066916815046,3322.51548331801,89.99408913382499,21.80140948635181,55.5
2023-04-17,74.0,87.4,58.5,6.1,3.3,2.2,5.8,-13.422971680515229,31.4333333,119.4833333,8.0,79.20876080262727,12.844663913939556,36.89345866549367,0.9634705485641488,0.9953031849963362,31.4333333,988.054442348889,0.9990480724184196,2.1972245773362196,-2675.457822111319,4732.066916815046,3322.51548331801,89.99408913382499,21.80140948635181,64.1
2023-04-18,76.6,91.4,65.3,6.6,6.1,2.9,5.8,170.69248626766074,31.4333333,119.4833333,8.0,82.18734264127097,12.875301719259161,37.039905182557014,0.9587178169872964,0.9953031849963362,31.4333333,988.054442348889,0.9990480724184196,2.1972245773362196,-2675.457822111319,4732.066916815046,3322.51548331801,89.99408913382499,21.80140948635181,65.2
2023-04-19,70.2,91.4,62.6,5.8,3.6,2.9,5.8,-28.252639770660053,31.4333333,119.4833333,8.0,75.49868891003987,12.905758788041002,37.18386440311252,0.9536809966304457,0.9953031849963362,31.4333333,988.054442348889,0.9990480724184196,2.1972245773362196,-2675.457822111319,4732.066916815046,3322.51548331801,89.99408913382499,21.80140948635181,64.3
2023-04-20,69.3,78.1,62.1,8.4,6.8,4.9,7.8,12.986690356516483,31.4333333,119.4833333,8.0,74.70555605292262,12.936027022151105,37.3253202586061,0.9483615800121715,0.9953031849963362,31.4333333,988.054442348889,0.9990480724184196,2.1972245773362196,-2675.457822111319,4732.066916815046,3322.51548331801,89.99408913382499,21.80140948635181,61.1
2023-04-21,59.5,77.0,49.1,16.0,9.5,4.1,5.8,-9.163378276912123,31.4333333,119.4833333,8.0,64.29023683891315,12.96609818599929,37.464258447523115,0.9427611433904207,0.9953031849963362,31.4333333,988.054442348889,0.9990480724184196,2.1972245773362196,-2675.457822111319,4732.066916815046,3322.51548331801,89.99408913382499,21.80140948635181,45.4
2023-04-22,61.4,69.6,49.1,16.3,7.7,4.9,5.8,-10.411828970928033,31.4333333,119.4833333,8.0,66.49601531671516,12.995963905546937,37.60066639674572,0.9368813462954315,0.9953031849963362,31.4333333,988.054442348889,0.9990480724184196,2.1972245773362196,-2675.457822111319,4732.066916815046,3322.51548331801,89.99408913382499,21.80140948635181,44.7
2023-04-23,55.2,68.5,52.2,19.5,3.8,5.1,7.8,85.24670181484177,31.4333333,119.4833333,8.0,59.91783207164075,13.025615667747989,37.73453322077082,0.9307239310379795,0.9953031849963362,31.4333333,988.054442348889,0.9990480724184196,2.1972245773362196,-2675.457822111319,4732.066916815046,3322.51548331801,89.99408913382499,21.80140948635181,51.8
2023-04-24,56.0,59.5,52.2,20.7,11.1,3.2,7.8,61.51091751243466,31.4333333,119.4833333,8.0,60.92354249538971,13.055044820440653,37.86584967890311,0.9242907221930933,0.9953031849963362,31.4333333,988.054442348889,0.9990480724184196,2.1972245773362196,-2675.457822111319,4732.066916815046,3322.51548331801,89.99408913382499,21.80140948635181,47.2
2023-04-25,57.6,62.6,52.0,16.7,4.1,2.9,3.9,172.0080124715406,31.4333333,119.4833333,8.0,62.804364348994724,13.084242572707232,37.99460813054105,0.9175836260593937,0.9953031849963362,31.4333333,988.054442348889,0.9990480724184196,2.1972245773362196,-2675.457822111319,4732.066916815046,3322.51548331801,89.99408913382499,21.80140948635181,48.5
2023-04-26,61.4,71.2,50.4,17.5,4.8,1.7,3.9,30.3672476750653,31.4333333,119.4833333,8.0,67.09587331142879,13.11319999571898,38.12080248867667,0.9106046300942162,0.9953031849963362,31.4333333,988.054442348889,0.9990480724184196,2.1972245773362196,-2675.457822111319,4732.066916815046,3322.51548331801,89.99408913382499,21.80140948635181,48.4
2023-04-27,67.1,75.6,53.4,13.8,4.7,3.2,7.8,10.106199355134567,31.4333333,119.4833333,8.0,73.48516903466188,13.141908024082603,38.24442817173263,0.9033558023246845,0.9953031849963362,31.4333333,988.054442348889,0.9990480724184196,2.1972245773362196,-2675.457822111319,4732.066916815046,3322.51548331801,89.99408913382499,21.80140948635181,53.5
2023-04-28,72.1,80.1,58.6,11.4,6.4,2.9,5.8,-75.44821022645517,31.4333333,119.4833333,8.0,79.13189772504046,13.170357457704377,38.36548205386266,0.895839290734909,0.9953031849963362,31.4333333,988.054442348889,0.9990480724184196,2.1972245773362196,-2675.457822111319,4732.066916815046,3322.51548331801,89.99408913382499,21.80140948635181,59.9
2023-04-29,61.1,80.1,51.6,14.8,9.9,3.4,5.8,195.7656600134186,31.4333333,119.4833333,8.0,67.20256089265365,13.198538964187298,38.483962413842875,0.8880573226294932,0.9953031849963362,31.4333333,988.054442348889,0.9990480724184196,2.1972245773362196,-2675.457822111319,4732.066916815046,3322.51548331801,89.99408913382499,21.80140948635181,41.9
2023-04-30,63.6,77.9,50.2,14.0,9.9,2.2,5.8,23.271009244464107,31.4333333,119.4833333,8.0,70.10014833341191,13.22644308177583,38.59986888268332,0.8800122039735357,0.9953031849963362,31.4333333,988.054442348889,0.9990480724184196,2.1972245773362196,-2675.457822111319,4732.066916815046,3322.51548331801,89.99408913382499,21.80140948635181,41.7
2023-05-01,71.1,84.4,50.0,15.3,12.7,3.4,5.8,48.986235511915034,31.4333333,119.4833333,8.0,78.53030682045699,13.254060222861941,38.71320239008998,0.8717063187093218,0.9953031849963362,31.4333333,988.054442348889,0.9990480724184196,2.1972245773362196,-2675.457822111319,4732.066916815046,3322.51548331801,89.99408913382499,21.80140948635181,42.5
2023-05-02,75.5,85.8,55.2,12.8,13.2,3.6,5.8,-1.8198451334848524,31.4333333,119.4833333,8.0,83.56202009949335,13.281380678065167,38.823965109908286,0.8631421280499114,0.9953031849963362,31.4333333,988.054442348889,0.9990480724184196,2.1972245773362196,-2675.457822111319,4732.066916815046,3322.51548331801,89.99408913382499,21.80140948635181,50.7
2023-05-03,73.3,85.8,67.6,7.6,7.2,1.7,3.9,20.705568522881293,31.4333333,119.4833333,8.0,81.29211047598638,13.308394620898179,38.93216040467904,0.854322169749827,0.9953031849963362,31.4333333,988.054442348889,0.9990480724184196,2.1972245773362196,-2675.457822111319,4732.066916815046,3322.51548331801,89.99408913382499,21.80140948635181,67.0
2023-05-04,78.7,89.4,70.7,0.9,5.7,1.9,5.8,119.55029904228145,31.4333333,119.4833333,8.0,87.45597910794264,13.335092113028102,39.037792769438006,0.8452490573530633,0.9953031849963362,31.4333333,988.054442348889,0.9990480724184196,2.1972245773362196,-2675.457822111319,4732.066916815046,3322.51548331801,89.99408913382499,21.80140948635181,71.0
2023-05-05,69.8,89.4,66.4,2.7,3.6,3.4,3.9,-50.46906396024482,31.4333333,119.4833333,8.0,77.71917709066152,13.361463110142381,39.14086777488935,0.8359254794186372,0.9953031849963362,31.4333333,988.054442348889,0.9990480724184196,2.1972245773362196,-2675.457822111319,4732.066916815046,3322.51548331801,89.99408913382499,21.80140948635181,65.6
2023-05-06,62.9,74.3,58.1,8.2,3.2,2.8,5.8,-21.426366352543376,31.4333333,119.4833333,8.0,70.17279923033509,13.387497468426407,39.241392010082485,0.8263541987239096,0.9953031849963362,31.4333333,988.054442348889,0.9990480724184196,2.1972245773362196,-2675.457822111319,4732.066916815046,3322.51548331801,89.99408913382499,21.80140948635181,58.3
2023-05-07,62.2,69.1,54.1,14.3,13.7,3.9,3.9,-55.890355125521566,31.4333333,119.4833333,8.0,69.52500866609593,13.413184951658378,39.339373024720096,0.8165380514459161,0.9953031849963362,31.4333333,988.054442348889,0.9990480724184196,2.1972245773362196,-2675.457822111319,4732.066916815046,3322.51548331801,89.99408913382499,21.80140948635181,50.2
2023-05-08,60.9,70.2,50.0,18.7,6.6,2.2,3.9,65.52029021195328,31.4333333,119.4833333,8.0,68.20046483754446,13.438515238925017,39.43481927122394,0.8064799463209448,0.9953031849963362,31.4333333,988.054442348889,0.9990480724184196,2.1972245773362196,-2675.457822111319,4732.066916815046,3322.51548331801,89.99408913382499,21.80140948635181,47.9
2023-05-09,65.0,74.7,49.8,16.9,11.0,3.2,5.8,-88.19860068898087,31.4333333,119.4833333,8.0,72.92717213686527,13.46347793295974,39.52774004668207,0.7961828637826158,0.9953031849963362,31.4333333,988.054442348889,0.9990480724184196,2.1972245773362196,-2675.457822111319,4732.066916815046,3322.51548331801,89.99408913382499,21.80140948635181,45.1
2023-05-10,65.7,74.7,57.2,17.1,10.8,3.2,3.9,-80.36861568298885,31.4333333,119.4833333,8.0,73.84714256583725,13.488062569102693,39.61814543479946,0.7856498550787147,0.9953031849963362,31.4333333,988.054442348889,0.9990480724184196,2.1972245773362196,-2675.457822111319,4732.066916815046,3322.51548331801,89.99408913382499,21.80140948635181,48.7
2023-05-11,62.2,73.4,57.0,17.5,13.4,1.2,3.9,-22.18783720521465,31.4333333,119.4833333,8.0,70.03854053896028,13.512258624879797,39.706046247970306,0.7748840413670407,0.9953031849963362,31.4333333,988.054442348889,0.9990480724184196,2.1972245773362196,-2675.457822111319,4732.066916815046,3322.51548331801,89.99408913382499,21.80140948635181,46.8
2023-05-12,68.4,78.4,56.8,14.3,8.0,1.9,1.9,11.23632121483664,31.4333333,119.4833333,8.0,77.15551652211438,13.536055530195505,39.79145396958797,0.7638886127905428,0.9953031849963362,31.4333333,988.054442348889,0.9990480724184196,2.1972245773362196,-2675.457822111319,4732.066916815046,3322.51548331801,89.99408913382499,21.80140948635181,51.3
2023-05-13,76.5,85.3,56.7,10.4,9.6,3.9,5.8,-2.3238503337318885,31.4333333,119.4833333,8.0,86.44144707308752,13.559442678131376,39.874380696704016,0.7526668275320085,0.9953031849963362,31.4333333,988.054442348889,0.9990480724184196,2.1972245773362196,-2675.457822111319,4732.066916815046,3322.51548331801,89.99408913382499,21.80140948635181,56.6
2023-05-14,79.7,91.9,67.8,7.5,10.7,2.9,5.8,-97.83768745940785,31.4333333,119.4833333,8.0,90.20983600635776,13.582409436339939,39.95483908314501,0.7412220108485958,0.9953031849963362,31.4333333,988.054442348889,0.9990480724184196,2.1972245773362196,-2675.457822111319,4732.066916815046,3322.51548331801,89.99408913382499,21.80140948635181,55.2
2023-05-15,79.1,94.6,64.9,6.5,11.5,2.2,5.8,129.6423021650141,31.4333333,119.4833333,8.0,89.67926350654332,13.60494515902048,40.032842283190796,0.7295575540864875,0.9953031849963362,31.4333333,988.054442348889,0.9990480724184196,2.1972245773362196,-2675.457822111319,4732.066916815046,3322.51548331801,89.99408913382499,21.80140948635181,51.6
2023-05-16,81.0,94.6,64.9,5.3,8.5,1.9,3.9,122.96095841131472,31.4333333,119.4833333,8.0,91.98251459635846,13.627039199460514,40.108403895914094,0.717676913675962,0.9953031849963362,31.4333333,988.054442348889,0.9990480724184196,2.1972245773362196,-2675.457822111319,4732.066916815046,3322.51548331801,89.99408913382499,21.80140948635181,61.1
2023-05-17,71.0,91.6,69.4,3.8,4.6,2.2,3.9,-24.646440836207994,31.4333333,119.4833333,8.0,80.7546954618155,13.648680923123747,40.181537910276525,0.705583610107178,0.9953031849963362,31.4333333,988.054442348889,0.9990480724184196,2.1972245773362196,-2675.457822111319,4732.066916815046,3322.51548331801,89.99408913382499,21.80140948635181,68.1
2023-05-18,69.4,74.3,62.1,8.4,11.8,2.2,3.9,52.97077482621002,31.4333333,119.4833333,8.0,79.05735538796657,13.669859721262231,40.25225865107167,0.6932812268869777,0.9953031849963362,31.4333333,988.054442348889,0.9990480724184196,2.1972245773362196,-2675.457822111319,4732.066916815046,3322.51548331801,89.99408913382499,21.80140948635181,61.9
2023-05-19,69.3,80.1,60.4,9.8,5.9,1.7,3.9,25.03218446794643,31.4333333,119.4833333,8.0,79.06301301953297,13.690565025027356,40.320580725800205,0.6807734094770161,0.9953031849963362,31.4333333,988.054442348889,0.9990480724184196,2.1972245773362196,-2675.457822111319,4732.066916815046,3322.51548331801,89.99408913382499,21.80140948635181,60.7
2023-05-20,72.1,82.0,60.4,8.1,3.0,2.4,5.8,-33.72889075443891,31.4333333,119.4833333,8.0,82.37897447297436,13.710786320051213,40.38651897255777,0.6680638642135335,0.9953031849963362,31.4333333,988.054442348889,0.9990480724184196,2.1972245773362196,-2675.457822111319,4732.066916815046,3322.51548331801,89.99408913382499,21.80140948635181,65.0
2023-05-21,73.4,84.4,63.0,7.1,3.0,4.1,5.8,-27.905365021153557,31.4333333,119.4833333,8.0,83.98497217097076,13.73051316146661,40.450088409010455,0.6551563572090853,0.9953031849963362,31.4333333,988.054442348889,0.9990480724184196,2.1972245773362196,-2675.457822111319,4732.066916815046,3322.51548331801,89.99408913382499,21.80140948635181,65.9
2023-05-22,60.5,84.4,54.7,13.8,3.1,2.7,5.8,14.982375424912385,31.4333333,119.4833333,8.0,69.32158157954383,13.749735189331009,40.511304182527965,0.6420547132365637,0.9953031849963362,31.4333333,988.054442348889,0.9990480724184196,2.1972245773362196,-2675.457822111319,4732.066916815046,3322.51548331801,89.99408913382499,21.80140948635181,54.3
2023-05-23,69.5,79.7,55.4,12.8,8.0,2.2,5.8,0.34040925022658364,31.4333333,119.4833333,8.0,79.74222741974522,13.768442144416442,40.57018152153857,0.6287628145958344,0.9953031849963362,31.4333333,988.054442348889,0.9990480724184196,2.1972245773362196,-2675.457822111319,4732.066916815046,3322.51548331801,89.99408913382499,21.80140948635181,49.7
2023-05-24,60.6,79.7,55.2,12.0,7.5,1.5,3.9,-23.07149355457433,31.4333333,119.4833333,8.0,69.62245061583855,13.786623884324463,40.626735688165205,0.6152845999633276,0.9953031849963362,31.4333333,988.054442348889,0.9990480724184196,2.1972245773362196,-2675.457822111319,4732.066916815046,3322.51548331801,89.99408913382499,21.80140948635181,54.3
2023-05-25,73.2,84.0,55.2,11.6,7.9,2.4,3.9,68.70280754908225,31.4333333,119.4833333,8.0,84.20604943928112,13.80427039988215,40.68098193219619,0.6016240632249226,0.9953031849963362,31.4333333,988.054442348889,0.9990480724184196,2.1972245773362196,-2675.457822111319,4732.066916815046,3322.51548331801,89.99408913382499,21.80140948635181,61.7
2023-05-26,73.6,84.0,67.8,10.7,1.8,2.4,3.9,8.939187223279628,31.4333333,119.4833333,8.0,84.77108056820406,13.821371831772403,40.73293544643905,0.5877852522924732,0.9953031849963362,31.4333333,988.054442348889,0.9990480724184196,2.1972245773362196,-2675.457822111319,4732.066916815046,3322.51548331801,89.99408913382499,21.80140948635181,69.5
2023-05-27,77.6,85.3,71.1,8.4,4.8,1.0,5.8,40.738361962788154,31.4333333,119.4833333,8.0,89.48520621818973,13.837918487348928,40.78261132350033,0.5737722679043246,0.9953031849963362,31.4333333,988.054442348889,0.9990480724184196,2.1972245773362196,-2675.457822111319,4732.066916815046,3322.51548331801,89.99408913382499,21.80140948635181,73.6
2023-05-28,86.8,99.7,73.2,7.4,10.0,1.5,3.9,-46.43668607031801,31.4333333,119.4833333,8.0,100.20988286985593,13.853900857583769,40.83002451402946,0.5595892624101765,0.9953031849963362,31.4333333,988.054442348889,0.9990480724184196,2.1972245773362196,-2675.457822111319,4732.066916815046,3322.51548331801,89.99408913382499,21.80140948635181,74.2
2023-05-29,81.6,99.7,72.7,8.3,4.1,3.6,5.8,21.388949219816634,31.4333333,119.4833333,8.0,94.31130551183182,13.869309634092916,40.8751897864593,0.545240438540651,0.9953031849963362,31.4333333,988.054442348889,0.9990480724184196,2.1972245773362196,-2675.457822111319,4732.066916815046,3322.51548331801,89.99408913382499,21.80140948635181,74.1
2023-05-30,73.5,95.5,70.3,7.8,2.0,2.2,3.9,-17.478151528763448,31.4333333,119.4833333,8.0,85.0403313228721,13.884135726183201,40.918121688271626,0.5307300481619334,0.9953031849963362,31.4333333,988.054442348889,0.9990480724184196,2.1972245773362196,-2675.457822111319,4732.066916815046,3322.51548331801,89.99408913382499,21.80140948635181,69.9
2023-05-31,75.0,78.8,69.8,6.6,3.0,1.2,1.9,12.816259386466212,31.4333333,119.4833333,8.0,86.86481423663682,13.89837027786189,40.95883450881049,0.5160623910158528,0.9953031849963362,31.4333333,988.054442348889,0.9990480724184196,2.1972245773362196,-2675.457822111319,4732.066916815046,3322.51548331801,89.99408913382499,21.80140948635181,69.4
2023-06-01,76.3,85.8,68.4,3.7,2.3,1.1,3.9,62.99867026348049,31.4333333,119.4833333,8.0,88.45716312052689,13.91200468474866,40.99734224366254,0.5012418134457758,0.9953031849963362,31.4333333,988.054442348889,0.9990480724184196,2.1972245773362196,-2675.457822111319,4732.066916815046,3322.51548331801,89.99408913382499,21.80140948635181,69.4
2023-06-02,84.0,93.4,68.2,6.4,6.4,3.9,5.8,62.80380744080395,31.4333333,119.4833333,8.0,97.47521427579753,13.92503061082822,41.03365856061867,0.48627270710868997,0.9953031849963362,31.4333333,988.054442348889,0.9990480724184196,2.1972245773362196,-2675.457822111319,4732.066916815046,3322.51548331801,89.99408913382499,21.80140948635181,65.3
2023-06-03,77.0,93.4,71.2,11.1,8.7,2.9,3.9,-11.185021375960087,31.4333333,119.4833333,8.0,89.43190669862739,13.937440004980893,41.067796767227705,0.4711595076738638,0.9953031849963362,31.4333333,988.054442348889,0.9990480724184196,2.1972245773362196,-2675.457822111319,4732.066916815046,3322.51548331801,89.99408913382499,21.80140948635181,61.2
2023-06-04,74.8,84.7,67.1,9.2,12.6,4.9,7.8,52.25587974975173,31.4333333,119.4833333,8.0,86.95016989738542,13.949225117227607,41.09976977994911,0.4559066935084588,0.9953031849963362,31.4333333,988.054442348889,0.9990480724184196,2.1972245773362196,-2675.457822111319,4732.066916815046,3322.51548331801,89.99408913382499,21.80140948635181,58.5
2023-06-05,66.2,80.1,64.0,9.2,3.2,1.7,3.9,117.0399970622864,31.4333333,119.4833333,8.0,77.01475480568403,13.960378514625503,41.129590094907996,0.440518784350495,0.9953031849963362,31.4333333,988.054442348889,0.9990480724184196,2.1972245773362196,-2675.457822111319,4732.066916815046,3322.51548331801,89.99408913382499,21.80140948635181,63.4
2023-06-06,68.5,77.4,63.3,9.1,2.9,1.0,3.9,32.99205512380769,31.4333333,119.4833333,8.0,79.75051476061606,13.970893096750258,41.157269760253314,0.42500033996955416,0.9953031849963362,31.4333333,988.054442348889,0.9990480724184196,2.1972245773362196,-2675.457822111319,4732.066916815046,3322.51548331801,89.99408913382499,21.80140948635181,63.7
2023-06-07,77.6,87.3,63.3,6.3,7.6,1.9,3.9,-58.121189518774116,31.4333333,119.4833333,8.0,90.40892831587088,13.980762110701683,41.182820350116664,0.4093559588156213,0.9953031849963362,31.4333333,988.054442348889,0.9990480724184196,2.1972245773362196,-2675.457822111319,4732.066916815046,3322.51548331801,89.99408913382499,21.80140948635181,67.9
2023-06-08,80.0,89.8,69.6,3.8,13.2,2.8,5.8,46.18483768276636,31.4333333,119.4833333,8.0,93.26652777046596,13.989979165569892,41.20625294016725,0.39359027665646673,0.9953031849963362,31.4333333,988.054442348889,0.9990480724184196,2.1972245773362196,-2675.457822111319,4732.066916815046,3322.51548331801,89.99408913382499,21.80140948635181,67.2
2023-06-09,83.4,96.4,72.5,1.5,11.8,1.9,3.9,-70.69596370986821,31.4333333,119.4833333,8.0,97.28984081178862,13.998538246300521,41.22757808475646,0.3777079652039649,0.9953031849963362,31.4333333,988.054442348889,0.9990480724184196,2.1972245773362196,-2675.457822111319,4732.066916815046,3322.51548331801,89.99408913382499,21.80140948635181,66.2
2023-06-10,85.1,96.4,72.3,0.3,8.0,3.6,5.8,90.28679607649026,31.4333333,119.4833333,8.0,99.328959179926,14.006433726899084,41.246805795643354,0.36171373072976765,0.9953031849963362,31.4333333,988.054442348889,0.9990480724184196,2.1972245773362196,-2675.457822111319,4732.066916815046,3322.51548331801,89.99408913382499,21.80140948635181,69.1
2023-06-11,77.7,95.7,69.4,3.9,7.0,2.7,5.8,18.702726645109287,31.4333333,119.4833333,8.0,90.73845097938438,14.013660382916507,41.26394552229194,0.3456123126707335,0.9953031849963362,31.4333333,988.054442348889,0.9990480724184196,2.1972245773362196,-2675.457822111319,4732.066916815046,3322.51548331801,89.99408913382499,21.80140948635181,66.5
2023-06-12,78.1,88.0,69.4,3.8,5.4,3.2,5.8,-4.744823019839895,31.4333333,119.4833333,8.0,91.24822223223487,14.02021340316029,41.27900613372906,0.3294084822245304,0.9953031849963362,31.4333333,988.054442348889,0.9990480724184196,2.1972245773362196,-2675.457822111319,4732.066916815046,3322.51548331801,89.99408913382499,21.80140948635181,67.4
2023-06-13,75.4,85.5,69.1,4.2,3.8,1.7,3.9,-93.08337713551182,31.4333333,119.4833333,8.0,88.13058878363513,14.026088400578535,41.291995901951935,0.3131070409358269,0.9953031849963362,31.4333333,988.054442348889,0.9990480724184196,2.1972245773362196,-2675.457822111319,4732.066916815046,3322.51548331801,89.99408913382499,21.80140948635181,68.4
2023-06-14,83.1,91.0,68.9,5.6,7.5,2.6,3.9,-8.958525181992979,31.4333333,119.4833333,8.0,97.16662384920038,14.031281422267204,41.302922486873626,0.29671281927349075,0.9953031849963362,31.4333333,988.054442348889,0.9990480724184196,2.1972245773362196,-2675.457822111319,4732.066916815046,3322.51548331801,89.99408913382499,21.80140948635181,63.7
2023-06-22,79.8,91.9,72.1,7.1,4.9,0.8,1.9,95.85886838762556,31.4333333,119.4833333,8.0,93.41886527221,14.047949664993984,41.3167684464112,0.16280701293851715,0.9953031849963362,31.4333333,988.054442348889,0.9990480724184196,2.1972245773362196,-2675.457822111319,4732.066916815046,3322.51548331801,89.99408913382499,21.80140948635181,72.2
2023-06-23,75.8,86.4,70.2,7.2,10.3,4.1,5.8,-119.43539924310143,31.4333333,119.4833333,8.0,88.72959990546474,14.04690235970418,41.30936457784454,0.1457991969198751,0.9953031849963362,31.4333333,988.054442348889,0.9990480724184196,2.1972245773362196,-2675.457822111319,4732.066916815046,3322.51548331801,89.99408913382499,21.80140948635181,66.7
2023-06-24,72.7,86.4,70.3,6.0,2.7,2.2,5.8,11.354996429502588,31.4333333,119.4833333,8.0,85.09025447375042,14.045158922764854,41.299938226451566,0.12874817745258132,0.9953031849963362,31.4333333,988.054442348889,0.9990480724184196,2.1972245773362196,-2675.457822111319,4732.066916815046,3322.51548331801,89.99408913382499,21.80140948635181,71.4
2023-06-25,76.3,79.5,70.5,5.4,6.1,1.7,3.9,110.07298608093649,31.4333333,119.4833333,8.0,89.28829815764584,14.042720549039975,41.28848975508361,0.11165900712169512,0.9953031849963362,31.4333333,988.054442348889,0.9990480724184196,2.1972245773362196,-2675.457822111319,4732.066916815046,3322.51548331801,89.99408913382499,21.80140948635181,74.1
2023-06-26,79.3,86.9,74.1,6.4,7.6,1.9,5.8,-2.870052307673996,31.4333333,119.4833333,8.0,92.77828335949619,14.039588906859448,41.27501885031138,0.09453674981719912,0.9953031849963362,31.4333333,988.054442348889,0.9990480724184196,2.1972245773362196,-2675.457822111319,4732.066916815046,3322.51548331801,89.99408913382499,21.80140948635181,74.2
2023-06-27,84.5,93.6,74.7,7.0,14.5,1.9,5.8,3.139269850717282,31.4333333,119.4833333,8.0,98.83518652754424,14.035766134089123,41.25952452662086,0.07738647923346301,0.9953031849963362,31.4333333,988.054442348889,0.9990480724184196,2.1972245773362196,-2675.457822111319,4732.066916815046,3322.51548331801,89.99408913382499,21.80140948635181,75.5
2023-06-28,90.4,98.1,77.4,4.7,17.3,3.1,5.8,28.277736721974605,31.4333333,119.4833333,8.0,105.70211974277171,14.031254833111289,41.24200513207935,0.06021327736579302,0.9953031849963362,31.4333333,988.054442348889,0.9990480724184196,2.1972245773362196,-2675.457822111319,4732.066916815046,3322.51548331801,89.99408913382499,21.80140948635181,75.4
2023-06-29,88.9,98.1,80.4,0.8,15.5,3.5,5.8,9.625581994375153,31.4333333,119.4833333,8.0,103.90971349627944,14.026058064739631,41.22245835547803,0.04302223300453059,0.9953031849963362,31.4333333,988.054442348889,0.9990480724184196,2.1972245773362196,-2675.457822111319,4732.066916815046,3322.51548331801,89.99408913382499,21.80140948635181,75.6
2023-06-30,76.9,95.7,75.9,2.0,3.5,1.5,1.9,-52.58974688793202,31.4333333,119.4833333,8.0,89.84598261086683,14.020179341097553,41.20088123495811,0.02581844022713308,0.9953031849963362,31.4333333,988.054442348889,0.9990480724184196,2.1972245773362196,-2675.457822111319,4732.066916815046,3322.51548331801,89.99408913382499,21.80140948635181,75.4
2023-07-01,84.4,93.2,75.9,4.2,7.1,1.2,3.9,-126.71957669560368,31.4333333,119.4833333,8.0,98.56247907637102,14.013622617493509,41.17727016812911,0.008606996888688698,0.9953031849963362,31.4333333,988.054442348889,0.9990480724184196,2.1972245773362196,-2675.457822111319,4732.066916815046,3322.51548331801,89.99408913382499,21.80140948635181,77.6
2023-07-02,81.9,93.2,76.5,4.8,4.4,0.5,1.9,28.09787403075703,31.4333333,119.4833333,8.0,95.59362733373722,14.006392283331458,41.151620923688476,-0.008606996888688009,0.9953031849963362,31.4333333,988.054442348889,0.9990480724184196,2.1972245773362196,-2675.457822111319,4732.066916815046,3322.51548331801,89.99408913382499,21.80140948635181,78.2
2023-07-03,87.9,96.3,76.5,2.4,14.2,2.2,5.8,108.71966953335883,31.4333333,119.4833333,8.0,102.53896233912273,13.998493152098666,41.12392865455226,-0.02581844022713239,0.9953031849963362,31.4333333,988.054442348889,0.9990480724184196,2.1972245773362196,-2675.457822111319,4732.066916815046,3322.51548331801,89.99408913382499,21.80140948635181,78.6
2023-07-04,85.8,96.4,76.3,0.0,13.4,2.9,5.8,-67.35886721680313,31.4333333,119.4833333,8.0,100.0280027209106,13.989930450477008,41.09418791250706,-0.04302223300453034,0.9953031849963362,31.4333333,988.054442348889,0.9990480724184196,2.1972245773362196,-2675.457822111319,4732.066916815046,3322.51548331801,89.99408913382499,21.80140948635181,76.4
2023-07-05,84.0,96.4,76.3,0.5,12.9,2.7,5.8,-37.50476485794071,31.4333333,119.4833333,8.0,97.86496864639201,13.98070980662743,41.062392664393464,-0.060213277365792774,0.9953031849963362,31.4333333,988.054442348889,0.9990480724184196,2.1972245773362196,-2675.457822111319,4732.066916815046,3322.51548331801,89.99408913382499,21.80140948635181,74.8
2023-07-06,90.9,97.9,76.8,999.1,16.2,3.3,5.8,-5.728862590156901,31.4333333,119.4833333,8.0,105.82909207557982,13.970837237700307,41.02853630983083,-0.07738647923346322,0.9953031849963362,31.4333333,988.054442348889,0.9990480724184196,2.1972245773362196,-2675.457822111319,4732.066916815046,3322.51548331801,89.99408913382499,21.80140948635181,76.6
2023-07-07,85.6,97.9,80.6,0.0,8.3,2.4,3.9,71.29565061475563,31.4333333,119.4833333,8.0,99.58360984127482,13.96031913662731,40.992611700492866,-0.09453674981719933,0.9953031849963362,31.4333333,988.054442348889,0.9990480724184196,2.1972245773362196,-2675.457822111319,4732.066916815046,3322.51548331801,89.99408913382499,21.80140948635181,79.2
2023-07-08,84.3,94.1,79.7,2.5,10.5,2.2,3.9,-27.80534800433373,31.4333333,119.4833333,8.0,97.99286486422547,13.949162258252736,40.954611160942434,-0.11165900712169444,0.9953031849963362,31.4333333,988.054442348889,0.9990480724184196,2.1972245773362196,-2675.457822111319,4732.066916815046,3322.51548331801,89.99408913382499,21.80140948635181,78.8
2023-07-09,84.6,93.6,78.3,3.8,15.5,3.9,7.8,97.63444102393288,31.4333333,119.4833333,8.0,98.25848461929263,13.937373704864203,40.91452651103283,-0.12874817745258066,0.9953031849963362,31.4333333,988.054442348889,0.9990480724184196,2.1972245773362196,-2675.457822111319,4732.066916815046,3322.51548331801,89.99408913382499,21.80140948635181,76.0
2023-07-10,81.0,93.6,76.3,3.6,9.5,2.7,5.8,-90.31999465845978,31.4333333,119.4833333,8.0,93.99348615049391,13.924960911184282,40.87234908988119,-0.14579919691987442,0.9953031849963362,31.4333333,988.054442348889,0.9990480724184196,2.1972245773362196,-2675.457822111319,4732.066916815046,3322.51548331801,89.99408913382499,21.80140948635181,76.0
2023-07-11,88.9,100.0,76.3,2.8,10.4,1.5,5.8,118.58339798067904,31.4333333,119.4833333,8.0,103.06422681732842,13.911931628885725,40.82806978141787,-0.16280701293851646,0.9953031849963362,31.4333333,988.054442348889,0.9990480724184196,2.1972245773362196,-2675.457822111319,4732.066916815046,3322.51548331801,89.99408913382499,21.80140948635181,79.0
2023-07-12,89.5,100.0,80.4,2.2,14.0,2.5,5.8,25.76756792309196,31.4333333,119.4833333,8.0,103.65810875059105,13.898293910693774,40.78167904151317,-0.17976658572556214,0.9953031849963362,31.4333333,988.054442348889,0.9990480724184196,2.1972245773362196,-2675.457822111319,4732.066916815046,3322.51548331801,89.99408913382499,21.80140948635181,77.2
2023-07-13,89.8,99.7,81.5,1.3,15.7,3.3,3.9,40.57041470350832,31.4333333,119.4833333,8.0,103.89901977114336,13.884056094139424,40.73316692668057,-0.19667288979357622,0.9953031849963362,31.4333333,988.054442348889,0.9990480724184196,2.1972245773362196,-2675.457822111319,4732.066916815046,3322.51548331801,89.99408913382499,21.80140948635181,76.5
2023-07-14,91.4,97.9,84.6,0.4,13.0,3.4,3.9,-9.592191528042745,31.4333333,119.4833333,8.0,105.63727734595922,13.869226785027468,40.68252312435219,-0.2135209154397959,0.9953031849963362,31.4333333,988.054442348889,0.9990480724184196,2.1972245773362196,-2675.457822111319,4732.066916815046,3322.51548331801,89.99408913382499,21.80140948635181,77.0
2023-07-15,83.5,97.9,76.8,2.1,7.8,1.7,1.9,62.161860631025654,31.4333333,119.4833333,8.0,96.39946159975123,13.853814840682812,40.629736984719706,-0.23030567023061196,0.9953031849963362,31.4333333,988.054442348889,0.9990480724184196,2.1972245773362196,-2675.457822111319,4732.066916815046,3322.51548331801,89.99408913382499,21.80140948635181,75.9
2023-07-16,79.8,92.7,75.7,5.7,7.7,2.7,3.9,-51.01594531143956,31.4333333,119.4833333,8.0,92.02156519770145,13.837829353037813,40.57479755412984,-0.24702218048093527,0.9953031849963362,31.4333333,988.054442348889,0.9990480724184196,2.1972245773362196,-2675.457822111319,4732.066916815046,3322.51548331801,89.99408913382499,21.80140948635181,73.6
2023-07-17,82.9,89.2,76.5,6.8,10.1,3.2,7.8,-92.33668203658728,31.4333333,119.4833333,8.0,95.4820067884575,13.821279631622314,40.51769361001994,-0.2636654927280072,0.9953031849963362,31.4333333,988.054442348889,0.9990480724184196,2.1972245773362196,-2675.457822111319,4732.066916815046,3322.51548331801,89.99408913382499,21.80140948635181,76.6
2023-07-18,86.0,93.0,78.8,8.3,12.1,2.9,5.8,-2.399467679663889,31.4333333,119.4833333,8.0,98.92992217003635,13.8041751865167,40.45841369737558,-0.2802306751992161,0.9953031849963362,31.4333333,988.054442348889,0.9990480724184196,2.1972245773362196,-2675.457822111319,4732.066916815046,3322.51548331801,89.99408913382499,21.80140948635181,76.5
2023-07-19,82.2,93.0,77.7,7.2,5.4,1.7,3.9,82.62253224063373,31.4333333,119.4833333,8.0,94.43770112258703,13.786525711326572,40.39694616668703,-0.2967128192734901,0.9953031849963362,31.4333333,988.054442348889,0.9990480724184196,2.1972245773362196,-2675.457822111319,4732.066916815046,3322.51548331801,89.99408913382499,21.80140948635181,78.2
2023-07-20,83.0,92.1,77.7,5.8,10.4,2.2,3.9,58.75904517323377,31.4333333,119.4833333,8.0,95.23102570813096,13.7683410662358,40.333279213377786,-0.3131070409358267,0.9953031849963362,31.4333333,988.054442348889,0.9990480724184196,2.1972245773362196,-2675.457822111319,4732.066916815046,3322.51548331801,89.99408913382499,21.80140948635181,77.7
2023-07-21,84.7,94.6,78.3,5.8,12.4,2.9,9.7,23.89112175066214,31.4333333,119.4833333,8.0,97.04948065191635,13.7496312611924,40.267400918673324,-0.3294084822245302,0.9953031849963362,31.4333333,988.054442348889,0.9990480724184196,2.1972245773362196,-2675.457822111319,4732.066916815046,3322.51548331801,89.99408913382499,21.80140948635181,77.8
2023-07-22,81.7,94.6,78.3,6.7,13.3,2.2,3.9,26.025244794984303,31.4333333,119.4833333,8.0,93.48118384076051,13.730406439279388,40.199299291873345,-0.3456123126707333,0.9953031849963362,31.4333333,988.054442348889,0.9990480724184196,2.1972245773362196,-2675.457822111319,4732.066916815046,3322.51548331801,89.99408913382499,21.80140948635181,77.8
2023-07-23,85.3,92.7,78.8,6.0,15.9,2.4,3.9,-61.86707981521007,31.4333333,119.4833333,8.0,97.46006134877614,13.710676860320207,40.128962313986314,-0.3617137307297674,0.9953031849963362,31.4333333,988.054442348889,0.9990480724184196,2.1972245773362196,-2675.457822111319,4732.066916815046,3322.51548331801,89.99408913382499,21.80140948635181,76.9
2023-07-24,86.0,95.7,79.2,5.9,11.9,1.7,3.9,79.16560715606705,31.4333333,119.4833333,8.0,98.11491234081883,13.690452884765419,40.05637798267951,-0.37770796520396466,0.9953031849963362,31.4333333,988.054442348889,0.9990480724184196,2.1972245773362196,-2675.457822111319,4732.066916815046,3322.51548331801,89.99408913382499,21.80140948635181,76.8
2023-07-25,86.4,95.7,79.2,6.9,11.7,1.9,5.8,68.26246402989032,31.4333333,119.4833333,8.0,98.42216369691386,13.669744957904701,39.98153435849326,-0.39359027665646645,0.9953031849963362,31.4333333,988.054442348889,0.9990480724184196,2.1972245773362196,-2675.457822111319,4732.066916815046,3322.51548331801,89.99408913382499,21.80140948635181,78.9
2023-07-26,86.1,94.1,80.6,7.7,16.2,3.4,3.9,40.30183241412787,31.4333333,119.4833333,8.0,97.92844379014299,13.648563594445017,39.90441961226275,-0.4093559588156211,0.9953031849963362,31.4333333,988.054442348889,0.9990480724184196,2.1972245773362196,-2675.457822111319,4732.066916815046,3322.51548331801,89.99408913382499,21.80140948635181,77.2
2023-07-27,84.6,92.8,78.3,6.4,14.3,5.0,5.8,10.423481749092161,31.4333333,119.4833333,8.0,96.06978151262496,13.626919363492902,39.82502207368531,-0.42500033996955394,0.9953031849963362,31.4333333,988.054442348889,0.9990480724184196,2.1972245773362196,-2675.457822111319,4732.066916815046,3322.51548331801,89.99408913382499,21.80140948635181,76.7
2023-07-28,80.9,91.8,78.3,3.5,7.6,6.1,7.8,139.18374403300635,31.4333333,119.4833333,8.0,91.71918087538559,13.604822873975612,39.74333028096685,-0.4405187843504952,0.9953031849963362,31.4333333,988.054442348889,0.9990480724184196,2.1972245773362196,-2675.457822111319,4732.066916815046,3322.51548331801,89.99408913382499,21.80140948635181,78.5
2023-07-29,82.8,85.8,79.0,3.3,15.0,5.1,7.8,96.27285754006414,31.4333333,119.4833333,8.0,93.71776484767615,13.582284760532776,39.659333031475164,-0.455906693508459,0.9953031849963362,31.4333333,988.054442348889,0.9990480724184196,2.1972245773362196,-2675.457822111319,4732.066916815046,3322.51548331801,89.99408913382499,21.80140948635181,76.5
2023-07-30,82.3,89.8,78.3,5.7,13.2,2.7,7.8,43.092464276793685,31.4333333,119.4833333,8.0,92.99430663611255,13.559315669907056,39.57301943332365,-0.47115950767386394,0.9953031849963362,31.4333333,988.054442348889,0.9990480724184196,2.1972245773362196,-2675.457822111319,4732.066916815046,3322.51548331801,89.99408913382499,21.80140948635181,76.8
2023-07-31,85.0,92.8,77.4,6.7,10.4,2.9,5.8,-6.660127560627169,31.4333333,119.4833333,8.0,95.87947758900204,13.535926247859111,39.48437895780364,-0.4862727071086902,0.9953031849963362,31.4333333,988.054442348889,0.9990480724184196,2.1972245773362196,-2675.457822111319,4732.066916815046,3322.51548331801,89.99408913382499,21.80140948635181,76.7
2023-08-01,83.5,92.8,77.4,6.5,9.5,3.2,7.8,38.1336149468798,31.4333333,119.4833333,8.0,94.02188458946144,13.512127126629188,39.39340149257925,-0.5012418134457756,0.9953031849963362,31.4333333,988.054442348889,0.9990480724184196,2.1972245773362196,-2675.457822111319,4732.066916815046,3322.51548331801,89.99408913382499,21.80140948635181,77.7
2023-08-02,86.1,94.1,78.4,4.3,11.8,3.2,5.8,27.95752662424647,31.4333333,119.4833333,8.0,96.77588995052008,13.48792891296447,39.30007739555393,-0.5160623910158526,0.9953031849963362,31.4333333,988.054442348889,0.9990480724184196,2.1972245773362196,-2675.457822111319,4732.066916815046,3322.51548331801,89.99408913382499,21.80140948635181,77.9
2023-08-03,87.0,95.4,78.4,2.2,11.1,2.7,3.9,-5.324419701644928,31.4333333,119.4833333,8.0,97.60923078128127,13.46334217672845,39.2043975493136,-0.5307300481619331,0.9953031849963362,31.4333333,988.054442348889,0.9990480724184196,2.1972245773362196,-2675.457822111319,4732.066916815046,3322.51548331801,89.99408913382499,21.80140948635181,78.2
2023-08-04,86.9,95.5,79.5,1.2,10.4,1.5,3.9,-21.163992298257043,31.4333333,119.4833333,8.0,97.31624996209834,13.438377440105638,39.106353416047355,-0.5452404385406507,0.9953031849963362,31.4333333,988.054442348889,0.9990480724184196,2.1972245773362196,-2675.457822111319,4732.066916815046,3322.51548331801,89.99408913382499,21.80140948635181,77.5
2023-08-05,87.5,96.6,79.3,999.3,9.4,1.7,3.9,-1.7761068509805469,31.4333333,119.4833333,8.0,97.80345434571369,13.413045167412163,39.00593709284275,-0.5595892624101763,0.9953031849963362,31.4333333,988.054442348889,0.9990480724184196,2.1972245773362196,-2675.457822111319,4732.066916815046,3322.51548331801,89.99408913382499,21.80140948635181,77.9
2023-08-06,86.4,96.6,80.2,998.6,8.5,1.9,3.9,26.62624411200224,31.4333333,119.4833333,8.0,96.3889614397447,13.387355755520097,38.903141367248935,-0.5737722679043243,0.9953031849963362,31.4333333,988.054442348889,0.9990480724184196,2.1972245773362196,-2675.457822111319,4732.066916815046,3322.51548331801,89.99408913382499,21.80140948635181,77.8
2023-08-07,86.0,96.6,79.3,999.9,8.5,3.1,3.9,2.375757015673207,31.4333333,119.4833333,8.0,95.75612326178921,13.361319524900821,38.79795977299808,-0.5877852522924734,0.9953031849963362,31.4333333,988.054442348889,0.9990480724184196,2.1972245773362196,-2675.457822111319,4732.066916815046,3322.51548331801,89.99408913382499,21.80140948635181,77.3
2023-08-08,83.7,93.7,77.9,2.2,7.2,2.7,3.9,-29.345885772356432,31.4333333,119.4833333,8.0,93.0112533112496,13.334946711290264,38.690386645771774,-0.6016240632249227,0.9953031849963362,31.4333333,988.054442348889,0.9990480724184196,2.1972245773362196,-2675.457822111319,4732.066916815046,3322.51548331801,89.99408913382499,21.80140948635181,74.6
2023-08-09,85.7,93.4,77.7,3.7,8.5,2.4,3.9,59.35429061832171,31.4333333,119.4833333,8.0,95.04306726238299,13.308247457976615,38.580417178897605,-0.6152845999633277,0.9953031849963362,31.4333333,988.054442348889,0.9990480724184196,2.1972245773362196,-2675.457822111319,4732.066916815046,3322.51548331801,89.99408913382499,21.80140948635181,75.0
2023-08-10,85.7,95.2,77.9,3.9,7.7,1.7,3.9,17.512730650129615,31.4333333,119.4833333,8.0,94.85013050052882,13.281231808708819,38.46804747885721,-0.6287628145958345,0.9953031849963362,31.4333333,988.054442348889,0.9990480724184196,2.1972245773362196,-2675.457822111319,4732.066916815046,3322.51548331801,89.99408913382499,21.80140948635181,74.5
2023-08-11,87.0,96.8,77.5,2.1,5.6,1.0,1.9,-90.26071520333088,31.4333333,119.4833333,8.0,96.09084533386203,13.25390970122235,38.353274620486395,-0.6420547132365636,0.9953031849963362,31.4333333,988.054442348889,0.9990480724184196,2.1972245773362196,-2675.457822111319,4732.066916815046,3322.51548331801,89.99408913382499,21.80140948635181,75.4
2023-08-12,88.4,98.8,78.3,0.2,7.3,1.2,3.9,-10.391431854778174,31.4333333,119.4833333,8.0,97.43367674880813,13.226290961376668,38.23609670174587,-0.655156357209085,0.9953031849963362,31.4333333,988.054442348889,0.9990480724184196,2.1972245773362196,-2675.457822111319,4732.066916815046,3322.51548331801,89.99408913382499,21.80140948635181,75.3
2023-08-13,86.8,99.5,79.7,1.2,7.6,1.7,1.9,89.89486986622413,31.4333333,119.4833333,8.0,95.46832032145635,13.198385297897191,38.116512897939344,-0.6680638642135333,0.9953031849963362,31.4333333,988.054442348889,0.9990480724184196,2.1972245773362196,-2675.457822111319,4732.066916815046,3322.51548331801,89.99408913382499,21.80140948635181,75.0
2023-08-14,84.0,99.5,80.2,3.4,5.6,1.2,1.9,56.59598896236229,31.4333333,119.4833333,8.0,92.19141608399067,13.170202297712953,37.99452351525558,-0.6807734094770159,0.9953031849963362,31.4333333,988.054442348889,0.9990480724184196,2.1972245773362196,-2675.457822111319,4732.066916815046,3322.51548331801,89.99408913382499,21.80140948635181,77.5
2023-08-15,83.9,92.1,77.7,4.7,5.8,1.0,3.9,-18.523271605364513,31.4333333,119.4833333,8.0,91.88274535797588,13.141751421879745,37.87013004351017,-0.6932812268869771,0.9953031849963362,31.4333333,988.054442348889,0.9990480724184196,2.1972245773362196,-2675.457822111319,4732.066916815046,3322.51548331801,89.99408913382499,21.80140948635181,76.3
2023-08-16,83.8,95.2,77.2,3.7,5.5,1.0,3.9,114.72045826597125,31.4333333,119.4833333,8.0,91.57274331450553,13.113042002077165,37.74333520796215,-0.7055836101071774,0.9953031849963362,31.4333333,988.054442348889,0.9990480724184196,2.1972245773362196,-2675.457822111319,4732.066916815046,3322.51548331801,89.99408913382499,21.80140948635181,75.9
2023-08-17,78.8,95.2,72.3,4.1,4.1,1.4,3.9,-82.08464547640895,31.4333333,119.4833333,8.0,85.9188132606794,13.084083237666913,37.61414302008192,-0.7176769136759615,0.9953031849963362,31.4333333,988.054442348889,0.9990480724184196,2.1972245773362196,-2675.457822111319,4732.066916815046,3322.51548331801,89.99408913382499,21.80140948635181,74.0
2023-08-18,82.5,94.1,72.3,5.4,8.0,2.7,5.8,132.3222014768413,31.4333333,119.4833333,8.0,89.75232882892799,13.054884193298617,37.48255882714619,-0.7295575540864876,0.9953031849963362,31.4333333,988.054442348889,0.9990480724184196,2.1972245773362196,-2675.457822111319,4732.066916815046,3322.51548331801,89.99408913382499,21.80140948635181,74.5
2023-08-19,85.1,92.3,77.2,7.0,10.6,3.2,5.8,-30.718291923049637,31.4333333,119.4833333,8.0,92.37217651073613,13.025453797048574,37.34858936053789,-0.7412220108485957,0.9953031849963362,31.4333333,988.054442348889,0.9990480724184196,2.1972245773362196,-2675.457822111319,4732.066916815046,3322.51548331801,89.99408913382499,21.80140948635181,75.5
2023-08-20,86.1,93.4,78.8,6.1,10.7,3.2,5.8,-141.89174655797615,31.4333333,119.4833333,8.0,93.24487102037075,12.995800839076063,37.21224278262947,-0.7526668275320083,0.9953031849963362,31.4333333,988.054442348889,0.9990480724184196,2.1972245773362196,-2675.457822111319,4732.066916815046,3322.51548331801,89.99408913382499,21.80140948635181,76.3
2023-08-21,87.2,96.6,78.3,2.6,11.0,3.4,5.8,4.218270600046898,31.4333333,119.4833333,8.0,94.21912018767642,12.965933970781158,37.07352873213031,-0.7638886127905429,0.9953031849963362,31.4333333,988.054442348889,0.9990480724184196,2.1972245773362196,-2675.457822111319,4732.066916815046,3322.51548331801,89.99408913382499,21.80140948635181,74.2
2023-08-22,79.4,96.6,76.5,3.0,7.3,2.2,3.9,-10.041062471683155,31.4333333,119.4833333,8.0,85.592284944428,12.935861704447557,36.93245836778094,-0.7748840413670406,0.9953031849963362,31.4333333,988.054442348889,0.9990480724184196,2.1972245773362196,-2675.457822111319,4732.066916815046,3322.51548331801,89.99408913382499,21.80140948635181,76.2
2023-08-23,82.8,92.3,75.0,5.8,7.9,2.4,5.8,21.458581235148408,31.4333333,119.4833333,8.0,89.04858765213818,12.90559241335336,36.78904441027915,-0.7856498550787144,0.9953031849963362,31.4333333,988.054442348889,0.9990480724184196,2.1972245773362196,-2675.457822111319,4732.066916815046,3322.51548331801,89.99408913382499,21.80140948635181,72.2
2023-08-26,84.8,93.4,78.8,5.0,11.6,4.1,5.8,70.95204168593813,31.4333333,119.4833333,8.0,90.55003398165888,12.813684054008334,36.34489244213841,-0.8165380514459157,0.9953031849963362,31.4333333,988.054442348889,0.9990480724184196,2.1972245773362196,-2675.457822111319,4732.066916815046,3322.51548331801,89.99408913382499,21.80140948635181,74.3
2023-08-27,83.3,91.4,79.7,0.6,7.8,1.9,5.8,82.03931158493882,31.4333333,119.4833333,8.0,88.73329557016605,12.782707645161977,36.19226391726931,-0.8263541987239094,0.9953031849963362,31.4333333,988.054442348889,0.9990480724184196,2.1972245773362196,-2675.457822111319,4732.066916815046,3322.51548331801,89.99408913382499,21.80140948635181,78.8
2023-08-28,73.4,91.4,71.1,4.2,5.2,3.2,5.8,-0.013254012851739105,31.4333333,119.4833333,8.0,77.99712780030316,12.751574027297519,36.037380161924894,-0.8359254794186365,0.9953031849963362,31.4333333,988.054442348889,0.9990480724184196,2.1972245773362196,-2675.457822111319,4732.066916815046,3322.51548331801,89.99408913382499,21.80140948635181,71.3
2023-08-29,76.1,81.3,71.1,8.9,6.3,1.9,3.9,0.0541827530354837,31.4333333,119.4833333,8.0,80.66784394096396,12.720290765986434,35.880264036314585,-0.8452490573530634,0.9953031849963362,31.4333333,988.054442348889,0.9990480724184196,2.1972245773362196,-2675.457822111319,4732.066916815046,3322.51548331801,89.99408913382499,21.80140948635181,70.8
2023-08-30,68.1,81.3,66.0,12.1,3.1,1.5,1.9,-59.320830113304254,31.4333333,119.4833333,8.0,72.0093105786232,12.688865300197923,35.72094019762842,-0.8543221697498269,0.9953031849963362,31.4333333,988.054442348889,0.9990480724184196,2.1972245773362196,-2675.457822111319,4732.066916815046,3322.51548331801,89.99408913382499,21.80140948635181,66.4
2023-08-31,72.3,80.4,65.8,11.7,4.3,0.8,1.9,-102.14592733796117,31.4333333,119.4833333,8.0,76.26026229675401,12.657304945519337,35.55943512410181,-0.8631421280499115,0.9953031849963362,31.4333333,988.054442348889,0.9990480724184196,2.1972245773362196,-2675.457822111319,4732.066916815046,3322.51548331801,89.99408913382499,21.80140948635181,67.5
2023-09-01,75.6,86.4,66.4,11.2,9.6,1.7,3.9,36.325271997990114,31.4333333,119.4833333,8.0,79.54138645542277,12.625616897686156,35.3957771364483,-0.8717063187093217,0.9953031849963362,31.4333333,988.054442348889,0.9990480724184196,2.1972245773362196,-2675.457822111319,4732.066916815046,3322.51548331801,89.99408913382499,21.80140948635181,66.3
2023-09-02,78.8,88.7,67.3,10.0,6.7,2.2,3.9,-89.30856317519991,31.4333333,119.4833333,8.0,82.69934075238993,12.59380823640456,35.22999641658908,-0.8800122039735356,0.9953031849963362,31.4333333,988.054442348889,0.9990480724184196,2.1972245773362196,-2675.457822111319,4732.066916815046,3322.51548331801,89.99408913382499,21.80140948635181,69.6
2023-09-03,80.9,88.7,72.3,9.1,7.3,1.9,3.9,53.358329169631524,31.4333333,119.4833333,8.0,84.6880476410401,12.561885929449705,35.062125023613106,-0.888057322629493,0.9953031849963362,31.4333333,988.054442348889,0.9990480724184196,2.1972245773362196,-2675.457822111319,4732.066916815046,3322.51548331801,89.99408913382499,21.80140948635181,71.0
2023-09-04,80.0,88.5,77.0,9.4,4.6,2.4,5.8,21.643250580014676,31.4333333,119.4833333,8.0,83.53237891348914,12.529856837023372,34.89219690690873,-0.8958392907349089,0.9953031849963362,31.4333333,988.054442348889,0.9990480724184196,2.1972245773362196,-2675.457822111319,4732.066916815046,3322.51548331801,89.99408913382499,21.80140948635181,75.6
2023-09-05,81.2,89.2,75.2,11.0,7.1,1.7,3.9,-44.11550438437387,31.4333333,119.4833333,8.0,84.56795754733358,12.497727716354714,34.72024791641312,-0.9033558023246842,0.9953031849963362,31.4333333,988.054442348889,0.9990480724184196,2.1972245773362196,-2675.457822111319,4732.066916815046,3322.51548331801,89.99408913382499,21.80140948635181,75.5
2023-09-06,82.3,90.3,75.2,12.1,7.6,2.9,5.8,21.479996963725483,31.4333333,119.4833333,8.0,85.49259001194021,12.465505226528341,34.5463158099328,-0.9106046300942162,0.9953031849963362,31.4333333,988.054442348889,0.9990480724184196,2.1972245773362196,-2675.457822111319,4732.066916815046,3322.51548331801,89.99408913382499,21.80140948635181,74.3
2023-09-07,81.6,90.3,74.8,12.0,5.8,1.9,3.9,-48.02701473017171,31.4333333,119.4833333,8.0,84.54573234796511,12.433195933524281,34.37044025749507,-0.9175836260593934,0.9953031849963362,31.4333333,988.054442348889,0.9990480724184196,2.1972245773362196,-2675.457822111319,4732.066916815046,3322.51548331801,89.99408913382499,21.80140948635181,73.0
2023-09-08,80.9,90.3,71.6,10.8,9.4,1.9,3.9,1.9125243142573556,31.4333333,119.4833333,8.0,83.60210257668983,12.40080631545461,34.192662842696635,-0.9242907221930934,0.9953031849963362,31.4333333,988.054442348889,0.9990480724184196,2.1972245773362196,-2675.457822111319,4732.066916815046,3322.51548331801,89.99408913382499,21.80140948635181,70.0
2023-09-09,79.7,90.3,70.7,8.8,10.7,2.2,3.9,68.39211571514733,31.4333333,119.4833333,8.0,82.14640988401383,12.368342767982009,34.01302706102298,-0.9307239310379793,0.9953031849963362,31.4333333,988.054442348889,0.9990480724184196,2.1972245773362196,-2675.457822111319,4732.066916815046,3322.51548331801,89.99408913382499,21.80140948635181,67.8
2023-09-10,80.9,90.0,70.3,7.0,8.7,1.9,5.8,8.081459833826079,31.4333333,119.4833333,8.0,83.16392993678161,12.335811609905802,33.83157831511873,-0.9368813462954315,0.9953031849963362,31.4333333,988.054442348889,0.9990480724184196,2.1972245773362196,-2675.457822111319,4732.066916815046,3322.51548331801,89.99408913382499,21.80140948635181,69.7
2023-09-11,83.7,91.6,74.7,7.0,7.1,2.4,3.9,-57.39251076852148,31.4333333,119.4833333,8.0,85.81495314508648,12.303219088901288,33.64836390699623,-0.9427611433904206,0.9953031849963362,31.4333333,988.054442348889,0.9990480724184196,2.1972245773362196,-2675.457822111319,4732.066916815046,3322.51548331801,89.99408913382499,21.80140948635181,73.8
2023-09-12,78.7,91.6,73.9,7.4,4.6,2.8,5.8,55.035559116058515,31.4333333,119.4833333,8.0,80.47449734902293,12.270571387398668,33.46343302717718,-0.9483615800121716,0.9953031849963362,31.4333333,988.054442348889,0.9990480724184196,2.1972245773362196,-2675.457822111319,4732.066916815046,3322.51548331801,89.99408913382499,21.80140948635181,73.8
2023-09-13,73.2,86.2,72.0,8.6,5.4,2.4,3.9,-45.78342393275858,31.4333333,119.4833333,8.0,74.65103523438655,12.237874628587958,33.27683674076849,-0.9536809966304455,0.9953031849963362,31.4333333,988.054442348889,0.9990480724184196,2.1972245773362196,-2675.457822111319,4732.066916815046,3322.51548331801,89.99408913382499,21.80140948635181,71.2
2023-09-14,72.8,74.5,72.0,11.2,2.1,2.2,3.9,53.996190983038915,31.4333333,119.4833333,8.0,74.04448495405659,12.2051348825368,33.08862797048146,-0.9587178169872964,0.9953031849963362,31.4333333,988.054442348889,0.9990480724184196,2.1972245773362196,-2675.457822111319,4732.066916815046,3322.51548331801,89.99408913382499,21.80140948635181,71.8
2023-09-15,73.9,76.1,72.1,11.5,1.9,0.7,3.9,7.73707574922321,31.4333333,119.4833333,8.0,74.96143907841335,12.172358172408122,32.89886147660997,-0.9634705485641486,0.9953031849963362,31.4333333,988.054442348889,0.9990480724184196,2.1972245773362196,-2675.457822111319,4732.066916815046,3322.51548331801,89.99408913382499,21.80140948635181,72.9
2023-09-16,75.5,83.5,70.5,10.6,2.4,1.0,1.9,1.219105805631032,31.4333333,119.4833333,8.0,76.3780051081466,12.139550480765022,32.70759383399089,-0.9679377830240642,0.9953031849963362,31.4333333,988.054442348889,0.9990480724184196,2.1972245773362196,-2675.457822111319,4732.066916815046,3322.51548331801,89.99408913382499,21.80140948635181,72.4
2023-09-17,78.0,87.3,70.3,10.4,3.2,0.5,1.9,78.10698924568115,31.4333333,119.4833333,8.0,78.69366541367758,12.106717755950397,32.514883405976605,-0.9721181966290612,0.9953031849963362,31.4333333,988.054442348889,0.9990480724184196,2.1972245773362196,-2675.457822111319,4732.066916815046,3322.51548331801,89.99408913382499,21.80140948635181,72.8
2023-09-18,83.1,93.0,72.1,10.5,4.6,1.1,3.9,47.95133978486011,31.4333333,119.4833333,8.0,83.61152148581327,12.073865918528995,32.32079031545701,-0.9760105506323682,0.9953031849963362,31.4333333,988.054442348889,0.9990480724184196,2.1972245773362196,-2675.457822111319,4732.066916815046,3322.51548331801,89.99408913382499,21.80140948635181,75.4
2023-09-19,87.6,94.8,77.2,8.8,5.6,1.6,1.9,-113.65820060180042,31.4333333,119.4833333,8.0,87.89930633479271,12.041000867779823,32.125376412974774,-0.9796136916454901,0.9953031849963362,31.4333333,988.054442348889,0.9990480724184196,2.1972245773362196,-2675.457822111319,4732.066916815046,3322.51548331801,89.99408913382499,21.80140948635181,78.2
2023-09-26,75.6,82.2,72.5,13.8,2.7,0.5,1.9,-26.632329074883863,31.4333333,119.4833333,8.0,74.4097386963154,11.81106963433578,30.726037292531124,-0.99665890175417,0.9953031849963362,31.4333333,988.054442348889,0.9990480724184196,2.1972245773362196,-2675.457822111319,4732.066916815046,3322.51548331801,89.99408913382499,21.80140948635181,71.2
2023-09-27,78.0,85.5,72.7,13.5,1.9,0.2,1.9,83.88665484244589,31.4333333,119.4833333,8.0,76.55902058124279,11.778310858652738,30.522478106669872,-0.9979171608653922,0.9953031849963362,31.4333333,988.054442348889,0.9990480724184196,2.1972245773362196,-2675.457822111319,4732.066916815046,3322.51548331801,89.99408913382499,21.80140948635181,72.8
2023-09-28,77.7,85.5,72.7,14.8,2.1,0.8,1.9,-130.05672701958352,31.4333333,119.4833333,8.0,76.05270875788177,11.745592086159348,30.31822588493223,-0.9988797155850335,0.9953031849963362,31.4333333,988.054442348889,0.9990480724184196,2.1972245773362196,-2675.457822111319,4732.066916815046,3322.51548331801,89.99408913382499,21.80140948635181,71.6
2023-09-29,79.3,87.1,71.8,12.6,2.0,0.6,1.9,16.07941010701297,31.4333333,119.4833333,8.0,77.40287545679527,11.71291936294506,30.11335740591715,-0.9995462806873573,0.9953031849963362,31.4333333,988.054442348889,0.9990480724184196,2.1972245773362196,-2675.457822111319,4732.066916815046,3322.51548331801,89.99408913382499,21.80140948635181,74.6
2023-09-30,70.4,87.1,68.0,14.4,5.0,0.5,1.9,50.93643976112239,31.4333333,119.4833333,8.0,68.52441953959725,11.680298785158621,29.90795065239508,-0.9999166586547379,0.9953031849963362,31.4333333,988.054442348889,0.9990480724184196,2.1972245773362196,-2675.457822111319,4732.066916815046,3322.51548331801,89.99408913382499,21.80140948635181,67.5
2023-10-01,71.8,81.3,64.8,16.4,11.0,1.0,3.9,33.004285029129946,31.4333333,119.4833333,8.0,69.69229008930827,11.647736505176871,29.70208475028882,-0.9999907397361901,0.9953031849963362,31.4333333,988.054442348889,0.9990480724184196,2.1972245773362196,-2675.457822111319,4732.066916815046,3322.51548331801,89.99408913382499,21.80140948635181,62.6
2023-10-02,71.2,81.3,64.8,15.4,16.4,1.7,5.8,62.82712016040877,31.4333333,119.4833333,8.0,68.91708317682492,11.61523873766712,29.495839905874252,-0.9997685019798909,0.9953031849963362,31.4333333,988.054442348889,0.9990480724184196,2.1972245773362196,-2675.457822111319,4732.066916815046,3322.51548331801,89.99408913382499,21.80140948635181,61.4
2023-10-03,66.6,76.1,65.8,15.0,2.7,1.0,3.9,52.2441777886127,31.4333333,119.4833333,8.0,64.28460529869174,11.582811765530044,29.289297341322097,-0.9992500112396835,0.9953031849963362,31.4333333,988.054442348889,0.9990480724184196,2.1972245773362196,-2675.457822111319,4732.066916815046,3322.51548331801,89.99408913382499,21.80140948635181,65.0
2023-10-04,71.3,78.6,65.8,16.4,11.9,0.7,1.9,42.94568654177884,31.4333333,119.4833333,8.0,68.62899472742545,11.550461945709753,29.08253922870554,-0.9984354211555643,0.9953031849963362,31.4333333,988.054442348889,0.9990480724184196,2.1972245773362196,-2675.457822111319,4732.066916815046,3322.51548331801,89.99408913382499,21.80140948635181,62.4
2023-10-05,69.9,78.8,61.3,19.1,12.8,3.9,5.8,76.53711077769506,31.4333333,119.4833333,8.0,67.0934900390443,11.51819571485739,28.87564862260119,-0.9973249731081555,0.9953031849963362,31.4333333,988.054442348889,0.9990480724184196,2.1972245773362196,-2675.457822111319,4732.066916815046,3322.51548331801,89.99408913382499,21.80140948635181,54.4
2023-10-06,68.0,78.8,58.8,19.4,12.8,2.2,3.9,37.407460606843344,31.4333333,119.4833333,8.0,65.08744437072758,11.486019594834278,28.66870939141411,-0.9959189961471792,0.9953031849963362,31.4333333,988.054442348889,0.9990480724184196,2.1972245773362196,-2675.457822111319,4732.066916815046,3322.51548331801,89.99408913382499,21.80140948635181,58.3
2023-10-07,61.4,71.8,58.3,20.5,6.3,2.2,5.8,-1.222730872712571,31.4333333,119.4833333,8.0,58.605994013306564,11.453940198040371,28.4618061475599,-0.994217906893952,0.9953031849963362,31.4333333,988.054442348889,0.9990480724184196,2.1972245773362196,-2675.457822111319,4732.066916815046,3322.51548331801,89.99408913382499,21.80140948635181,58.1
2023-10-08,64.4,71.2,58.3,20.8,6.3,0.5,3.9,6.772670771195045,31.4333333,119.4833333,8.0,61.297874714702836,11.421964232553321,28.255024176638706,-0.9922222094179324,0.9953031849963362,31.4333333,988.054442348889,0.9990480724184196,2.1972245773362196,-2675.457822111319,4732.066916815046,3322.51548331801,89.99408913382499,21.80140948635181,58.5
2023-10-09,66.9,74.7,58.6,22.3,4.0,0.5,1.9,46.5049709421382,31.4333333,119.4833333,8.0,63.49979917687764,11.390098507063252,28.048449365738218,-0.989932495087353,0.9953031849963362,31.4333333,988.054442348889,0.9990480724184196,2.1972245773362196,-2675.457822111319,4732.066916815046,3322.51548331801,89.99408913382499,21.80140948635181,59.7
2023-10-10,65.8,74.7,61.9,23.0,3.2,0.0,43.15447902315038,141.95665497088478,31.4333333,119.4833333,8.0,62.28161881347369,11.358349935587908,27.842168131003444,-0.9873494423939864,0.9953031849963362,31.4333333,988.054442348889,0.9990480724184196,2.1972245773362196,-2675.457822111319,4732.066916815046,3322.51548331801,89.99408913382499,21.80140948635181,59.4
2023-10-11,66.2,75.6,57.9,23.7,6.2,0.7,3.9,-28.738792000542663,31.4333333,119.4833333,8.0,62.48576923977128,11.326725541952497,27.636267344612456,-0.9844738167520923,0.9953031849963362,31.4333333,988.054442348889,0.9990480724184196,2.1972245773362196,-2675.457822111319,4732.066916815046,3322.51548331801,89.99408913382499,21.80140948635181,57.3
2023-10-12,68.5,76.3,57.7,21.8,7.4,0.8,3.9,-15.896591291241428,31.4333333,119.4833333,8.0,64.47695198210438,11.295232464018286,27.43083426129786,-0.9813064702716093,0.9953031849963362,31.4333333,988.054442348889,0.9990480724184196,2.1972245773362196,-2675.457822111319,4732.066916815046,3322.51548331801,89.99408913382499,21.80140948635181,58.0
2023-10-13,65.4,76.3,58.3,17.1,4.1,0.5,1.9,107.47802739858108,31.4333333,119.4833333,8.0,61.388134869157476,11.263877957643572,27.22595644455347,-0.9778483415056567,0.9953031849963362,31.4333333,988.054442348889,0.9990480724184196,2.1972245773362196,-2675.457822111319,4732.066916815046,3322.51548331801,89.99408913382499,21.80140948635181,58.6
2023-10-14,67.3,77.2,58.3,14.4,4.5,1.5,3.9,24.68473263848453,31.4333333,119.4833333,8.0,62.996554220355115,11.232669400360496,27.02172169266633,-0.9741004551724206,0.9953031849963362,31.4333333,988.054442348889,0.9990480724184196,2.1972245773362196,-2675.457822111319,4732.066916815046,3322.51548331801,89.99408913382499,21.80140948635181,57.7
2023-10-15,67.6,80.2,58.1,15.9,5.3,1.5,3.9,-49.23045355674426,31.4333333,119.4833333,8.0,63.10242719376208,11.201614294750666,26.818217964712723,-0.970063921851507,0.9953031849963362,31.4333333,988.054442348889,0.9990480724184196,2.1972245773362196,-2675.457822111319,4732.066916815046,3322.51548331801,89.99408913382499,21.80140948635181,57.3
2023-10-16,66.2,82.4,54.1,19.3,5.8,0.0,8.75182464901654,46.48538236646057,31.4333333,119.4833333,8.0,61.62514016445571,11.170720271502544,26.61553330665657,-0.965739937654855,0.9953031849963362,31.4333333,988.054442348889,0.9990480724184196,2.1972245773362196,-2675.457822111319,4732.066916815046,3322.51548331801,89.99408913382499,21.80140948635181,52.5
2023-10-17,67.1,82.4,53.6,19.0,3.6,0.7,3.9,168.0692722573492,31.4333333,119.4833333,8.0,62.29113922351114,11.139995092133141,26.413755777687044,-0.9611297838723007,0.9953031849963362,31.4333333,988.054442348889,0.9990480724184196,2.1972245773362196,-2675.457822111319,4732.066916815046,3322.51548331801,89.99408913382499,21.80140948635181,53.6
2023-10-18,68.3,82.2,57.6,16.6,2.5,0.7,1.9,70.55533822282628,31.4333333,119.4833333,8.0,63.23126719063709,11.109446651356444,26.212973376930403,-0.9562348265919058,0.9953031849963362,31.4333333,988.054442348889,0.9990480724184196,2.1972245773362196,-2675.457822111319,4732.066916815046,3322.51548331801,89.99408913382499,21.80140948635181,59.1
2023-10-19,69.1,82.2,57.2,17.6,4.3,1.9,5.8,58.16991333953514,31.4333333,119.4833333,8.0,63.79705282120764,11.079082979080923,26.013273970669278,-0.9510565162951536,0.9953031849963362,31.4333333,988.054442348889,0.9990480724184196,2.1972245773362196,-2675.457822111319,4732.066916815046,3322.51548331801,89.99408913382499,21.80140948635181,58.5
2023-10-20,58.9,82.2,47.3,24.7,11.8,2.4,3.9,-40.324471730300395,31.4333333,119.4833333,8.0,54.23174425457288,11.048912242018245,25.814745220199946,-0.9455963874271428,0.9953031849963362,31.4333333,988.054442348889,0.9990480724184196,2.1972245773362196,-2675.457822111319,4732.066916815046,3322.51548331801,89.99408913382499,21.80140948635181,43.3
2023-10-21,58.2,70.7,46.9,24.7,8.9,1.2,3.9,88.6530201963427,31.4333333,119.4833333,8.0,53.44187231269439,11.018942744885441,25.61747451045537,-0.9398560579418953,0.9953031849963362,31.4333333,988.054442348889,0.9990480724184196,2.1972245773362196,-2675.457822111319,4732.066916815046,3322.51548331801,89.99408913382499,21.80140948635181,44.7
2023-10-22,62.1,75.4,49.3,21.8,5.9,1.0,1.9,13.009983068925507,31.4333333,119.4833333,8.0,56.869021668870666,10.989182931182738,25.421548879518948,-0.9338372288229252,0.9953031849963362,31.4333333,988.054442348889,0.9990480724184196,2.1972245773362196,-2675.457822111319,4732.066916815046,3322.51548331801,89.99408913382499,21.80140948635181,52.6
2023-10-23,65.8,77.7,53.2,19.4,4.7,0.8,1.9,89.75901416703168,31.4333333,119.4833333,8.0,60.09536691968608,10.959641383529377,25.227054949149803,-0.9275416835791965,0.9953031849963362,31.4333333,988.054442348889,0.9990480724184196,2.1972245773362196,-2675.457822111319,4732.066916815046,3322.51548331801,89.99408913382499,21.80140948635181,57.7
2023-10-24,66.6,81.3,57.0,17.5,6.5,0.7,1.9,-19.849048583173907,31.4333333,119.4833333,8.0,60.663313870647,10.930326823540002,25.03407885643723,-0.9209712877166347,0.9953031849963362,31.4333333,988.054442348889,0.9990480724184196,2.1972245773362196,-2675.457822111319,4732.066916815046,3322.51548331801,89.99408913382499,21.80140948635181,56.2
2023-10-25,67.3,81.3,56.5,16.6,3.7,1.0,3.9,-90.59267373947095,31.4333333,119.4833333,8.0,61.13783315711691,10.901248111224412,24.84270618669736,-0.9141279881853337,0.9953031849963362,31.4333333,988.054442348889,0.9990480724184196,2.1972245773362196,-2675.457822111319,4732.066916815046,3322.51548331801,89.99408913382499,21.80140948635181,59.4
2023-10-26,69.4,82.4,61.2,16.8,2.9,1.2,3.9,7.8838575462521705,31.4333333,119.4833333,8.0,62.87879571051986,10.872414243893923,24.653021907720653,-0.9070138128026362,0.9953031849963362,31.4333333,988.054442348889,0.9990480724184196,2.1972245773362196,-2675.457822111319,4732.066916815046,3322.51548331801,89.99408913382499,21.80140948635181,60.3
2023-10-27,65.7,82.4,59.5,18.2,4.3,0.7,1.9,-30.810307133271294,31.4333333,119.4833333,8.0,59.3699930912052,10.843834354558027,24.46511030547417,-0.8996308696522434,0.9953031849963362,31.4333333,988.054442348889,0.9990480724184196,2.1972245773362196,-2675.457822111319,4732.066916815046,3322.51548331801,89.99408913382499,21.80140948635181,61.2
2023-10-28,63.9,76.6,55.2,18.2,10.5,2.4,3.9,50.45327458739198,31.4333333,119.4833333,8.0,57.59263180466163,10.815517709795612,24.27905492135731,-0.8919813464595487,0.9953031849963362,31.4333333,988.054442348889,0.9990480724184196,2.1972245773362196,-2675.457822111319,4732.066916815046,3322.51548331801,89.99408913382499,21.80140948635181,53.4
2023-10-29,63.8,77.2,55.2,18.7,7.4,1.1,3.9,126.46670903803177,31.4333333,119.4833333,8.0,57.35340187600628,10.787473707085821,24.094938491104408,-0.8840675099433637,0.9953031849963362,31.4333333,988.054442348889,0.9990480724184196,2.1972245773362196,-2675.457822111319,4732.066916815046,3322.51548331801,89.99408913382499,21.80140948635181,57.3
2023-10-30,64.2,79.7,56.8,20.6,3.3,0.3,1.9,42.60366074522208,31.4333333,119.4833333,8.0,57.564458512975925,10.759711871584285,23.912842885421757,-0.8758917051442433,0.9953031849963362,31.4333333,988.054442348889,0.9990480724184196,2.1972245773362196,-2675.457822111319,4732.066916815046,3322.51548331801,89.99408913382499,21.80140948635181,59.0
2023-10-31,67.9,84.9,56.5,20.1,5.0,0.5,1.9,89.83354772962197,31.4333333,119.4833333,8.0,60.72660181444294,10.732241852331594,23.73284905244075,-0.8674563547295971,0.9953031849963362,31.4333333,988.054442348889,0.9990480724184196,2.1972245773362196,-2675.457822111319,4732.066916815046,3322.51548331801,89.99408913382499,21.80140948635181,56.4
2023-11-01,68.5,87.8,55.8,17.2,9.0,1.2,3.9,4.858085653115313,31.4333333,119.4833333,8.0,61.108127427075594,10.705073417881856,23.555036962063,-0.858763958275803,0.9953031849963362,31.4333333,988.054442348889,0.9990480724184196,2.1972245773362196,-2675.457822111319,4732.066916815046,3322.51548331801,89.99408913382499,21.80140948635181,51.7
2023-11-02,68.7,87.8,55.8,13.5,6.3,1.0,3.9,61.84327272660873,31.4333333,119.4833333,8.0,61.13278918392397,10.67821645134043,23.379485552266026,-0.8498170915275277,0.9953031849963362,31.4333333,988.054442348889,0.9990480724184196,2.1972245773362196,-2675.457822111319,4732.066916815046,3322.51548331801,89.99408913382499,21.80140948635181,56.3
2023-11-03,70.3,85.5,57.9,13.7,5.8,1.5,3.9,78.90871196120439,31.4333333,119.4833333,8.0,62.40109753496124,10.65168094480135,23.206272677432477,-0.8406184056344783,0.9953031849963362,31.4333333,988.054442348889,0.9990480724184196,2.1972245773362196,-2675.457822111319,4732.066916815046,3322.51548331801,89.99408913382499,21.80140948635181,59.7
2023-11-04,69.8,83.3,61.5,14.2,1.2,1.5,3.9,48.804650695743476,31.4333333,119.4833333,8.0,61.80485784364258,10.625476993176376,23.035475058758298,-0.8311706263658079,0.9953031849963362,31.4333333,988.054442348889,0.9990480724184196,2.1972245773362196,-2675.457822111319,4732.066916815046,3322.51548331801,89.99408913382499,21.80140948635181,66.0
2023-11-05,69.0,88.9,58.3,12.3,6.2,5.3,9.7,22.668716869935412,31.4333333,119.4833333,8.0,60.94778502760351,10.599614787409307,22.8671682367884,-0.8214765533024145,0.9953031849963362,31.4333333,988.054442348889,0.9990480724184196,2.1972245773362196,-2675.457822111319,4732.066916815046,3322.51548331801,89.99408913382499,21.80140948635181,60.7
2023-11-06,55.4,63.1,43.0,22.0,13.5,3.3,5.8,35.63538441655604,31.4333333,119.4833333,8.0,48.817116269311285,10.574104607071037,22.70142652612176,-0.8115390590073611,0.9953031849963362,31.4333333,988.054442348889,0.9990480724184196,2.1972245773362196,-2675.457822111319,4732.066916815046,3322.51548331801,89.99408913382499,21.80140948635181,35.8
2023-11-07,55.6,71.2,42.6,20.5,7.5,1.5,1.9,44.101693543111026,31.4333333,119.4833333,8.0,48.87683323047474,10.548956812332678,22.538322972319538,-0.801361088174677,0.9953031849963362,31.4333333,988.054442348889,0.9990480724184196,2.1972245773362196,-2675.457822111319,4732.066916815046,3322.51548331801,89.99408913382499,21.80140948635181,42.4
2023-11-08,60.6,72.3,47.8,16.8,4.0,0.7,3.9,-33.28162422478074,31.4333333,119.4833333,8.0,53.14711826834699,10.524181835316236,22.377929311043495,-0.7909456567567774,0.9953031849963362,31.4333333,988.054442348889,0.9990480724184196,2.1972245773362196,-2675.457822111319,4732.066916815046,3322.51548331801,89.99408913382499,21.80140948635181,50.7
2023-11-09,60.8,72.3,55.0,19.5,1.6,1.7,3.9,70.120659453921,31.4333333,119.4833333,8.0,53.198936865511165,10.499790170824571,22.22031592944377,-0.780295851070776,0.9953031849963362,31.4333333,988.054442348889,0.9990480724184196,2.1972245773362196,-2675.457822111319,4732.066916815046,3322.51548331801,89.99408913382499,21.80140948635181,58.4
2023-11-10,54.0,64.4,52.3,28.0,12.2,3.6,5.8,125.69981515409287,31.4333333,119.4833333,8.0,47.14106564904599,10.475792366454664,22.065551829807664,-0.7694148268839381,0.9953031849963362,31.4333333,988.054442348889,0.9990480724184196,2.1972245773362196,-2675.457822111319,4732.066916815046,3322.51548331801,89.99408913382499,21.80140948635181,46.5
2023-11-11,52.7,57.6,48.2,29.3,8.1,3.6,3.9,6.148491017973516,31.4333333,119.4833333,8.0,45.90257399480944,10.45219901210082,21.913704595473682,-0.7583058084785625,0.9953031849963362,31.4333333,988.054442348889,0.9990480724184196,2.1972245773362196,-2675.457822111319,4732.066916815046,3322.51548331801,89.99408913382499,21.80140948635181,46.2
2023-11-12,45.5,57.6,38.5,33.8,5.1,2.7,3.9,47.114503591885715,31.4333333,119.4833333,8.0,39.54337026358258,10.429020728856944,21.764840359007156,-0.7469720876965551,0.9953031849963362,31.4333333,988.054442348889,0.9990480724184196,2.1972245773362196,-2675.457822111319,4732.066916815046,3322.51548331801,89.99408913382499,21.80140948635181,35.6
2023-11-13,44.8,52.7,36.1,32.1,9.8,1.2,3.9,53.56703360731906,31.4333333,119.4833333,8.0,38.85006778736485,10.40626815732987,21.619023772626573,-0.7354170229639858,0.9953031849963362,31.4333333,988.054442348889,0.9990480724184196,2.1972245773362196,-2675.457822111319,4732.066916815046,3322.51548331801,89.99408913382499,21.80140948635181,26.9
2023-11-14,46.4,57.2,35.4,28.2,4.7,1.7,3.9,38.91737072659735,31.4333333,119.4833333,8.0,40.15128085546363,10.383951945378527,21.476317980861474,-0.7236440382959124,0.9953031849963362,31.4333333,988.054442348889,0.9990480724184196,2.1972245773362196,-2675.457822111319,4732.066916815046,3322.51548331801,89.99408913382499,21.80140948635181,33.7
2023-11-15,51.8,61.0,36.0,26.8,2.2,1.9,3.9,17.92208756422647,31.4333333,119.4833333,8.0,44.72965714069706,10.362082735296616,21.33678459541615,-0.711656622281775,0.9953031849963362,31.4333333,988.054442348889,0.9990480724184196,2.1972245773362196,-2675.457822111319,4732.066916815046,3322.51548331801,89.99408913382499,21.80140948635181,42.4
2023-11-16,50.2,61.0,42.1,27.7,5.3,4.4,5.8,93.34082118889353,31.4333333,119.4833333,8.0,43.25847431275594,10.340671150459587,21.20048367220538,-0.6994583270516471,0.9953031849963362,31.4333333,988.054442348889,0.9990480724184196,2.1972245773362196,-2675.457822111319,4732.066916815046,3322.51548331801,89.99408913382499,21.80140948635181,36.1
2023-11-17,49.1,61.7,37.2,25.9,10.0,3.4,7.8,8.803556546797592,31.4333333,119.4833333,8.0,42.224886172472594,10.319727781459697,21.067473690521233,-0.6870527672236675,0.9953031849963362,31.4333333,988.054442348889,0.9990480724184196,2.1972245773362196,-2675.457822111319,4732.066916815046,3322.51548331801,89.99408913382499,21.80140948635181,29.2
2023-11-18,45.5,61.7,35.6,25.4,10.3,1.0,1.9,-93.09011720111911,31.4333333,119.4833333,8.0,39.05137285957509,10.299263171756069,20.937811534283327,-0.6744436188329457,0.9953031849963362,31.4333333,988.054442348889,0.9990480724184196,2.1972245773362196,-2675.457822111319,4732.066916815046,3322.51548331801,89.99408913382499,21.80140948635181,25.8
2023-11-19,51.8,69.8,35.6,21.1,7.4,1.0,3.9,78.95139943148793,31.4333333,119.4833333,8.0,44.37225901572153,10.279287802869854,20.811552475317402,-0.661634618242279,0.9953031849963362,31.4333333,988.054442348889,0.9990480724184196,2.1972245773362196,-2675.457822111319,4732.066916815046,3322.51548331801,89.99408913382499,21.80140948635181,38.8
2023-11-20,53.2,70.7,40.5,21.5,4.0,1.0,3.9,41.67410952391724,31.4333333,119.4833333,8.0,45.48516688426583,10.259812079157706,20.68875015860092,-0.6486295610349818,0.9953031849963362,31.4333333,988.054442348889,0.9990480724184196,2.1972245773362196,-2675.457822111319,4732.066916815046,3322.51548331801,89.99408913382499,21.80140948635181,42.0
2023-11-21,55.1,73.8,42.8,16.8,1.9,0.7,1.9,77.6799592598464,31.4333333,119.4833333,8.0,47.02255265018467,10.240846312199928,20.569456589407867,-0.6354323008901775,0.9953031849963362,31.4333333,988.054442348889,0.9990480724184196,2.1972245773362196,-2675.457822111319,4732.066916815046,3322.51548331801,89.99408913382499,21.80140948635181,46.1
2023-11-22,61.1,74.8,43.5,15.0,8.7,1.2,3.9,-61.20583030442748,31.4333333,119.4833333,8.0,52.04905692215756,10.222400704842729,20.453722122278627,-0.622046748440868,0.9953031849963362,31.4333333,988.054442348889,0.9990480724184196,2.1972245773362196,-2675.457822111319,4732.066916815046,3322.51548331801,89.99408913382499,21.80140948635181,48.3
2023-11-23,55.2,74.8,41.7,24.2,8.4,2.9,3.9,-111.68364285358152,31.4333333,119.4833333,8.0,46.94063254071049,10.204485334937063,20.34159545173545,-0.6084768701151264,0.9953031849963362,31.4333333,988.054442348889,0.9990480724184196,2.1972245773362196,-2675.457822111319,4732.066916815046,3322.51548331801,89.99408913382499,21.80140948635181,33.0
2023-11-24,45.5,70.5,39.9,31.4,11.5,3.2,3.9,115.10532200486583,31.4333333,119.4833333,8.0,38.626125943023816,10.187110138819467,20.23312360465832,-0.594726686960764,0.9953031849963362,31.4333333,988.054442348889,0.9990480724184196,2.1972245773362196,-2675.457822111319,4732.066916815046,3322.51548331801,89.99408913382499,21.80140948635181,28.2
2023-11-25,50.5,59.2,39.9,26.6,9.8,3.4,7.8,-52.58540443056774,31.4333333,119.4833333,8.0,42.7999489313703,10.170284894583043,20.128351934231212,-0.5808002734538013,0.9953031849963362,31.4333333,988.054442348889,0.9990480724184196,2.1972245773362196,-2675.457822111319,4732.066916815046,3322.51548331801,89.99408913382499,21.80140948635181,42.4
2023-11-27,53.9,64.4,43.0,21.6,4.2,3.1,5.8,72.22857008483803,31.4333333,119.4833333,8.0,45.53796514596228,10.138322481475834,19.930082141491837,-0.5524353131676203,0.9953031849963362,31.4333333,988.054442348889,0.9990480724184196,2.1972245773362196,-2675.457822111319,4732.066916815046,3322.51548331801,89.99408913382499,21.80140948635181,41.3
2023-11-28,50.8,64.4,43.3,21.8,2.6,0.7,3.9,73.34677587078781,31.4333333,119.4833333,8.0,42.854896616300834,10.123203925110435,19.83666632264857,-0.5380051715382992,0.9953031849963362,31.4333333,988.054442348889,0.9990480724184196,2.1972245773362196,-2675.457822111319,4732.066916815046,3322.51548331801,89.99408913382499,21.80140948635181,39.8
2023-11-29,53.1,65.8,42.6,26.7,6.6,3.2,5.8,51.092740638563924,31.4333333,119.4833333,8.0,44.730875863643355,10.10867251155782,19.747115284710507,-0.5234156073655503,0.9953031849963362,31.4333333,988.054442348889,0.9990480724184196,2.1972245773362196,-2675.457822111319,4732.066916815046,3322.51548331801,89.99408913382499,21.80140948635181,39.1
2023-11-30,42.2,65.8,36.3,33.0,16.3,2.9,3.9,-59.637637553606474,31.4333333,119.4833333,8.0,35.49982502210357,10.094736973110018,19.66146596970107,-0.5086709438521042,0.9953031849963362,31.4333333,988.054442348889,0.9990480724184196,2.1972245773362196,-2675.457822111319,4732.066916815046,3322.51548331801,89.99408913382499,21.80140948635181,19.3
2023-12-01,37.9,48.9,28.8,31.0,9.3,1.2,3.9,40.381799316269515,31.4333333,119.4833333,8.0,31.840439928296917,10.081405782046517,19.579753637047457,-0.49377555015997737,0.9953031849963362,31.4333333,988.054442348889,0.9990480724184196,2.1972245773362196,-2675.457822111319,4732.066916815046,3322.51548331801,89.99408913382499,21.80140948635181,18.5
2023-12-02,41.3,56.3,28.4,27.8,6.1,1.0,3.9,92.56598462388433,31.4333333,119.4833333,8.0,34.653064886130906,10.068687133984769,19.50201186567774,-0.4787338401157883,0.9953031849963362,31.4333333,988.054442348889,0.9990480724184196,2.1972245773362196,-2675.457822111319,4732.066916815046,3322.51548331801,89.99408913382499,21.80140948635181,25.8
2023-12-03,41.9,56.3,32.7,25.6,3.9,0.7,1.9,-3.6836961975924716,31.4333333,119.4833333,8.0,35.114256352433145,10.056588931484434,19.42827255684646,-0.4635502709028512,0.9953031849963362,31.4333333,988.054442348889,0.9990480724184196,2.1972245773362196,-2675.457822111319,4732.066916815046,3322.51548331801,89.99408913382499,21.80140948635181,28.1
2023-12-04,43.9,58.3,33.8,18.7,1.9,0.2,1.9,-6.114892077329493,31.4333333,119.4833333,8.0,36.74839282615359,10.045118767969091,19.358565937576646,-0.4482293417404106,0.9953031849963362,31.4333333,988.054442348889,0.9990480724184196,2.1972245773362196,-2675.457822111319,4732.066916815046,3322.51548331801,89.99408913382499,21.80140948635181,34.6
2023-12-05,51.4,64.4,35.1,16.9,3.8,1.5,3.9,1.0170746077750934,31.4333333,119.4833333,8.0,42.98018275652553,10.034283912029307,19.2929205646066,-0.4327755925504317,0.9953031849963362,31.4333333,988.054442348889,0.9990480724184196,2.1972245773362196,-2675.457822111319,4732.066916815046,3322.51548331801,89.99408913382499,21.80140948635181,38.9
2023-12-06,51.0,65.8,37.4,18.3,5.8,3.2,7.8,-75.44852555369519,31.4333333,119.4833333,8.0,42.60238799172583,10.024091292170782,19.23136332873099,-0.41719360261231697,0.9953031849963362,31.4333333,988.054442348889,0.9990480724184196,2.1972245773362196,-2675.457822111319,4732.066916815046,3322.51548331801,89.99408913382499,21.80140948635181,29.4
2023-12-07,54.0,71.6,36.5,14.7,7.6,1.9,5.8,96.38318019208486,31.4333333,119.4833333,8.0,45.065463669318106,10.01454748207069,19.17391945942736,-0.4014879892059737,0.9953031849963362,31.4333333,988.054442348889,0.9990480724184196,2.1972245773362196,-2675.457822111319,4732.066916815046,3322.51548331801,89.99408913382499,21.80140948635181,34.9
2023-12-08,58.1,77.7,40.5,12.9,7.4,1.0,3.9,86.32715080869174,31.4333333,119.4833333,8.0,48.44406414000791,10.005658686404388,19.120612529661983,-0.38566340624360745,0.9953031849963362,31.4333333,988.054442348889,0.9990480724184196,2.1972245773362196,-2675.457822111319,4732.066916815046,3322.51548331801,89.99408913382499,21.80140948635181,38.7
2023-12-09,60.8,77.7,44.4,14.5,5.1,1.7,3.9,201.88050516137048,31.4333333,119.4833333,8.0,50.65364901833645,9.997430727303248,19.071464460771516,-0.3697245428906732,0.9953031849963362,31.4333333,988.054442348889,0.9990480724184196,2.1972245773362196,-2675.457822111319,4732.066916815046,3322.51548331801,89.99408913382499,21.80140948635181,43.0
2023-12-10,53.7,75.2,49.6,16.7,3.7,3.9,5.8,30.830376371585675,31.4333333,119.4833333,8.0,44.70466391597422,9.98986903150262,19.026495527321092,-0.3536761221763721,0.9953031849963362,31.4333333,988.054442348889,0.9990480724184196,2.1972245773362196,-2675.457822111319,4732.066916815046,3322.51548331801,89.99408913382499,21.80140948635181,51.6
2023-12-11,44.1,57.2,40.8,22.3,5.2,3.9,3.9,57.98450340785756,31.4333333,119.4833333,8.0,36.68744642201983,9.982978618236688,18.985724361843246,-0.33752289959411347,0.9953031849963362,31.4333333,988.054442348889,0.9990480724184196,2.1972245773362196,-2675.457822111319,4732.066916815046,3322.51548331801,89.99408913382499,21.80140948635181,41.4
2023-12-12,41.3,50.2,39.2,27.3,3.3,2.2,3.9,-43.38064460968282,31.4333333,119.4833333,8.0,34.33669640264117,9.97676408793448,18.949167959367504,-0.32126966169236515,0.9953031849963362,31.4333333,988.054442348889,0.9990480724184196,2.1972245773362196,-2675.457822111319,4732.066916815046,3322.51548331801,89.99408913382499,21.80140948635181,34.4
2023-12-13,50.5,55.2,39.4,20.4,2.3,1.7,3.9,38.83752784426004,31.4333333,119.4833333,8.0,41.96225794952464,9.971229611768232,18.916841681655303,-0.3049212246562894,0.9953031849963362,31.4333333,988.054442348889,0.9990480724184196,2.1972245773362196,-2675.457822111319,4732.066916815046,3322.51548331801,89.99408913382499,21.80140948635181,45.3
2023-12-14,54.8,64.0,42.3,16.8,2.3,3.2,5.8,38.94039082084407,31.4333333,119.4833333,8.0,45.513130410932625,9.966378922102034,18.888759261061548,-0.2884824328806098,0.9953031849963362,31.4333333,988.054442348889,0.9990480724184196,2.1972245773362196,-2675.457822111319,4732.066916815046,3322.51548331801,89.99408913382499,21.80140948635181,49.1
2023-12-15,36.1,64.0,30.9,28.3,4.9,6.1,7.8,105.87549736748076,31.4333333,119.4833333,8.0,29.969664372520675,9.962215303884989,18.864932803949873,-0.27195815753410524,0.9953031849963362,31.4333333,988.054442348889,0.9990480724184196,2.1972245773362196,-2675.457822111319,4732.066916815046,3322.51548331801,89.99408913382499,21.80140948635181,33.0
2023-12-16,30.1,40.5,26.6,38.7,8.4,3.9,7.8,81.52643499608284,31.4333333,119.4833333,8.0,24.97984348079785,9.958741587029042,18.845372793596294,-0.2553532951161881,0.9953031849963362,31.4333333,988.054442348889,0.9990480724184196,2.1972245773362196,-2675.457822111319,4732.066916815046,3322.51548331801,89.99408913382499,21.80140948635181,16.1
2023-12-17,31.4,34.9,25.5,36.7,15.7,3.6,3.9,114.49207290950964,31.4333333,119.4833333,8.0,26.051429032496014,9.955960139807395,18.83008809252292,-0.23867276600594997,0.9953031849963362,31.4333333,988.054442348889,0.9990480724184196,2.1972245773362196,-2675.457822111319,4732.066916815046,3322.51548331801,89.99408913382499,21.80140948635181,11.7
2023-12-18,32.4,34.5,26.2,30.9,0.9,1.7,3.9,84.49033688125073,31.4333333,119.4833333,8.0,26.87545673092282,9.953872863304749,18.8190859442112,-0.22192151300416674,0.9953031849963362,31.4333333,988.054442348889,0.9990480724184196,2.1972245773362196,-2675.457822111319,4732.066916815046,3322.51548331801,89.99408913382499,21.80140948635181,30.9
2023-12-19,32.9,35.1,30.2,33.8,1.5,2.3,3.9,85.13500867583856,31.4333333,119.4833333,8.0,27.286385920876572,9.952481186945862,18.812371974152576,-0.20510449986861926,0.9953031849963362,31.4333333,988.054442348889,0.9990480724184196,2.1972245773362196,-2675.457822111319,4732.066916815046,3322.51548331801,89.99408913382499,21.80140948635181,31.0
2023-12-20,29.6,36.0,24.4,36.9,8.7,2.9,3.9,-89.72978986663702,31.4333333,119.4833333,8.0,24.547738960638668,9.951786065123784,18.80995019020244,-0.1882267098432439,0.9953031849963362,31.4333333,988.054442348889,0.9990480724184196,2.1972245773362196,-2675.457822111319,4732.066916815046,3322.51548331801,89.99408913382499,21.80140948635181,14.2
2023-12-21,25.0,36.0,20.3,42.2,12.0,3.4,5.8,83.03289008599623,31.4333333,119.4833333,8.0,20.73289161446665,9.951787974943992,18.811822982212142,-0.1712931441814778,0.9953031849963362,31.4333333,988.054442348889,0.9990480724184196,2.1972245773362196,-2675.457822111319,4732.066916815046,3322.51548331801,89.99408913382499,21.80140948635181,6.3
2023-12-22,25.4,31.6,19.2,42.0,10.9,1.7,3.9,29.53877984968923,31.4333333,119.4833333,8.0,21.06609730361836,9.952486915095289,18.817991120922624,-0.154308820664281,0.9953031849963362,31.4333333,988.054442348889,0.9990480724184196,2.1972245773362196,-2675.457822111319,4732.066916815046,3322.51548331801,89.99408913382499,21.80140948635181,10.4
2023-12-23,27.5,36.7,21.2,37.7,5.9,1.0,3.9,-9.007838075633583,31.4333333,119.4833333,8.0,22.810980513412932,9.953882405852916,18.82845375611212,-0.13727877211326517,0.9953031849963362,31.4333333,988.054442348889,0.9990480724184196,2.1972245773362196,-2675.457822111319,4732.066916815046,3322.51548331801,89.99408913382499,21.80140948635181,18.0
2023-12-24,32.3,43.7,21.2,35.1,3.6,2.7,7.8,-89.10022416543823,31.4333333,119.4833333,8.0,26.798161977825576,9.955973490213836,18.84320841399938,-0.12020804489935275,0.9953031849963362,31.4333333,988.054442348889,0.9990480724184196,2.1972245773362196,-2675.457822111319,4732.066916815046,3322.51548331801,89.99408913382499,21.80140948635181,22.5
2023-12-25,34.3,48.9,22.5,31.4,3.3,0.5,1.9,38.9172825626021,31.4333333,119.4833333,8.0,28.465452054187104,9.958758736158755,18.862250993912962,-0.10310169744743544,0.9953031849963362,31.4333333,988.054442348889,0.9990480724184196,2.1972245773362196,-2675.457822111319,4732.066916815046,3322.51548331801,89.99408913382499,21.80140948635181,23.9
2023-12-26,39.7,51.6,25.2,27.8,3.0,1.7,3.9,-19.12576077755737,31.4333333,119.4833333,8.0,32.958398227432426,9.96223624002995,18.885575764246024,-0.0859647987374467,0.9953031849963362,31.4333333,988.054442348889,0.9990480724184196,2.1972245773362196,-2675.457822111319,4732.066916815046,3322.51548331801,89.99408913382499,21.80140948635181,30.4
2023-12-27,42.6,55.4,31.8,28.1,1.5,0.8,3.9,5.48308972454275,31.4333333,119.4833333,8.0,35.38073289008088,9.966403631008697,18.91317535772493,-0.06880242680232064,0.9953031849963362,31.4333333,988.054442348889,0.9990480724184196,2.1972245773362196,-2675.457822111319,4732.066916815046,3322.51548331801,89.99408913382499,21.80140948635181,34.4
2023-12-28,43.7,55.9,31.5,28.2,1.1,2.4,3.9,42.25354643851712,31.4333333,119.4833333,8.0,36.31199816254303,9.971258076670853,18.945040766028807,-0.05161966722325418,0.9953031849963362,31.4333333,988.054442348889,0.9990480724184196,2.1972245773362196,-2675.457822111319,4732.066916815046,3322.51548331801,89.99408913382499,21.80140948635181,37.5
2023-12-29,43.8,55.9,32.5,22.5,0.7,2.4,5.8,103.36451904076999,31.4333333,119.4833333,8.0,36.41530645701861,9.97679628959414,18.981161333805332,-0.034421611622745804,0.9953031849963362,31.4333333,988.054442348889,0.9990480724184196,2.1972245773362196,-2675.457822111319,4732.066916815046,3322.51548331801,89.99408913382499,21.80140948635181,42.3
2023-12-30,46.7,53.1,38.1,19.1,0.7,2.7,3.9,72.84415171488256,31.4333333,119.4833333,8.0,38.85056489865304,9.983014534985791,19.02152475213679,-0.01721335615583528,0.9953031849963362,31.4333333,988.054442348889,0.9990480724184196,2.1972245773362196,-2675.457822111319,4732.066916815046,3322.51548331801,89.99408913382499,21.80140948635181,43.8
2023-12-31,39.6,53.1,31.8,28.8,1.0,2.2,3.9,3.274377739800995,31.4333333,119.4833333,8.0,32.96669850967253,9.989908639294706,19.066117051517583,6.432490598706546e-16,0.9953031849963362,31.4333333,988.054442348889,0.9990480724184196,2.1972245773362196,-2675.457822111319,4732.066916815046,3322.51548331801,89.99408913382499,21.80140948635181,32.6
2024-01-01,36.2,48.4,29.7,27.0,1.3,1.5,3.9,-7.574090236662904,31.4333333,119.4833333,8.0,30.15904656596633,9.997473999767843,19.114922594412665,0.017213356155834685,0.9953031849963362,31.4333333,988.054442348889,0.9990480724184196,2.1972245773362196,-2675.457822111319,4732.066916815046,3322.51548331801,89.99408913382499,21.80140948635181,30.4
2024-01-02,41.7,48.7,30.2,23.7,1.5,3.2,5.8,-34.09756448617394,31.4333333,119.4833333,8.0,34.76982694230066,10.005705594906665,19.167924067472754,0.03442161162274574,0.9953031849963362,31.4333333,988.054442348889,0.9990480724184196,2.1972245773362196,-2675.457822111319,4732.066916815046,3322.51548331801,89.99408913382499,21.80140948635181,36.9
2024-01-03,35.7,48.7,25.9,26.5,1.2,2.5,5.8,-7.8872373637778,31.4333333,119.4833333,8.0,29.7934290374326,10.014597995775663,19.225102473489407,0.051619667223253764,0.9953031849963362,31.4333333,988.054442348889,0.9990480724184196,2.1972245773362196,-2675.457822111319,4732.066916815046,3322.51548331801,89.99408913382499,21.80140948635181,31.4
2024-01-04,39.5,54.0,25.9,21.5,1.1,0.7,1.9,-73.32373669828995,31.4333333,119.4833333,8.0,32.99614520295113,10.024145378111736,19.28643712317854,0.06880242680231986,0.9953031849963362,31.4333333,988.054442348889,0.9990480724184196,2.1972245773362196,-2675.457822111319,4732.066916815046,3322.51548331801,89.99408913382499,21.80140948635181,35.6
2024-01-05,43.9,59.4,28.6,22.1,2.4,1.0,3.9,136.89481529830485,31.4333333,119.4833333,8.0,36.70896611620081,10.034341535180177,19.351905626887298,0.08596479873744647,0.9953031849963362,31.4333333,988.054442348889,0.9990480724184196,2.1972245773362196,-2675.457822111319,4732.066916815046,3322.51548331801,89.99408913382499,21.80140948635181,35.7
2024-01-06,44.3,59.4,34.0,26.2,1.0,1.7,3.9,23.776423166734567,31.4333333,119.4833333,8.0,37.083455765458,10.045179891320451,19.42148388632337,0.10310169744743485,0.9953031849963362,31.4333333,988.054442348889,0.9990480724184196,2.1972245773362196,-2675.457822111319,4732.066916815046,3322.51548331801,89.99408913382499,21.80140948635181,38.3
2024-01-07,38.7,56.1,32.4,29.3,6.0,2.9,3.9,-62.71407356188615,31.4333333,119.4833333,8.0,32.43270758949601,10.056653516122793,19.495146086411168,0.1202080448993527,0.9953031849963362,31.4333333,988.054442348889,0.9990480724184196,2.1972245773362196,-2675.457822111319,4732.066916815046,3322.51548331801,89.99408913382499,21.80140948635181,28.4
2024-01-08,41.7,47.5,32.4,22.3,5.8,2.2,5.8,-11.811590319164367,31.4333333,119.4833333,8.0,34.98892410863244,10.068755139174801,19.572864687382257,0.13727877211326478,0.9953031849963362,31.4333333,988.054442348889,0.9990480724184196,2.1972245773362196,-2675.457822111319,4732.066916815046,3322.51548331801,89.99408913382499,21.80140948635181,35.1
2024-01-09,45.3,54.0,34.0,21.8,1.7,2.4,3.9,18.404698117289062,31.4333333,119.4833333,8.0,38.0575762990676,10.08147716531592,19.65461041721133,0.15430882066428117,0.9953031849963362,31.4333333,988.054442348889,0.9990480724184196,2.1972245773362196,-2675.457822111319,4732.066916815046,3322.51548331801,89.99408913382499,21.80140948635181,37.7
2024-01-10,36.5,54.0,27.1,26.2,1.3,1.7,5.8,19.811487206261035,31.4333333,119.4833333,8.0,30.7050522247739,10.094811690336625,19.74035226451114,0.1712931441814776,0.9953031849963362,31.4333333,988.054442348889,0.9990480724184196,2.1972245773362196,-2675.457822111319,4732.066916815046,3322.51548331801,89.99408913382499,21.80140948635181,29.0
2024-01-11,41.6,59.0,26.6,20.0,3.2,1.0,3.9,-108.9848508081263,31.4333333,119.4833333,8.0,35.04366845913662,10.108750517058638,19.830057472001915,0.1882267098432442,0.9953031849963362,31.4333333,988.054442348889,0.9990480724184196,2.1972245773362196,-2675.457822111319,4732.066916815046,3322.51548331801,89.99408913382499,21.80140948635181,29.0
2024-01-12,44.9,64.4,28.2,20.2,3.1,0.8,3.9,121.06083963685438,31.4333333,119.4833333,8.0,37.877958684231416,10.123285171732228,19.923691530671945,0.2051044998686192,0.9953031849963362,31.4333333,988.054442348889,0.9990480724184196,2.1972245773362196,-2675.457822111319,4732.066916815046,3322.51548331801,89.99408913382499,21.80140948635181,35.3
2024-01-13,47.7,65.7,34.2,21.5,2.1,1.2,5.8,-25.697910973561402,31.4333333,119.4833333,8.0,40.3001675097306,10.138406920686942,20.02121817474682,0.2219215130041655,0.9953031849963362,31.4333333,988.054442348889,0.9990480724184196,2.1972245773362196,-2675.457822111319,4732.066916815046,3322.51548331801,89.99408913382499,21.80140948635181,37.4
2024-01-14,48.2,67.6,35.8,26.4,3.2,4.6,5.8,-127.25950461469338,31.4333333,119.4833333,8.0,40.785662261809755,10.154106787172552,20.12259937758446,0.2386727660059501,0.9953031849963362,31.4333333,988.054442348889,0.9990480724184196,2.1972245773362196,-2675.457822111319,4732.066916815046,3322.51548331801,89.99408913382499,21.80140948635181,37.5
2024-01-15,38.7,67.6,32.9,31.2,8.8,3.4,5.8,-77.55880635395006,31.4333333,119.4833333,8.0,32.799461207857824,10.170375568328007,20.227795348612812,0.255353295116187,0.9953031849963362,31.4333333,988.054442348889,0.9990480724184196,2.1972245773362196,-2675.457822111319,4732.066916815046,3322.51548331801,89.99408913382499,21.80140948635181,28.1
2024-01-16,46.0,52.0,34.0,25.8,11.6,4.6,9.7,32.74903073898268,31.4333333,119.4833333,8.0,39.0509481001664,10.187203852217323,20.33676453142545,0.2719581575341055,0.9953031849963362,31.4333333,988.054442348889,0.9990480724184196,2.1972245773362196,-2675.457822111319,4732.066916815046,3322.51548331801,89.99408913382499,21.80140948635181,36.8
2024-01-17,49.3,57.6,39.4,22.1,3.9,1.7,3.9,-61.6528874391894,31.4333333,119.4833333,8.0,41.92382452660297,10.204582034872935,20.449463603148697,0.288482432880609,0.9953031849963362,31.4333333,988.054442348889,0.9990480724184196,2.1972245773362196,-2675.457822111319,4732.066916815046,3322.51548331801,89.99408913382499,21.80140948635181,41.9
2024-01-18,44.2,57.6,43.0,23.6,2.1,3.4,5.8,-99.69117026167719,31.4333333,119.4833333,8.0,37.652876242347034,10.222500337288787,20.565847475191177,0.30492122465628907,0.9953031849963362,31.4333333,988.054442348889,0.9990480724184196,2.1972245773362196,-2675.457822111319,4732.066916815046,3322.51548331801,89.99408913382499,21.80140948635181,43.0
2024-01-19,41.4,45.7,38.7,23.8,1.5,3.4,3.9,-9.127241304719913,31.4333333,119.4833333,8.0,35.331273436961034,10.240948822307546,20.68586929548391,0.3212696616923644,0.9953031849963362,31.4333333,988.054442348889,0.9990480724184196,2.1972245773362196,-2675.457822111319,4732.066916815046,3322.51548331801,89.99408913382499,21.80140948635181,40.3
2024-01-20,38.2,43.2,37.4,27.3,1.7,4.6,5.8,35.170934063932506,31.4333333,119.4833333,8.0,32.66073709279298,10.259917411348578,20.809480452315213,0.3375228995941133,0.9953031849963362,31.4333333,988.054442348889,0.9990480724184196,2.1972245773362196,-2675.457822111319,4732.066916815046,3322.51548331801,89.99408913382499,21.80140948635181,35.4
2024-01-21,35.6,39.2,31.6,34.6,3.8,4.1,5.8,-67.10481882161247,31.4333333,119.4833333,8.0,30.49554117274669,10.27939590092585,20.936630579860907,0.3536761221763716,0.9953031849963362,31.4333333,988.054442348889,0.9990480724184196,2.1972245773362196,-2675.457822111319,4732.066916815046,3322.51548331801,89.99408913382499,21.80140948635181,29.8
2024-01-22,27.7,39.2,23.9,39.9,13.0,3.9,5.8,-16.668470471571553,31.4333333,119.4833333,8.0,23.77438826797822,10.299373978907534,21.067267565505308,0.3697245428906731,0.9953031849963362,31.4333333,988.054442348889,0.9990480724184196,2.1972245773362196,-2675.457822111319,4732.066916815046,3322.51548331801,89.99408913382499,21.80140948635181,9.2
2024-01-23,28.3,33.4,22.3,38.0,16.6,4.4,5.8,1.1067592440166418,31.4333333,119.4833333,8.0,24.337625592113056,10.319841240471966,21.201337559043903,0.38566340624360707,0.9953031849963362,31.4333333,988.054442348889,0.9990480724184196,2.1972245773362196,-2675.457822111319,4732.066916815046,3322.51548331801,89.99408913382499,21.80140948635181,7.2
2024-01-24,32.0,40.1,23.4,35.1,9.7,3.9,7.8,-49.30472819156135,31.4333333,119.4833333,8.0,27.57543254324669,10.34078720371751,21.338784983852815,0.401487989205973,0.9953031849963362,31.4333333,988.054442348889,0.9990480724184196,2.1972245773362196,-2675.457822111319,4732.066916815046,3322.51548331801,89.99408913382499,21.80140948635181,14.7
2024-01-25,33.3,44.4,24.1,33.3,6.6,1.9,3.9,12.40326320688793,31.4333333,119.4833333,8.0,28.75510867656099,10.362201324886845,21.47955255010442,0.4171936026123168,0.9953031849963362,31.4333333,988.054442348889,0.9990480724184196,2.1972245773362196,-2675.457822111319,4732.066916815046,3322.51548331801,89.99408913382499,21.80140948635181,18.0
2024-01-26,35.3,44.4,23.9,31.9,4.4,1.0,1.9,-83.40738635286776,31.4333333,119.4833333,8.0,30.546481447073397,10.384073013169427,21.62358127010227,0.4327755925504312,0.9953031849963362,31.4333333,988.054442348889,0.9990480724184196,2.1972245773362196,-2675.457822111319,4732.066916815046,3322.51548331801,89.99408913382499,21.80140948635181,21.6
2024-01-27,34.6,46.2,26.1,31.2,3.1,2.2,5.8,-97.82190996725465,31.4333333,119.4833333,8.0,30.00509590989078,10.406391645048824,21.77081047580194,0.4482293417404106,0.9953031849963362,31.4333333,988.054442348889,0.9990480724184196,2.1972245773362196,-2675.457822111319,4732.066916815046,3322.51548331801,89.99408913382499,21.80140948635181,24.2
2024-01-28,39.1,51.4,27.0,30.7,4.1,1.5,3.9,14.231501141909442,31.4333333,119.4833333,8.0,33.98163593385408,10.429146578164934,21.921177838577513,0.4635502709028509,0.9953031849963362,31.4333333,988.054442348889,0.9990480724184196,2.1972245773362196,-2675.457822111319,4732.066916815046,3322.51548331801,89.99408913382499,21.80140948635181,23.0
2024-01-29,44.7,51.4,30.6,25.7,2.3,2.9,5.8,-32.710798184537055,31.4333333,119.4833333,8.0,38.93491868837396,10.45232716466415,22.074619391286284,0.47873384011578846,0.9953031849963362,31.4333333,988.054442348889,0.9990480724184196,2.1972245773362196,-2675.457822111319,4732.066916815046,3322.51548331801,89.99408913382499,21.80140948635181,34.0
2024-01-30,49.8,55.4,35.6,21.8,1.5,2.7,3.9,-77.19904036696846,31.4333333,119.4833333,8.0,43.47507947065668,10.475922764013658,22.231069552677234,0.49377555015997715,0.9953031849963362,31.4333333,988.054442348889,0.9990480724184196,2.1972245773362196,-2675.457822111319,4732.066916815046,3322.51548331801,89.99408913382499,21.80140948635181,46.3
2024-01-31,48.6,55.4,44.2,20.1,1.8,2.9,3.9,-1.3460906367953047,31.4333333,119.4833333,8.0,42.52468715879974,10.499922755259195,22.390461154180702,0.5086709438521044,0.9953031849963362,31.4333333,988.054442348889,0.9990480724184196,2.1972245773362196,-2675.457822111319,4732.066916815046,3322.51548331801,89.99408913382499,21.80140948635181,47.8
2024-02-01,39.0,50.7,34.3,27.1,5.0,5.6,7.8,109.27870779643187,31.4333333,119.4833333,8.0,34.2040287833027,10.524316548708523,22.55272546910983,0.5234156073655503,0.9953031849963362,31.4333333,988.054442348889,0.9990480724184196,2.1972245773362196,-2675.457822111319,4732.066916815046,3322.51548331801,89.99408913382499,21.80140948635181,37.2
2024-02-02,36.5,45.9,34.3,28.0,4.2,4.6,5.8,54.593601118142686,31.4333333,119.4833333,8.0,32.086826357620396,10.549093597025884,22.71779224429566,0.5380051715382996,0.9953031849963362,31.4333333,988.054442348889,0.9990480724184196,2.1972245773362196,-2675.457822111319,4732.066916815046,3322.51548331801,89.99408913382499,21.80140948635181,33.6
2024-02-03,35.9,39.7,34.5,27.6,2.1,2.7,3.9,70.98578846685555,31.4333333,119.4833333,8.0,31.63461152212874,10.574243405725484,22.885589734170672,0.5524353131676196,0.9953031849963362,31.4333333,988.054442348889,0.9990480724184196,2.1972245773362196,-2675.457822111319,4732.066916815046,3322.51548331801,89.99408913382499,21.80140948635181,34.6
2024-02-04,34.8,37.0,32.7,24.8,2.1,3.9,5.8,89.16201449293189,31.4333333,119.4833333,8.0,30.739291074859104,10.599755543054863,23.056044737306934,0.5667017562911176,0.9953031849963362,31.4333333,988.054442348889,0.9990480724184196,2.1972245773362196,-2675.457822111319,4732.066916815046,3322.51548331801,89.99408913382499,21.80140948635181,33.0
2024-02-05,32.4,36.5,31.1,30.1,2.8,3.2,5.8,141.68454668453845,31.4333333,119.4833333,8.0,28.689173053006154,10.62561964926154,23.229082635407448,0.5808002734538009,0.9953031849963362,31.4333333,988.054442348889,0.9990480724184196,2.1972245773362196,-2675.457822111319,4732.066916815046,3322.51548331801,89.99408913382499,21.80140948635181,27.0
2024-02-06,34.4,35.6,31.1,29.6,3.0,1.7,3.9,58.14267005954937,31.4333333,119.4833333,8.0,30.53523294301827,10.65182544523893,23.404627434741133,0.5947266869607634,0.9953031849963362,31.4333333,988.054442348889,0.9990480724184196,2.1972245773362196,-2675.457822111319,4732.066916815046,3322.51548331801,89.99408913382499,21.80140948635181,27.3
2024-02-07,37.0,40.3,31.5,27.8,2.8,1.9,1.9,26.100105622058628,31.4333333,119.4833333,8.0,32.9249517833619,10.678362740549806,23.58260181000388,0.6084768701151261,0.9953031849963362,31.4333333,988.054442348889,0.9990480724184196,2.1972245773362196,-2675.457822111319,4732.066916815046,3322.51548331801,89.99408913382499,21.80140948635181,28.3
2024-02-08,38.1,46.2,30.0,26.3,2.2,1.7,1.9,-14.850220662704686,31.4333333,119.4833333,8.0,33.98907807462842,10.705221440827847,23.76292715058011,0.6220467484408675,0.9953031849963362,31.4333333,988.054442348889,0.9990480724184196,2.1972245773362196,-2675.457822111319,4732.066916815046,3322.51548331801,89.99408913382499,21.80140948635181,25.3
2024-02-09,41.3,51.1,28.9,26.7,2.2,3.2,5.8,-47.20900993280386,31.4333333,119.4833333,8.0,36.9373142669438,10.732391554559943,23.945523609171676,0.6354323008901774,0.9953031849963362,31.4333333,988.054442348889,0.9990480724184196,2.1972245773362196,-2675.457822111319,4732.066916815046,3322.51548331801,89.99408913382499,21.80140948635181,29.0
2024-02-10,48.0,60.1,33.6,27.1,4.7,3.2,5.8,45.98039577853889,31.4333333,119.4833333,8.0,43.039452797015116,10.759863199253779,24.1303101527528,0.6486295610349814,0.9953031849963362,31.4333333,988.054442348889,0.9990480724184196,2.1972245773362196,-2675.457822111319,4732.066916815046,3322.51548331801,89.99408913382499,21.80140948635181,31.8
2024-02-11,45.9,60.6,34.3,28.6,3.6,2.2,7.8,187.85804652734788,31.4333333,119.4833333,8.0,41.26267177176399,10.787626606997122,24.317204615802442,0.6616346182422783,0.9953031849963362,31.4333333,988.054442348889,0.9990480724184196,2.1972245773362196,-2675.457822111319,4732.066916815046,3322.51548331801,89.99408913382499,21.80140948635181,33.2
2024-02-12,49.7,65.7,32.9,23.8,5.9,1.5,3.9,5.66188437557686,31.4333333,119.4833333,8.0,44.79490873600124,10.815672129416798,24.50612375575781,0.6744436188329455,0.9953031849963362,31.4333333,988.054442348889,0.9990480724184196,2.1972245773362196,-2675.457822111319,4732.066916815046,3322.51548331801,89.99408913382499,21.80140948635181,37.0
2024-02-13,53.8,65.7,38.3,19.5,6.0,1.0,1.9,47.48272989118799,31.4333333,119.4833333,8.0,48.61722291851045,10.843990242046942,24.696983310625466,0.6870527672236669,0.9953031849963362,31.4333333,988.054442348889,0.9990480724184196,2.1972245773362196,-2675.457822111319,4732.066916815046,3322.51548331801,89.99408913382499,21.80140948635181,43.5
2024-02-14,56.7,75.4,42.4,17.5,3.5,0.5,1.9,8.014636124951457,31.4333333,119.4833333,8.0,51.3729005648546,10.872571548117376,24.889698058679336,0.699458327051647,0.9953031849963362,31.4333333,988.054442348889,0.9990480724184196,2.1972245773362196,-2675.457822111319,4732.066916815046,3322.51548331801,89.99408913382499,21.80140948635181,51.6
2024-02-16,41.8,51.8,30.7,21.0,11.0,1.7,5.8,2.65561353203792,31.4333333,119.4833333,8.0,38.07452905743336,10.93048681074642,25.280347820946893,0.7236440382959124,0.9953031849963362,31.4333333,988.054442348889,0.9990480724184196,2.1972245773362196,-2675.457822111319,4732.066916815046,3322.51548331801,89.99408913382499,21.80140948635181,32.1
2024-02-17,53.3,61.5,36.5,12.7,6.8,2.7,5.8,-2.1473211510824086,31.4333333,119.4833333,8.0,48.67979005254136,10.95980263847085,25.478108157945055,0.7354170229639855,0.9953031849963362,31.4333333,988.054442348889,0.9990480724184196,2.1972245773362196,-2675.457822111319,4732.066916815046,3322.51548331801,89.99408913382499,21.80140948635181,45.5
2024-02-18,63.7,74.8,42.4,8.4,6.9,1.9,3.9,10.926477367650989,31.4333333,119.4833333,8.0,58.335108528556646,10.989345405693559,25.67737446636872,0.7469720876965552,0.9953031849963362,31.4333333,988.054442348889,0.9990480724184196,2.1972245773362196,-2675.457822111319,4732.066916815046,3322.51548331801,89.99408913382499,21.80140948635181,57.5
2024-02-19,50.2,74.8,41.2,17.6,1.8,5.1,7.8,-3.6855126300804706,31.4333333,119.4833333,8.0,46.096595071360625,11.019106391560308,25.87805768853963,0.7583058084785624,0.9953031849963362,31.4333333,988.054442348889,0.9990480724184196,2.1972245773362196,-2675.457822111319,4732.066916815046,3322.51548331801,89.99408913382499,21.80140948635181,49.0
2024-02-20,42.6,62.1,39.0,18.7,2.7,4.6,5.8,60.75270085147636,31.4333333,119.4833333,8.0,39.22422340046044,11.049077014214207,26.08006820425933,0.7694148268839378,0.9953031849963362,31.4333333,988.054442348889,0.9990480724184196,2.1972245773362196,-2675.457822111319,4732.066916815046,3322.51548331801,89.99408913382499,21.80140948635181,41.5
2024-02-21,34.2,44.6,31.6,24.8,6.7,3.6,5.8,91.37551179520804,31.4333333,119.4833333,8.0,31.57585916811285,11.07924883091679,26.28331590258564,0.7802958510707755,0.9953031849963362,31.4333333,988.054442348889,0.9990480724184196,2.1972245773362196,-2675.457822111319,4732.066916815046,3322.51548331801,89.99408913382499,21.80140948635181,31.8
2024-02-22,30.4,37.2,29.1,31.5,3.5,3.2,3.9,90.8900923979188,31.4333333,119.4833333,8.0,28.144354295531233,11.109613537709699,26.48771025490265,0.7909456567567772,0.9953031849963362,31.4333333,988.054442348889,0.9990480724184196,2.1972245773362196,-2675.457822111319,4732.066916815046,3322.51548331801,89.99408913382499,21.80140948635181,27.4
2024-02-23,31.8,33.4,29.1,32.5,4.7,2.2,3.9,-38.80176150285405,31.4333333,119.4833333,8.0,29.52143186688143,11.1401629686345,26.693160389160766,0.8013610881746766,0.9953031849963362,31.4333333,988.054442348889,0.9990480724184196,2.1972245773362196,-2675.457822111319,4732.066916815046,3322.51548331801,89.99408913382499,21.80140948635181,26.0
2024-02-24,31.6,33.4,29.8,30.3,3.5,4.4,5.8,97.51204750847444,31.4333333,119.4833333,8.0,29.416674615591027,11.170889094528238,26.89957516515926,0.8115390590073611,0.9953031849963362,31.4333333,988.054442348889,0.9990480724184196,2.1972245773362196,-2675.457822111319,4732.066916815046,3322.51548331801,89.99408913382499,21.80140948635181,26.4
2024-02-25,34.5,39.7,30.7,30.6,3.0,2.4,3.9,-16.05578448936935,31.4333333,119.4833333,8.0,32.20512906156103,11.201784021412532,27.106863250739565,0.8214765533024142,0.9953031849963362,31.4333333,988.054442348889,0.9990480724184196,2.1972245773362196,-2675.457822111319,4732.066916815046,3322.51548331801,89.99408913382499,21.80140948635181,26.6
2024-02-26,40.1,46.2,28.9,30.3,5.4,2.9,3.9,-22.533187319612537,31.4333333,119.4833333,8.0,37.53640696155077,11.232839988493994,27.314933198754147,0.8311706263658079,0.9953031849963362,31.4333333,988.054442348889,0.9990480724184196,2.1972245773362196,-2675.457822111319,4732.066916815046,3322.51548331801,89.99408913382499,21.80140948635181,27.9
2024-02-27,40.4,48.4,31.6,27.2,5.1,2.9,3.9,51.24887811584278,31.4333333,119.4833333,8.0,37.922299531505885,11.264049365793827,27.523693524672577,0.8406184056344782,0.9953031849963362,31.4333333,988.054442348889,0.9990480724184196,2.1972245773362196,-2675.457822111319,4732.066916815046,3322.51548331801,89.99408913382499,21.80140948635181,30.3
2024-02-28,40.7,48.4,35.1,23.4,1.6,2.2,3.9,-22.87282736974894,31.4333333,119.4833333,8.0,38.31024744274714,11.295404651424217,27.733052784683462,0.8498170915275278,0.9953031849963362,31.4333333,988.054442348889,0.9990480724184196,2.1972245773362196,-2675.457822111319,4732.066916815046,3322.51548331801,89.99408913382499,21.80140948635181,39.0
2024-02-29,38.8,41.5,37.2,26.9,3.5,4.9,7.8,-90.62241774679757,31.4333333,119.4833333,8.0,36.623638381577734,11.326898468529198,27.94291965414869,0.8587639582758029,0.9953031849963362,31.4333333,988.054442348889,0.9990480724184196,2.1972245773362196,-2675.457822111319,4732.066916815046,3322.51548331801,89.99408913382499,21.80140948635181,35.5
2024-03-01,36.7,42.6,29.5,30.8,8.3,2.8,5.8,-7.532171174712236,31.4333333,119.4833333,8.0,34.738151226833104,11.358523561907282,28.15320300626425,0.8674563547295969,0.9953031849963362,31.4333333,988.054442348889,0.9990480724184196,2.1972245773362196,-2675.457822111319,4732.066916815046,3322.51548331801,89.99408913382499,21.80140948635181,25.3
2024-03-02,39.3,51.4,28.2,22.7,4.3,1.5,5.8,52.672352394628355,31.4333333,119.4833333,8.0,37.303143401440835,11.39027279433308,28.36381199078028,0.8758917051442429,0.9953031849963362,31.4333333,988.054442348889,0.9990480724184196,2.1972245773362196,-2675.457822111319,4732.066916815046,3322.51548331801,89.99408913382499,21.80140948635181,29.1
2024-03-03,48.8,59.5,30.4,17.2,5.8,3.6,5.8,-16.771116786182183,31.4333333,119.4833333,8.0,46.45003251321888,11.422139142594807,28.574656112631693,0.8840675099433636,0.9953031849963362,31.4333333,988.054442348889,0.9990480724184196,2.1972245773362196,-2675.457822111319,4732.066916815046,3322.51548331801,89.99408913382499,21.80140948635181,36.1
2024-03-04,49.3,59.5,38.7,9.8,1.4,1.5,3.9,32.70886398499536,31.4333333,119.4833333,8.0,47.05732530649401,11.454115693264262,28.78564531033021,0.8919813464595485,0.9953031849963362,31.4333333,988.054442348889,0.9990480724184196,2.1972245773362196,-2675.457822111319,4732.066916815046,3322.51548331801,89.99408913382499,21.80140948635181,47.2
2024-03-05,47.0,50.9,43.5,13.7,2.4,2.9,3.9,38.609098239756364,31.4333333,119.4833333,8.0,44.9875995830113,11.486195638215651,28.99669003396775,0.8996308696522433,0.9953031849963362,31.4333333,988.054442348889,0.9990480724184196,2.1972245773362196,-2675.457822111319,4732.066916815046,3322.51548331801,89.99408913382499,21.80140948635181,44.3
2024-03-06,43.8,50.9,36.5,22.2,4.4,1.5,1.9,49.77030819107329,31.4333333,119.4833333,8.0,42.0420587851686,11.518372269909207,29.207701322681626,0.9070138128026359,0.9953031849963362,31.4333333,988.054442348889,0.9990480724184196,2.1972245773362196,-2675.457822111319,4732.066916815046,3322.51548331801,89.99408913382499,21.80140948635181,33.4
2024-03-07,49.5,56.7,34.3,22.3,3.7,3.3,5.8,96.91886940647115,31.4333333,119.4833333,8.0,47.64638577787787,11.550638976455241,29.418590881431914,0.9141279881853337,0.9953031849963362,31.4333333,988.054442348889,0.9990480724184196,2.1972245773362196,-2675.457822111319,4732.066916815046,3322.51548331801,89.99408913382499,21.80140948635181,36.5
2024-03-08,45.5,57.0,35.4,25.1,4.3,1.2,3.9,-0.1312313756359007,31.4333333,119.4833333,8.0,43.918834188297254,11.582989236474,29.629271156942668,0.9209712877166346,0.9953031849963362,31.4333333,988.054442348889,0.9990480724184196,2.1972245773362196,-2675.457822111319,4732.066916815046,3322.51548331801,89.99408913382499,21.80140948635181,31.1
2024-03-09,47.0,57.4,34.0,25.6,3.3,3.2,5.8,-50.95090326444399,31.4333333,119.4833333,8.0,45.49371507058438,11.615416613766225,29.839655412659397,0.9275416835791966,0.9953031849963362,31.4333333,988.054442348889,0.9990480724184196,2.1972245773362196,-2675.457822111319,4732.066916815046,3322.51548331801,89.99408913382499,21.80140948635181,33.9
2024-03-10,52.1,61.0,37.2,23.2,5.0,4.1,7.8,-15.22708953564597,31.4333333,119.4833333,8.0,50.571363214104395,11.647914751809074,30.049657802577396,0.9338372288229252,0.9953031849963362,31.4333333,988.054442348889,0.9990480724184196,2.1972245773362196,-2675.457822111319,4732.066916815046,3322.51548331801,89.99408913382499,21.80140948635181,39.1
2024-03-11,58.5,68.2,46.0,17.3,4.1,4.2,7.8,5.193423886063718,31.4333333,119.4833333,8.0,56.94232716944703,11.6804773680917,30.259193443796992,0.9398560579418954,0.9953031849963362,31.4333333,988.054442348889,0.9990480724184196,2.1972245773362196,-2675.457822111319,4732.066916815046,3322.51548331801,89.99408913382499,21.80140948635181,42.0
2024-03-15,56.5,66.2,42.8,20.0,2.1,3.9,7.8,53.66661900001323,31.4333333,119.4833333,8.0,55.611298442874364,11.811249226805174,31.091008511720602,0.9611297838723007,0.9953031849963362,31.4333333,988.054442348889,0.9990480724184196,2.1972245773362196,-2675.457822111319,4732.066916815046,3322.51548331801,89.99408913382499,21.80140948635181,49.0
2024-03-16,64.1,74.7,49.5,17.1,2.6,1.7,3.9,-137.18774650917163,31.4333333,119.4833333,8.0,63.26692527529618,11.844042173222375,31.296975763797754,0.9657399376548549,0.9953031849963362,31.4333333,988.054442348889,0.9990480724184196,2.1972245773362196,-2675.457822111319,4732.066916815046,3322.51548331801,89.99408913382499,21.80140948635181,53.1
2024-03-17,50.8,74.7,43.9,23.4,6.3,3.6,7.8,-12.556126692020204,31.4333333,119.4833333,8.0,50.27872055448346,11.87686312310633,31.501991062728777,0.9700639218515071,0.9953031849963362,31.4333333,988.054442348889,0.9990480724184196,2.1972245773362196,-2675.457822111319,4732.066916815046,3322.51548331801,89.99408913382499,21.80140948635181,39.7
2024-03-18,48.4,57.6,43.2,23.1,6.1,2.7,5.8,65.90904275213028,31.4333333,119.4833333,8.0,48.03581477600802,11.909706142811906,31.705978163095274,0.9741004551724205,0.9953031849963362,31.4333333,988.054442348889,0.9990480724184196,2.1972245773362196,-2675.457822111319,4732.066916815046,3322.51548331801,89.99408913382499,21.80140948635181,38.6
2024-03-19,52.0,66.4,39.2,25.2,7.1,3.6,7.8,46.67311612880117,31.4333333,119.4833333,8.0,51.75111640066961,11.942565323231449,31.90886230093562,0.9778483415056568,0.9953031849963362,31.4333333,988.054442348889,0.9990480724184196,2.1972245773362196,-2675.457822111319,4732.066916815046,3322.51548331801,89.99408913382499,21.80140948635181,33.9
2024-03-20,55.4,67.1,39.0,23.8,6.7,1.7,3.9,51.87344036232198,31.4333333,119.4833333,8.0,55.28659053665063,11.975434773281725,32.110570248903265,0.9813064702716093,0.9953031849963362,31.4333333,988.054442348889,0.9990480724184196,2.1972245773362196,-2675.457822111319,4732.066916815046,3322.51548331801,89.99408913382499,21.80140948635181,35.7
2024-03-21,60.0,74.5,42.3,11.8,7.5,2.7,5.8,72.68474131568705,31.4333333,119.4833333,8.0,60.041543066792286,12.008308613358457,32.31103036890977,0.9844738167520922,0.9953031849963362,31.4333333,988.054442348889,0.9990480724184196,2.1972245773362196,-2675.457822111319,4732.066916815046,3322.51548331801,89.99408913382499,21.80140948635181,40.3
2024-03-22,68.5,81.7,49.5,7.0,7.9,2.7,7.8,68.45711133397934,31.4333333,119.4833333,8.0,68.73507469673034,12.041180968770277,32.51017266215576,0.9873494423939864,0.9953031849963362,31.4333333,988.054442348889,0.9990480724184196,2.1972245773362196,-2675.457822111319,4732.066916815046,3322.51548331801,89.99408913382499,21.80140948635181,52.1
2024-03-23,65.5,81.7,57.9,8.7,2.2,2.9,5.8,46.65440029749505,31.4333333,119.4833333,8.0,65.90416754893643,12.074045963163925,32.70792881645828,0.989932495087353,0.9953031849963362,31.4333333,988.054442348889,0.9990480724184196,2.1972245773362196,-2675.457822111319,4732.066916815046,3322.51548331801,89.99408913382499,21.80140948635181,59.1
2024-03-24,61.0,73.9,57.9,12.1,1.7,3.6,3.9,2.6592279994240595,31.4333333,119.4833333,8.0,61.543396702424644,12.10689771195239,32.904232250790045,0.9922222094179323,0.9953031849963362,31.4333333,988.054442348889,0.9990480724184196,2.1972245773362196,-2675.457822111319,4732.066916815046,3322.51548331801,89.99408913382499,21.80140948635181,57.2
2024-03-25,53.8,63.0,49.8,16.8,4.0,5.3,7.8,159.74016425257525,31.4333333,119.4833333,8.0,54.42645758231414,12.1397303157578,33.09901815695227,0.994217906893952,0.9953031849963362,31.4333333,988.054442348889,0.9990480724184196,2.1972245773362196,-2675.457822111319,4732.066916815046,3322.51548331801,89.99408913382499,21.80140948635181,49.7
2024-03-26,53.8,60.6,46.8,24.0,4.0,3.2,5.8,25.547494869741495,31.4333333,119.4833333,8.0,54.573544711565816,12.17253785388085,33.29222353830965,0.995918996147179,0.9953031849963362,31.4333333,988.054442348889,0.9990480724184196,2.1972245773362196,-2675.457822111319,4732.066916815046,3322.51548331801,89.99408913382499,21.80140948635181,45.1
2024-03-27,55.1,60.6,46.6,15.2,1.9,3.1,5.8,-41.94417463072015,31.4333333,119.4833333,8.0,56.042735184771374,12.205314377808648,33.48378724552302,0.9973249731081555,0.9953031849963362,31.4333333,988.054442348889,0.9990480724184196,2.1972245773362196,-2675.457822111319,4732.066916815046,3322.51548331801,89.99408913382499,21.80140948635181,50.5
2024-04-03,57.9,69.6,53.4,13.0,5.0,3.4,5.8,-21.05333317546464,31.4333333,119.4833333,8.0,59.99102563584881,12.433373188776955,34.77403135316933,0.9988797155850336,0.9953031849963362,31.4333333,988.054442348889,0.9990480724184196,2.1972245773362196,-2675.457822111319,4732.066916815046,3322.51548331801,89.99408913382499,21.80140948635181,53.5
2024-04-04,57.4,66.7,47.3,18.3,8.2,3.6,5.8,48.056333533423704,31.4333333,119.4833333,8.0,59.62751234762299,12.465682023893308,34.950491294814526,0.9979171608653922,0.9953031849963362,31.4333333,988.054442348889,0.9990480724184196,2.1972245773362196,-2675.457822111319,4732.066916815046,3322.51548331801,89.99408913382499,21.80140948635181,41.5
2024-04-05,59.3,68.5,46.8,18.6,8.5,2.7,3.9,106.9873187629888,31.4333333,119.4833333,8.0,61.760475699325696,12.497904020099636,35.12484669526299,0.9966589017541702,0.9953031849963362,31.4333333,988.054442348889,0.9990480724184196,2.1972245773362196,-2675.457822111319,4732.066916815046,3322.51548331801,89.99408913382499,21.80140948635181,42.4
2024-04-06,56.7,68.5,51.6,17.5,2.6,1.5,3.9,-49.21482709284611,31.4333333,119.4833333,8.0,59.204404086596384,12.530032610919868,35.29705615149696,0.9951053111006976,0.9953031849963362,31.4333333,988.054442348889,0.9990480724184196,2.1972245773362196,-2675.457822111319,4732.066916815046,3322.51548331801,89.99408913382499,21.80140948635181,52.9
2024-04-07,55.9,58.3,53.1,15.5,1.8,2.7,5.8,-78.71167889530051,31.4333333,119.4833333,8.0,58.51826812867126,12.562061136745173,35.467080291639704,0.9932568492674143,0.9953031849963362,31.4333333,988.054442348889,0.9990480724184196,2.1972245773362196,-2675.457822111319,4732.066916815046,3322.51548331801,89.99408913382499,21.80140948635181,54.1
2024-04-08,53.0,59.7,46.9,19.0,2.9,1.7,3.9,89.77324800322486,31.4333333,119.4833333,8.0,55.62342420909522,12.593982839795144,35.63488177233305,0.9911140639934547,0.9953031849963362,31.4333333,988.054442348889,0.9990480724184196,2.1972245773362196,-2675.457822111319,4732.066916815046,3322.51548331801,89.99408913382499,21.80140948635181,51.1
2024-04-09,63.0,74.7,46.8,21.8,4.0,2.2,3.9,102.11551104048789,31.4333333,119.4833333,8.0,66.28540201127724,12.625790859290904,35.800425272955415,0.9886775902323405,0.9953031849963362,31.4333333,988.054442348889,0.9990480724184196,2.1972245773362196,-2675.457822111319,4732.066916815046,3322.51548331801,89.99408913382499,21.80140948635181,50.8
2024-04-10,64.9,74.7,54.7,18.2,7.0,4.9,7.8,-22.067908363598605,31.4333333,119.4833333,8.0,68.45586141024421,12.657478226855632,35.96367748672031,0.9859481499638304,0.9953031849963362,31.4333333,988.054442348889,0.9990480724184196,2.1972245773362196,-2675.457822111319,4732.066916815046,3322.51548331801,89.99408913382499,21.80140948635181,51.0
2024-04-11,65.6,74.7,59.2,15.2,3.3,2.2,3.9,-9.039361975947772,31.4333333,119.4833333,8.0,69.36674031313221,12.689037862158331,36.124607108703664,0.9829265519799822,0.9953031849963362,31.4333333,988.054442348889,0.9990480724184196,2.1972245773362196,-2675.457822111319,4732.066916815046,3322.51548331801,89.99408913382499,21.80140948635181,58.0
2024-04-12,64.8,73.0,60.6,13.4,1.8,1.9,3.9,39.18606489335848,31.4333333,119.4833333,8.0,68.69049787161163,12.720462568816968,36.28318482085421,0.9796136916454901,0.9953031849963362,31.4333333,988.054442348889,0.9990480724184196,2.1972245773362196,-2675.457822111319,4732.066916815046,3322.51548331801,89.99408913382499,21.80140948635181,61.9
2024-04-13,65.7,72.1,62.1,11.9,3.5,5.6,7.8,-11.606785422091132,31.4333333,119.4833333,8.0,69.81580404241181,12.7517450305775,36.4393832740486,0.9760105506323683,0.9953031849963362,31.4333333,988.054442348889,0.9990480724184196,2.1972245773362196,-2675.457822111319,4732.066916815046,3322.51548331801,89.99408913382499,21.80140948635181,60.8
2024-04-14,69.2,75.2,62.1,8.7,2.4,2.4,3.9,88.40982568728063,31.4333333,119.4833333,8.0,73.71459535822986,12.782877807785523,36.59317706725927,0.9721181966290613,0.9953031849963362,31.4333333,988.054442348889,0.9990480724184196,2.1972245773362196,-2675.457822111319,4732.066916815046,3322.51548331801,89.99408913382499,21.80140948635181,65.7
2024-04-15,72.7,82.2,64.0,11.5,2.7,2.2,3.9,-70.89569422873737,31.4333333,119.4833333,8.0,77.63059478283208,12.813853334167606,36.744542723909085,0.9679377830240642,0.9953031849963362,31.4333333,988.054442348889,0.9990480724184196,2.1972245773362196,-2675.457822111319,4732.066916815046,3322.51548331801,89.99408913382499,21.80140948635181,64.9
2024-04-16,71.4,82.2,61.9,11.2,4.6,4.1,5.8,-103.3468256124003,31.4333333,119.4833333,8.0,76.42575028794036,12.844663913939556,36.89345866549367,0.9634705485641488,0.9953031849963362,31.4333333,988.054442348889,0.9990480724184196,2.1972245773362196,-2675.457822111319,4732.066916815046,3322.51548331801,89.99408913382499,21.80140948635181,61.5
2024-04-17,57.2,79.0,49.6,11.6,1.2,2.2,3.9,-40.97426467900321,31.4333333,119.4833333,8.0,61.37227152846867,12.875301719259161,37.039905182557014,0.9587178169872964,0.9953031849963362,31.4333333,988.054442348889,0.9990480724184196,2.1972245773362196,-2675.457822111319,4732.066916815046,3322.51548331801,89.99408913382499,21.80140948635181,55.8
2024-04-18,63.0,74.7,49.6,11.5,7.0,3.2,5.8,-23.3911251914163,31.4333333,119.4833333,8.0,67.75523363721527,12.905758788041002,37.18386440311252,0.9536809966304457,0.9953031849963362,31.4333333,988.054442348889,0.9990480724184196,2.1972245773362196,-2675.457822111319,4732.066916815046,3322.51548331801,89.99408913382499,21.80140948635181,47.8
2024-04-19,64.4,74.7,53.6,3.8,5.8,4.1,5.8,-66.14103313709933,31.4333333,119.4833333,8.0,69.4233450188776,12.936027022151105,37.3253202586061,0.9483615800121715,0.9953031849963362,31.4333333,988.054442348889,0.9990480724184196,2.1972245773362196,-2675.457822111319,4732.066916815046,3322.51548331801,89.99408913382499,21.80140948635181,57.9
2024-04-20,65.4,72.9,58.3,8.7,8.5,2.9,5.8,-85.70916469889363,31.4333333,119.4833333,8.0,70.66523511369613,12.96609818599929,37.464258447523115,0.9427611433904207,0.9953031849963362,31.4333333,988.054442348889,0.9990480724184196,2.1972245773362196,-2675.457822111319,4732.066916815046,3322.51548331801,89.99408913382499,21.80140948635181,55.9
2024-04-21,64.6,72.9,57.7,10.9,4.6,2.2,3.9,57.70152236473729,31.4333333,119.4833333,8.0,69.96160569152767,12.995963905546937,37.60066639674572,0.9368813462954315,0.9953031849963362,31.4333333,988.054442348889,0.9990480724184196,2.1972245773362196,-2675.457822111319,4732.066916815046,3322.51548331801,89.99408913382499,21.80140948635181,56.3
2024-04-22,67.0,74.1,61.5,9.6,2.9,2.9,3.9,-53.27615771950582,31.4333333,119.4833333,8.0,72.72635414492628,13.025615667747989,37.73453322077082,0.9307239310379795,0.9953031849963362,31.4333333,988.054442348889,0.9990480724184196,2.1972245773362196,-2675.457822111319,4732.066916815046,3322.51548331801,89.99408913382499,21.80140948635181,58.5
2024-04-23,66.8,77.7,54.5,10.0,6.4,1.9,3.9,102.20944203983679,31.4333333,119.4833333,8.0,72.6730828337863,13.055044820440653,37.86584967890311,0.9242907221930933,0.9953031849963362,31.4333333,988.054442348889,0.9990480724184196,2.1972245773362196,-2675.457822111319,4732.066916815046,3322.51548331801,89.99408913382499,21.80140948635181,56.0
2024-04-24,68.4,80.2,54.0,10.8,13.4,1.9,3.9,-10.466975535099104,31.4333333,119.4833333,8.0,74.58018266443123,13.084242572707232,37.99460813054105,0.9175836260593937,0.9953031849963362,31.4333333,988.054442348889,0.9990480724184196,2.1972245773362196,-2675.457822111319,4732.066916815046,3322.51548331801,89.99408913382499,21.80140948635181,45.3
2024-04-25,68.0,80.2,57.9,6.5,11.2,2.7,3.9,41.89861247340937,31.4333333,119.4833333,8.0,74.30813330907424,13.11319999571898,38.12080248867667,0.9106046300942162,0.9953031849963362,31.4333333,988.054442348889,0.9990480724184196,2.1972245773362196,-2675.457822111319,4732.066916815046,3322.51548331801,89.99408913382499,21.80140948635181,55.2
2024-04-26,68.9,77.4,61.9,6.2,4.4,3.2,3.9,-38.24531239328749,31.4333333,119.4833333,8.0,75.45645523827429,13.141908024082603,38.24442817173263,0.9033558023246845,0.9953031849963362,31.4333333,988.054442348889,0.9990480724184196,2.1972245773362196,-2675.457822111319,4732.066916815046,3322.51548331801,89.99408913382499,21.80140948635181,60.7
2024-04-27,69.3,77.4,61.9,8.4,4.2,5.3,7.8,-29.47469075858018,31.4333333,119.4833333,8.0,76.05881431824277,13.170357457704377,38.36548205386266,0.895839290734909,0.9953031849963362,31.4333333,988.054442348889,0.9990480724184196,2.1972245773362196,-2675.457822111319,4732.066916815046,3322.51548331801,89.99408913382499,21.80140948635181,61.3
2024-04-28,66.4,75.9,63.0,7.6,2.3,2.9,3.9,24.78490179134209,31.4333333,119.4833333,8.0,73.03191560183639,13.198538964187298,38.483962413842875,0.8880573226294932,0.9953031849963362,31.4333333,988.054442348889,0.9990480724184196,2.1972245773362196,-2675.457822111319,4732.066916815046,3322.51548331801,89.99408913382499,21.80140948635181,64.0
2024-04-29,65.8,73.8,62.1,9.0,4.8,1.9,3.9,22.21681091410015,31.4333333,119.4833333,8.0,72.52499623173746,13.22644308177583,38.59986888268332,0.8800122039735357,0.9953031849963362,31.4333333,988.054442348889,0.9990480724184196,2.1972245773362196,-2675.457822111319,4732.066916815046,3322.51548331801,89.99408913382499,21.80140948635181,60.1
2024-04-30,56.4,73.8,52.9,11.5,2.5,3.6,5.8,64.75762473856054,31.4333333,119.4833333,8.0,62.29408304745112,13.254060222861941,38.71320239008998,0.8717063187093218,0.9953031849963362,31.4333333,988.054442348889,0.9990480724184196,2.1972245773362196,-2675.457822111319,4732.066916815046,3322.51548331801,89.99408913382499,21.80140948635181,52.9
2024-05-02,62.1,72.5,52.3,17.4,9.0,2.4,5.8,61.055444146894025,31.4333333,119.4833333,8.0,68.87094216314809,13.308394620898179,38.93216040467904,0.854322169749827,0.9953031849963362,31.4333333,988.054442348889,0.9990480724184196,2.1972245773362196,-2675.457822111319,4732.066916815046,3322.51548331801,89.99408913382499,21.80140948635181,48.5
2024-05-03,65.9,72.5,55.2,14.5,13.6,4.1,5.8,44.0732824244822,31.4333333,119.4833333,8.0,73.231880854046,13.335092113028102,39.037792769438006,0.8452490573530633,0.9953031849963362,31.4333333,988.054442348889,0.9990480724184196,2.1972245773362196,-2675.457822111319,4732.066916815046,3322.51548331801,89.99408913382499,21.80140948635181,53.0
2024-05-04,63.6,71.1,61.0,8.6,3.1,2.9,5.8,6.199715218631818,31.4333333,119.4833333,8.0,70.81575448375463,13.361463110142381,39.14086777488935,0.8359254794186372,0.9953031849963362,31.4333333,988.054442348889,0.9990480724184196,2.1972245773362196,-2675.457822111319,4732.066916815046,3322.51548331801,89.99408913382499,21.80140948635181,60.4
2024-05-05,64.0,69.1,59.7,10.0,3.9,2.9,5.8,95.99844919895264,31.4333333,119.4833333,8.0,71.39998649827417,13.387497468426407,39.241392010082485,0.8263541987239096,0.9953031849963362,31.4333333,988.054442348889,0.9990480724184196,2.1972245773362196,-2675.457822111319,4732.066916815046,3322.51548331801,89.99408913382499,21.80140948635181,60.7
2024-05-06,70.0,80.8,59.7,13.2,7.1,3.4,5.8,35.41521064074016,31.4333333,119.4833333,8.0,78.24357888467387,13.413184951658378,39.339373024720096,0.8165380514459161,0.9953031849963362,31.4333333,988.054442348889,0.9990480724184196,2.1972245773362196,-2675.457822111319,4732.066916815046,3322.51548331801,89.99408913382499,21.80140948635181,60.9
2024-05-07,70.2,80.8,58.3,16.3,3.5,1.9,3.9,166.41615430165754,31.4333333,119.4833333,8.0,78.61531414771136,13.438515238925017,39.43481927122394,0.8064799463209448,0.9953031849963362,31.4333333,988.054442348889,0.9990480724184196,2.1972245773362196,-2675.457822111319,4732.066916815046,3322.51548331801,89.99408913382499,21.80140948635181,59.3
2024-05-08,65.6,80.2,55.9,19.5,9.1,2.5,3.9,73.37829811226575,31.4333333,119.4833333,8.0,73.60034603351325,13.46347793295974,39.52774004668207,0.7961828637826158,0.9953031849963362,31.4333333,988.054442348889,0.9990480724184196,2.1972245773362196,-2675.457822111319,4732.066916815046,3322.51548331801,89.99408913382499,21.80140948635181,50.2
2024-05-09,66.2,77.7,55.9,16.8,12.7,2.7,5.8,-98.11216565029156,31.4333333,119.4833333,8.0,74.40914517288319,13.488062569102693,39.61814543479946,0.7856498550787147,0.9953031849963362,31.4333333,988.054442348889,0.9990480724184196,2.1972245773362196,-2675.457822111319,4732.066916815046,3322.51548331801,89.99408913382499,21.80140948635181,50.7
2024-05-10,76.3,86.5,56.3,11.1,6.6,1.9,3.9,-20.592385282701795,31.4333333,119.4833333,8.0,85.91544442319403,13.512258624879797,39.706046247970306,0.7748840413670407,0.9953031849963362,31.4333333,988.054442348889,0.9990480724184196,2.1972245773362196,-2675.457822111319,4732.066916815046,3322.51548331801,89.99408913382499,21.80140948635181,63.2
2024-05-11,69.1,86.5,62.4,10.8,3.4,2.4,5.8,27.582520535834906,31.4333333,119.4833333,8.0,77.94511976137578,13.536055530195505,39.79145396958797,0.7638886127905428,0.9953031849963362,31.4333333,988.054442348889,0.9990480724184196,2.1972245773362196,-2675.457822111319,4732.066916815046,3322.51548331801,89.99408913382499,21.80140948635181,66.3
2024-05-12,65.5,77.0,55.2,15.4,6.2,2.2,3.9,50.85591196333829,31.4333333,119.4833333,8.0,74.0119579514671,13.559442678131376,39.874380696704016,0.7526668275320085,0.9953031849963362,31.4333333,988.054442348889,0.9990480724184196,2.1972245773362196,-2675.457822111319,4732.066916815046,3322.51548331801,89.99408913382499,21.80140948635181,53.1
2024-05-13,69.3,81.3,55.2,15.2,8.9,1.5,3.9,19.951898121222662,31.4333333,119.4833333,8.0,78.43841449486314,13.582409436339939,39.95483908314501,0.7412220108485958,0.9953031849963362,31.4333333,988.054442348889,0.9990480724184196,2.1972245773362196,-2675.457822111319,4732.066916815046,3322.51548331801,89.99408913382499,21.80140948635181,50.8
2024-05-14,71.4,84.6,57.4,13.7,9.6,2.4,3.9,64.71412241390067,31.4333333,119.4833333,8.0,80.94942369617186,13.60494515902048,40.032842283190796,0.7295575540864875,0.9953031849963362,31.4333333,988.054442348889,0.9990480724184196,2.1972245773362196,-2675.457822111319,4732.066916815046,3322.51548331801,89.99408913382499,21.80140948635181,52.9
2024-05-15,66.1,84.6,52.3,19.8,12.4,3.4,7.8,-19.837152743456397,31.4333333,119.4833333,8.0,75.06227425702832,13.627039199460514,40.108403895914094,0.717676913675962,0.9953031849963362,31.4333333,988.054442348889,0.9990480724184196,2.1972245773362196,-2675.457822111319,4732.066916815046,3322.51548331801,89.99408913382499,21.80140948635181,49.8
2024-05-16,70.6,87.1,52.3,12.8,15.7,2.2,3.9,-47.51934286621953,31.4333333,119.4833333,8.0,80.2997394310447,13.648680923123747,40.181537910276525,0.705583610107178,0.9953031849963362,31.4333333,988.054442348889,0.9990480724184196,2.1972245773362196,-2675.457822111319,4732.066916815046,3322.51548331801,89.99408913382499,21.80140948635181,44.1
2024-05-17,77.9,91.9,58.1,9.3,10.3,1.9,3.9,-95.59018643268604,31.4333333,119.4833333,8.0,88.74017269052732,13.669859721262231,40.25225865107167,0.6932812268869777,0.9953031849963362,31.4333333,988.054442348889,0.9990480724184196,2.1972245773362196,-2675.457822111319,4732.066916815046,3322.51548331801,89.99408913382499,21.80140948635181,57.9
2024-05-18,78.3,91.9,66.4,9.7,9.6,3.2,5.8,27.443724124893713,31.4333333,119.4833333,8.0,89.33093678830349,13.690565025027356,40.320580725800205,0.6807734094770161,0.9953031849963362,31.4333333,988.054442348889,0.9990480724184196,2.1972245773362196,-2675.457822111319,4732.066916815046,3322.51548331801,89.99408913382499,21.80140948635181,64.1
2024-05-19,74.9,90.1,66.6,9.9,9.1,4.1,5.8,48.651562388851495,31.4333333,119.4833333,8.0,85.578157947653,13.710786320051213,40.38651897255777,0.6680638642135335,0.9953031849963362,31.4333333,988.054442348889,0.9990480724184196,2.1972245773362196,-2675.457822111319,4732.066916815046,3322.51548331801,89.99408913382499,21.80140948635181,64.9
2024-05-20,76.1,83.8,68.2,12.4,8.8,3.6,5.8,-15.102097060250516,31.4333333,119.4833333,8.0,87.07433763230074,13.73051316146661,40.450088409010455,0.6551563572090853,0.9953031849963362,31.4333333,988.054442348889,0.9990480724184196,2.1972245773362196,-2675.457822111319,4732.066916815046,3322.51548331801,89.99408913382499,21.80140948635181,66.8
2024-05-21,75.4,83.8,68.5,13.7,12.4,3.9,5.8,34.6890959372803,31.4333333,119.4833333,8.0,86.39416943962985,13.749735189331009,40.511304182527965,0.6420547132365637,0.9953031849963362,31.4333333,988.054442348889,0.9990480724184196,2.1972245773362196,-2675.457822111319,4732.066916815046,3322.51548331801,89.99408913382499,21.80140948635181,64.9
2024-05-22,72.3,82.2,66.0,11.5,10.3,2.9,3.9,-95.22988883519778,31.4333333,119.4833333,8.0,82.95486392010906,13.768442144416442,40.57018152153857,0.6287628145958344,0.9953031849963362,31.4333333,988.054442348889,0.9990480724184196,2.1972245773362196,-2675.457822111319,4732.066916815046,3322.51548331801,89.99408913382499,21.80140948635181,58.5
2024-05-23,78.1,86.9,66.0,8.5,7.8,2.7,3.9,-73.8771118455555,31.4333333,119.4833333,8.0,89.72794378047838,13.786623884324463,40.626735688165205,0.6152845999633276,0.9953031849963362,31.4333333,988.054442348889,0.9990480724184196,2.1972245773362196,-2675.457822111319,4732.066916815046,3322.51548331801,89.99408913382499,21.80140948635181,66.1
2024-05-24,79.0,88.7,71.1,10.2,6.6,3.6,5.8,50.17790863676804,31.4333333,119.4833333,8.0,90.87811346589082,13.80427039988215,40.68098193219619,0.6016240632249226,0.9953031849963362,31.4333333,988.054442348889,0.9990480724184196,2.1972245773362196,-2675.457822111319,4732.066916815046,3322.51548331801,89.99408913382499,21.80140948635181,68.1
2024-05-25,77.5,88.7,71.1,7.6,5.3,3.2,5.8,-7.238385100319023,31.4333333,119.4833333,8.0,89.2630264135301,13.821371831772403,40.73293544643905,0.5877852522924732,0.9953031849963362,31.4333333,988.054442348889,0.9990480724184196,2.1972245773362196,-2675.457822111319,4732.066916815046,3322.51548331801,89.99408913382499,21.80140948635181,70.8
2024-05-26,82.2,94.1,70.9,3.6,7.1,3.2,5.8,44.31295414394046,31.4333333,119.4833333,8.0,94.78974163834016,13.837918487348928,40.78261132350033,0.5737722679043246,0.9953031849963362,31.4333333,988.054442348889,0.9990480724184196,2.1972245773362196,-2675.457822111319,4732.066916815046,3322.51548331801,89.99408913382499,21.80140948635181,72.4
2024-05-27,65.9,94.1,57.9,6.8,10.3,3.2,5.8,17.9,31.4333333,119.4833333,8.0,76.08100554289754,13.853900857583769,40.83002451402946,0.5595892624101765,0.9953031849963362,31.4333333,988.054442348889,0.9990480724184196,2.1972245773362196,-2675.457822111319,4732.066916815046,3322.51548331801,89.99408913382499,21.80140948635181,59.2
2024-05-28,71.0,82.2,57.4,10.4,14.7,2.1,4.7,11.8,31.4333333,119.4833333,8.0,82.06008200171641,13.869309634092916,40.8751897864593,0.545240438540651,0.9953031849963362,31.4333333,988.054442348889,0.9990480724184196,2.1972245773362196,-2675.457822111319,4732.066916815046,3322.51548331801,89.99408913382499,21.80140948635181,53.3
2024-05-29,73.3,82.2,61.2,8.5,14.5,3.5,7.6,16.7,31.4333333,119.4833333,8.0,84.80892906076906,13.884135726183201,40.918121688271626,0.5307300481619334,0.9953031849963362,31.4333333,988.054442348889,0.9990480724184196,2.1972245773362196,-2675.457822111319,4732.066916815046,3322.51548331801,89.99408913382499,21.80140948635181,55.7
2024-05-30,67.8,81.5,65.8,8.7,3.2,1.3,3.1,12.2,31.4333333,119.4833333,8.0,78.52579206991967,13.89837027786189,40.95883450881049,0.5160623910158528,0.9953031849963362,31.4333333,988.054442348889,0.9990480724184196,2.1972245773362196,-2675.457822111319,4732.066916815046,3322.51548331801,89.99408913382499,21.80140948635181,64.2
2024-05-31,68.9,74.3,65.1,12.7,5.4,1.4,2.1,73.1841375559027,31.4333333,119.4833333,8.0,79.87809356493189,13.91200468474866,40.99734224366254,0.5012418134457758,0.9953031849963362,31.4333333,988.054442348889,0.9990480724184196,2.1972245773362196,-2675.457822111319,4732.066916815046,3322.51548331801,89.99408913382499,21.80140948635181,64.7
2024-06-01,74.1,82.4,65.1,13.5,6.4,2.3,4.1,10.1,31.4333333,119.4833333,8.0,85.98706402186424,13.92503061082822,41.03365856061867,0.48627270710868997,0.9953031849963362,31.4333333,988.054442348889,0.9990480724184196,2.1972245773362196,-2675.457822111319,4732.066916815046,3322.51548331801,89.99408913382499,21.80140948635181,63.4
2024-06-02,72.4,82.4,64.8,11.3,15.7,2.3,6.6,15.9,31.4333333,119.4833333,8.0,84.08922136338472,13.937440004980893,41.067796767227705,0.4711595076738638,0.9953031849963362,31.4333333,988.054442348889,0.9990480724184196,2.1972245773362196,-2675.457822111319,4732.066916815046,3322.51548331801,89.99408913382499,21.80140948635181,54.1
2024-06-03,78.5,89.8,64.8,10.9,14.8,1.8,3.1,9.7,31.4333333,119.4833333,8.0,91.25118097519727,13.949225117227607,41.09976977994911,0.4559066935084588,0.9953031849963362,31.4333333,988.054442348889,0.9990480724184196,2.1972245773362196,-2675.457822111319,4732.066916815046,3322.51548331801,89.99408913382499,21.80140948635181,56.0
2024-06-04,77.5,89.8,66.6,13.4,8.8,2.6,5.4,12.6,31.4333333,119.4833333,8.0,90.16077790695638,13.960378514625503,41.129590094907996,0.440518784350495,0.9953031849963362,31.4333333,988.054442348889,0.9990480724184196,2.1972245773362196,-2675.457822111319,4732.066916815046,3322.51548331801,89.99408913382499,21.80140948635181,60.5
2024-06-05,67.7,85.5,64.2,14.5,5.9,2.4,3.3,11.5,31.4333333,119.4833333,8.0,78.81912188749936,13.970893096750258,41.157269760253314,0.42500033996955416,0.9953031849963362,31.4333333,988.054442348889,0.9990480724184196,2.1972245773362196,-2675.457822111319,4732.066916815046,3322.51548331801,89.99408913382499,21.80140948635181,63.3
2024-06-06,68.1,73.8,63.5,13.3,8.4,2.4,4.7,11.3,31.4333333,119.4833333,8.0,79.34082497823205,13.980762110701683,41.182820350116664,0.4093559588156213,0.9953031849963362,31.4333333,988.054442348889,0.9990480724184196,2.1972245773362196,-2675.457822111319,4732.066916815046,3322.51548331801,89.99408913382499,21.80140948635181,62.4
2024-06-07,72.0,78.3,63.5,8.8,5.9,1.9,4.1,81.29913868783127,31.4333333,119.4833333,8.0,83.93987499341935,13.989979165569892,41.20625294016725,0.39359027665646673,0.9953031849963362,31.4333333,988.054442348889,0.9990480724184196,2.1972245773362196,-2675.457822111319,4732.066916815046,3322.51548331801,89.99408913382499,21.80140948635181,65.3
2024-06-08,79.1,88.2,66.2,7.2,8.1,1.3,2.7,-53.16654094690533,31.4333333,119.4833333,8.0,92.2736979401976,13.998538246300521,41.22757808475646,0.3777079652039649,0.9953031849963362,31.4333333,988.054442348889,0.9990480724184196,2.1972245773362196,-2675.457822111319,4732.066916815046,3322.51548331801,89.99408913382499,21.80140948635181,66.9
2024-06-09,81.7,91.4,72.9,7.9,14.1,2.5,3.9,12.2,31.4333333,119.4833333,8.0,95.36046962397127,14.006433726899084,41.246805795643354,0.36171373072976765,0.9953031849963362,31.4333333,988.054442348889,0.9990480724184196,2.1972245773362196,-2675.457822111319,4732.066916815046,3322.51548331801,89.99408913382499,21.80140948635181,65.6
2024-06-10,74.8,91.4,72.0,6.8,13.0,2.9,5.2,14.0,31.4333333,119.4833333,8.0,87.35181638684622,14.013660382916507,41.26394552229194,0.3456123126707335,0.9953031849963362,31.4333333,988.054442348889,0.9990480724184196,2.1972245773362196,-2675.457822111319,4732.066916815046,3322.51548331801,89.99408913382499,21.80140948635181,66.5
2024-06-11,76.5,82.4,72.0,3.7,4.4,1.4,3.9,11.3,31.4333333,119.4833333,8.0,89.37886044514684,14.02021340316029,41.27900613372906,0.3294084822245304,0.9953031849963362,31.4333333,988.054442348889,0.9990480724184196,2.1972245773362196,-2675.457822111319,4732.066916815046,3322.51548331801,89.99408913382499,21.80140948635181,70.9
2024-06-12,80.4,90.0,72.7,2.4,3.5,1.5,3.9,9.470869021815206,31.4333333,119.4833333,8.0,93.9747922838762,14.026088400578535,41.291995901951935,0.3131070409358269,0.9953031849963362,31.4333333,988.054442348889,0.9990480724184196,2.1972245773362196,-2675.457822111319,4732.066916815046,3322.51548331801,89.99408913382499,21.80140948635181,72.3
2024-06-13,83.4,92.5,73.0,1.7,5.1,2.3,3.1,10.7,31.4333333,119.4833333,8.0,97.51740588475707,14.031281422267204,41.302922486873626,0.29671281927349075,0.9953031849963362,31.4333333,988.054442348889,0.9990480724184196,2.1972245773362196,-2675.457822111319,4732.066916815046,3322.51548331801,89.99408913382499,21.80140948635181,71.8
2024-06-14,82.5,92.5,74.3,0.7,4.5,2.5,4.1,10.3,31.4333333,119.4833333,8.0,96.49604909006213,14.035788958554491,41.311792922794695,0.28023067519921585,0.9953031849963362,31.4333333,988.054442348889,0.9990480724184196,2.1972245773362196,-2675.457822111319,4732.066916815046,3322.51548331801,89.99408913382499,21.80140948635181,73.6
2024-06-15,84.7,95.0,74.1,3.9,6.1,2.5,4.7,13.6,31.4333333,119.4833333,8.0,99.0962327883227,14.039607951120098,41.31861360638981,0.26366549272800704,0.9953031849963362,31.4333333,988.054442348889,0.9990480724184196,2.1972245773362196,-2675.457822111319,4732.066916815046,3322.51548331801,89.99408913382499,21.80140948635181,71.5
2024-06-16,83.8,95.0,76.6,6.1,12.4,4.0,6.0,15.9,31.4333333,119.4833333,8.0,98.06510500411069,14.042735800111316,41.32339028619843,0.24702218048093552,0.9953031849963362,31.4333333,988.054442348889,0.9990480724184196,2.1972245773362196,-2675.457822111319,4732.066916815046,3322.51548331801,89.99408913382499,21.80140948635181,68.3
2024-06-17,79.3,90.9,68.9,6.1,10.5,2.1,3.5,15.5,31.4333333,119.4833333,8.0,92.81516752988576,14.045170370222309,41.3261280536095,0.23030567023061221,0.9953031849963362,31.4333333,988.054442348889,0.9990480724184196,2.1972245773362196,-2675.457822111319,4732.066916815046,3322.51548331801,89.99408913382499,21.80140948635181,67.0
2024-06-18,80.9,89.1,68.9,4.7,12.5,3.9,6.2,17.7,31.4333333,119.4833333,8.0,94.69958488772942,14.0469099957077,41.326831335331285,0.21352091543979612,0.9953031849963362,31.4333333,988.054442348889,0.9990480724184196,2.1972245773362196,-2675.457822111319,4732.066916815046,3322.51548331801,89.99408913382499,21.80140948635181,67.1
2024-06-19,77.0,87.6,73.9,1.4,3.7,1.6,2.1,10.9,31.4333333,119.4833333,8.0,90.14103485763368,14.047953484306548,41.325503887338336,0.19667288979357647,0.9953031849963362,31.4333333,988.054442348889,0.9990480724184196,2.1972245773362196,-2675.457822111319,4732.066916815046,3322.51548331801,89.99408913382499,21.80140948635181,75.4
2024-06-20,80.2,87.1,74.8,1.0,3.6,1.2,2.7,51.57840056319742,31.4333333,119.4833333,8.0,93.8894724690532,14.048300120057837,41.32214879028943,0.1797665857255624,0.9953031849963362,31.4333333,988.054442348889,0.9990480724184196,2.1972245773362196,-2675.457822111319,4732.066916815046,3322.51548331801,89.99408913382499,21.80140948635181,75.9
2024-06-21,80.1,87.1,76.5,999.5,5.8,2.2,5.1,17.5,31.4333333,119.4833333,8.0,93.77006401383484,14.047949664993984,41.3167684464112,0.16280701293851715,0.9953031849963362,31.4333333,988.054442348889,0.9990480724184196,2.1972245773362196,-2675.457822111319,4732.066916815046,3322.51548331801,89.99408913382499,21.80140948635181,77.8
2024-06-22,78.1,83.7,76.1,0.4,6.5,2.7,5.2,17.5,31.4333333,119.4833333,8.0,91.42192285774136,14.04690235970418,41.30936457784454,0.1457991969198751,0.9953031849963362,31.4333333,988.054442348889,0.9990480724184196,2.1972245773362196,-2675.457822111319,4732.066916815046,3322.51548331801,89.99408913382499,21.80140948635181,75.9
2024-06-23,75.1,82.4,71.4,3.2,15.3,2.5,4.5,15.2,31.4333333,119.4833333,8.0,87.89928625830338,14.045158922764854,41.299938226451566,0.12874817745258132,0.9953031849963362,31.4333333,988.054442348889,0.9990480724184196,2.1972245773362196,-2675.457822111319,4732.066916815046,3322.51548331801,89.99408913382499,21.80140948635181,69.4
2024-06-24,80.4,88.3,71.4,7.2,14.9,2.5,3.7,11.7,31.4333333,119.4833333,8.0,94.08622767856784,14.042720549039975,41.28848975508361,0.11165900712169512,0.9953031849963362,31.4333333,988.054442348889,0.9990480724184196,2.1972245773362196,-2675.457822111319,4732.066916815046,3322.51548331801,89.99408913382499,21.80140948635181,73.1
2024-06-25,75.0,88.3,72.3,11.4,7.2,1.4,2.1,11.7,31.4333333,119.4833333,8.0,87.74743066787155,14.039588906859448,41.27501885031138,0.09453674981719912,0.9953031849963362,31.4333333,988.054442348889,0.9990480724184196,2.1972245773362196,-2675.457822111319,4732.066916815046,3322.51548331801,89.99408913382499,21.80140948635181,70.1
2024-06-26,74.6,78.8,72.3,11.4,2.5,2.3,3.9,11.1,31.4333333,119.4833333,8.0,87.25567946692071,14.035766134089123,41.25952452662086,0.07738647923346301,0.9953031849963362,31.4333333,988.054442348889,0.9990480724184196,2.1972245773362196,-2675.457822111319,4732.066916815046,3322.51548331801,89.99408913382499,21.80140948635181,72.2
2024-06-27,74.4,78.3,72.0,9.0,7.3,2.2,4.3,62.669291917573986,31.4333333,119.4833333,8.0,86.99377996529,14.031254833111289,41.24200513207935,0.06021327736579302,0.9953031849963362,31.4333333,988.054442348889,0.9990480724184196,2.1972245773362196,-2675.457822111319,4732.066916815046,3322.51548331801,89.99408913382499,21.80140948635181,71.9
2024-06-28,76.4,78.4,72.0,3.7,5.3,1.8,3.7,63.464612843486826,31.4333333,119.4833333,8.0,89.29923634550899,14.026058064739631,41.22245835547803,0.04302223300453059,0.9953031849963362,31.4333333,988.054442348889,0.9990480724184196,2.1972245773362196,-2675.457822111319,4732.066916815046,3322.51548331801,89.99408913382499,21.80140948635181,74.8
2024-06-29,80.8,83.7,74.3,999.8,7.5,2.2,4.1,12.6,31.4333333,119.4833333,8.0,94.40254089672352,14.020179341097553,41.20088123495811,0.02581844022713308,0.9953031849963362,31.4333333,988.054442348889,0.9990480724184196,2.1972245773362196,-2675.457822111319,4732.066916815046,3322.51548331801,89.99408913382499,21.80140948635181,77.0
2024-06-30,77.8,83.7,77.0,0.4,4.4,1.4,2.7,11.5,31.4333333,119.4833333,8.0,90.85498663674959,14.013622617493509,41.17727016812911,0.008606996888688698,0.9953031849963362,31.4333333,988.054442348889,0.9990480724184196,2.1972245773362196,-2675.457822111319,4732.066916815046,3322.51548331801,89.99408913382499,21.80140948635181,76.6
2024-07-01,82.2,88.7,77.0,998.3,13.0,2.3,4.1,15.3,31.4333333,119.4833333,8.0,95.94378714082049,14.006392283331458,41.151620923688476,-0.008606996888688009,0.9953031849963362,31.4333333,988.054442348889,0.9990480724184196,2.1972245773362196,-2675.457822111319,4732.066916815046,3322.51548331801,89.99408913382499,21.80140948635181,77.1
2024-07-02,77.5,88.7,73.8,3.2,9.4,2.9,7.4,21.0,31.4333333,119.4833333,8.0,90.40693494063721,13.998493152098666,41.12392865455226,-0.02581844022713239,0.9953031849963362,31.4333333,988.054442348889,0.9990480724184196,2.1972245773362196,-2675.457822111319,4732.066916815046,3322.51548331801,89.99408913382499,21.80140948635181,73.8
2024-07-03,83.3,91.9,73.8,9.0,11.0,1.5,3.1,-38.47043185423026,31.4333333,119.4833333,8.0,97.11343387706123,13.989930450477008,41.09418791250706,-0.04302223300453034,0.9953031849963362,31.4333333,988.054442348889,0.9990480724184196,2.1972245773362196,-2675.457822111319,4732.066916815046,3322.51548331801,89.99408913382499,21.80140948635181,77.2
2024-07-04,90.3,99.5,77.9,5.8,17.3,2.7,6.4,19.2,31.4333333,119.4833333,8.0,105.2048412948714,13.98070980662743,41.062392664393464,-0.060213277365792774,0.9953031849963362,31.4333333,988.054442348889,0.9990480724184196,2.1972245773362196,-2675.457822111319,4732.066916815046,3322.51548331801,89.99408913382499,21.80140948635181,75.8
2024-07-05,92.1,101.3,80.4,2.5,18.4,3.0,4.7,19.0,31.4333333,119.4833333,8.0,107.22617579934985,13.970837237700307,41.02853630983083,-0.07738647923346322,0.9953031849963362,31.4333333,988.054442348889,0.9990480724184196,2.1972245773362196,-2675.457822111319,4732.066916815046,3322.51548331801,89.99408913382499,21.80140948635181,75.2
2024-07-06,90.7,101.3,81.5,3.6,18.5,4.1,7.8,21.8,31.4333333,119.4833333,8.0,105.51674547434143,13.96031913662731,40.992611700492866,-0.09453674981719933,0.9953031849963362,31.4333333,988.054442348889,0.9990480724184196,2.1972245773362196,-2675.457822111319,4732.066916815046,3322.51548331801,89.99408913382499,21.80140948635181,74.1
2024-07-07,94.2,102.7,81.3,3.3,18.4,3.7,5.8,17.3,31.4333333,119.4833333,8.0,109.50092372728398,13.949162258252736,40.954611160942434,-0.11165900712169444,0.9953031849963362,31.4333333,988.054442348889,0.9990480724184196,2.1972245773362196,-2675.457822111319,4732.066916815046,3322.51548331801,89.99408913382499,21.80140948635181,74.8
2024-07-08,93.7,102.7,84.0,1.9,18.2,3.5,6.0,18.5,31.4333333,119.4833333,8.0,108.82765967881467,13.937373704864203,40.91452651103283,-0.12874817745258066,0.9953031849963362,31.4333333,988.054442348889,0.9990480724184196,2.1972245773362196,-2675.457822111319,4732.066916815046,3322.51548331801,89.99408913382499,21.80140948635181,76.2
2024-07-09,90.0,101.8,83.5,2.3,14.2,3.4,6.0,15.3,31.4333333,119.4833333,8.0,104.43720683388212,13.924960911184282,40.87234908988119,-0.14579919691987442,0.9953031849963362,31.4333333,988.054442348889,0.9990480724184196,2.1972245773362196,-2675.457822111319,4732.066916815046,3322.51548331801,89.99408913382499,21.80140948635181,77.7
2024-07-10,81.4,96.6,76.8,3.6,7.5,2.0,4.1,12.4,31.4333333,119.4833333,8.0,94.36926954927485,13.911931628885725,40.82806978141787,-0.16280701293851646,0.9953031849963362,31.4333333,988.054442348889,0.9990480724184196,2.1972245773362196,-2675.457822111319,4732.066916815046,3322.51548331801,89.99408913382499,21.80140948635181,77.7
2024-07-11,75.9,86.9,72.9,2.5,2.2,2.1,5.8,12.4,31.4333333,119.4833333,8.0,87.90670898513812,13.898293910693774,40.78167904151317,-0.17976658572556214,0.9953031849963362,31.4333333,988.054442348889,0.9990480724184196,2.1972245773362196,-2675.457822111319,4732.066916815046,3322.51548331801,89.99408913382499,21.80140948635181,74.0
2024-07-12,78.0,80.8,72.9,0.8,5.7,1.5,2.5,11.1,31.4333333,119.4833333,8.0,90.24636461190626,13.884056094139424,40.73316692668057,-0.19667288979357622,0.9953031849963362,31.4333333,988.054442348889,0.9990480724184196,2.1972245773362196,-2675.457822111319,4732.066916815046,3322.51548331801,89.99408913382499,21.80140948635181,76.5
2024-07-13,79.6,87.4,76.5,2.4,13.1,3.0,5.8,16.3,31.4333333,119.4833333,8.0,91.9992043406822,13.869226785027468,40.68252312435219,-0.2135209154397959,0.9953031849963362,31.4333333,988.054442348889,0.9990480724184196,2.1972245773362196,-2675.457822111319,4732.066916815046,3322.51548331801,89.99408913382499,21.80140948635181,76.3
2024-07-14,77.5,87.4,76.8,7.9,4.1,1.0,4.1,9.9,31.4333333,119.4833333,8.0,89.47255417940984,13.853814840682812,40.629736984719706,-0.23030567023061196,0.9953031849963362,31.4333333,988.054442348889,0.9990480724184196,2.1972245773362196,-2675.457822111319,4732.066916815046,3322.51548331801,89.99408913382499,21.80140948635181,76.1
2024-07-15,85.1,93.0,76.8,7.4,6.7,1.1,2.7,-47.62449768920928,31.4333333,119.4833333,8.0,98.13327316195982,13.837829353037813,40.57479755412984,-0.24702218048093527,0.9953031849963362,31.4333333,988.054442348889,0.9990480724184196,2.1972245773362196,-2675.457822111319,4732.066916815046,3322.51548331801,89.99408913382499,21.80140948635181,79.7
2024-07-16,90.3,100.4,80.1,5.8,15.3,2.0,4.5,10.9,31.4333333,119.4833333,8.0,104.00512922795791,13.821279631622314,40.51769361001994,-0.2636654927280072,0.9953031849963362,31.4333333,988.054442348889,0.9990480724184196,2.1972245773362196,-2675.457822111319,4732.066916815046,3322.51548331801,89.99408913382499,21.80140948635181,77.9
2024-07-17,89.6,100.4,81.5,4.6,16.6,2.6,3.5,15.5,31.4333333,119.4833333,8.0,103.07117472599136,13.8041751865167,40.45841369737558,-0.2802306751992161,0.9953031849963362,31.4333333,988.054442348889,0.9990480724184196,2.1972245773362196,-2675.457822111319,4732.066916815046,3322.51548331801,89.99408913382499,21.80140948635181,76.3
2024-07-18,91.3,98.6,84.4,4.1,18.4,3.3,5.4,20.2,31.4333333,119.4833333,8.0,104.892483120343,13.786525711326572,40.39694616668703,-0.2967128192734901,0.9953031849963362,31.4333333,988.054442348889,0.9990480724184196,2.1972245773362196,-2675.457822111319,4732.066916815046,3322.51548331801,89.99408913382499,21.80140948635181,76.4
2024-07-19,90.8,100.2,84.2,4.0,17.3,2.8,5.1,18.5,31.4333333,119.4833333,8.0,104.18044740118422,13.7683410662358,40.333279213377786,-0.3131070409358267,0.9953031849963362,31.4333333,988.054442348889,0.9990480724184196,2.1972245773362196,-2675.457822111319,4732.066916815046,3322.51548331801,89.99408913382499,21.80140948635181,77.8
2024-07-20,90.4,100.2,82.4,5.2,18.2,3.1,7.8,18.6,31.4333333,119.4833333,8.0,103.58055550098274,13.7496312611924,40.267400918673324,-0.3294084822245302,0.9953031849963362,31.4333333,988.054442348889,0.9990480724184196,2.1972245773362196,-2675.457822111319,4732.066916815046,3322.51548331801,89.99408913382499,21.80140948635181,77.4
2024-07-21,93.0,101.8,82.4,4.6,15.5,2.4,5.2,14.4,31.4333333,119.4833333,8.0,106.41064990441527,13.730406439279388,40.199299291873345,-0.3456123126707333,0.9953031849963362,31.4333333,988.054442348889,0.9990480724184196,2.1972245773362196,-2675.457822111319,4732.066916815046,3322.51548331801,89.99408913382499,21.80140948635181,78.4
2024-07-22,94.0,103.5,83.5,1.8,15.6,2.2,4.7,13.4,31.4333333,119.4833333,8.0,107.40030207250828,13.710676860320207,40.128962313986314,-0.3617137307297674,0.9953031849963362,31.4333333,988.054442348889,0.9990480724184196,2.1972245773362196,-2675.457822111319,4732.066916815046,3322.51548331801,89.99408913382499,21.80140948635181,78.2
2024-07-23,91.7,103.5,83.1,999.5,14.6,2.0,3.3,14.4,31.4333333,119.4833333,8.0,104.6178774610824,13.690452884765419,40.05637798267951,-0.37770796520396466,0.9953031849963362,31.4333333,988.054442348889,0.9990480724184196,2.1972245773362196,-2675.457822111319,4732.066916815046,3322.51548331801,89.99408913382499,21.80140948635181,80.1
2024-07-24,90.1,100.9,82.4,997.8,16.0,4.6,6.2,18.5,31.4333333,119.4833333,8.0,102.63700172560112,13.669744957904701,39.98153435849326,-0.39359027665646645,0.9953031849963362,31.4333333,988.054442348889,0.9990480724184196,2.1972245773362196,-2675.457822111319,4732.066916815046,3322.51548331801,89.99408913382499,21.80140948635181,78.5
2024-07-25,87.8,98.1,82.2,996.4,14.3,6.8,8.0,23.1,31.4333333,119.4833333,8.0,99.86199029935604,13.648563594445017,39.90441961226275,-0.4093559588156211,0.9953031849963362,31.4333333,988.054442348889,0.9990480724184196,2.1972245773362196,-2675.457822111319,4732.066916815046,3322.51548331801,89.99408913382499,21.80140948635181,77.8
2024-07-26,84.4,93.6,81.9,996.4,14.3,5.7,8.7,21.8,31.4333333,119.4833333,8.0,95.84266618990009,13.626919363492902,39.82502207368531,-0.42500033996955394,0.9953031849963362,31.4333333,988.054442348889,0.9990480724184196,2.1972245773362196,-2675.457822111319,4732.066916815046,3322.51548331801,89.99408913382499,21.80140948635181,78.2
2024-07-27,88.3,96.4,81.9,2.0,17.6,3.8,4.9,21.2,31.4333333,119.4833333,8.0,100.10882164767054,13.604822873975612,39.74333028096685,-0.4405187843504952,0.9953031849963362,31.4333333,988.054442348889,0.9990480724184196,2.1972245773362196,-2675.457822111319,4732.066916815046,3322.51548331801,89.99408913382499,21.80140948635181,76.9
2024-07-28,91.3,100.8,82.8,6.0,17.6,3.1,5.4,15.2,31.4333333,119.4833333,8.0,103.33854988638687,13.582284760532776,39.659333031475164,-0.455906693508459,0.9953031849963362,31.4333333,988.054442348889,0.9990480724184196,2.1972245773362196,-2675.457822111319,4732.066916815046,3322.51548331801,89.99408913382499,21.80140948635181,75.7
2024-07-29,90.1,100.8,81.7,6.1,15.9,2.7,4.7,11.5,31.4333333,119.4833333,8.0,101.80786182155214,13.559315669907056,39.57301943332365,-0.47115950767386394,0.9953031849963362,31.4333333,988.054442348889,0.9990480724184196,2.1972245773362196,-2675.457822111319,4732.066916815046,3322.51548331801,89.99408913382499,21.80140948635181,77.6
2024-07-30,91.9,99.5,81.7,3.6,14.3,2.8,4.3,12.4,31.4333333,119.4833333,8.0,103.66263518152103,13.535926247859111,39.48437895780364,-0.4862727071086902,0.9953031849963362,31.4333333,988.054442348889,0.9990480724184196,2.1972245773362196,-2675.457822111319,4732.066916815046,3322.51548331801,89.99408913382499,21.80140948635181,78.4
2024-07-31,93.7,101.7,85.1,2.8,16.2,2.5,5.8,15.5,31.4333333,119.4833333,8.0,105.50719264709625,13.512127126629188,39.39340149257925,-0.5012418134457756,0.9953031849963362,31.4333333,988.054442348889,0.9990480724184196,2.1972245773362196,-2675.457822111319,4732.066916815046,3322.51548331801,89.99408913382499,21.80140948635181,77.6
2024-08-01,94.1,101.7,85.1,2.6,18.6,3.2,5.4,18.6,31.4333333,119.4833333,8.0,105.76784255916306,13.48792891296447,39.30007739555393,-0.5160623910158526,0.9953031849963362,31.4333333,988.054442348889,0.9990480724184196,2.1972245773362196,-2675.457822111319,4732.066916815046,3322.51548331801,89.99408913382499,21.80140948635181,76.5
2024-08-02,93.9,102.7,83.8,4.1,16.5,2.1,4.3,13.4,31.4333333,119.4833333,8.0,105.35065253290013,13.46334217672845,39.2043975493136,-0.5307300481619331,0.9953031849963362,31.4333333,988.054442348889,0.9990480724184196,2.1972245773362196,-2675.457822111319,4732.066916815046,3322.51548331801,89.99408913382499,21.80140948635181,78.3
2024-08-03,95.8,104.7,85.6,5.4,15.5,1.9,4.3,11.5,31.4333333,119.4833333,8.0,107.28304656351001,13.438377440105638,39.106353416047355,-0.5452404385406507,0.9953031849963362,31.4333333,988.054442348889,0.9990480724184196,2.1972245773362196,-2675.457822111319,4732.066916815046,3322.51548331801,89.99408913382499,21.80140948635181,78.8
2024-08-04,95.0,105.3,83.7,4.8,14.7,2.8,5.4,15.2,31.4333333,119.4833333,8.0,106.18660757534629,13.413045167412163,39.00593709284275,-0.5595892624101763,0.9953031849963362,31.4333333,988.054442348889,0.9990480724184196,2.1972245773362196,-2675.457822111319,4732.066916815046,3322.51548331801,89.99408913382499,21.80140948635181,77.3
2024-08-05,92.0,105.3,83.7,4.0,13.4,2.0,2.9,16.9,31.4333333,119.4833333,8.0,102.63639412565408,13.387355755520097,38.903141367248935,-0.5737722679043243,0.9953031849963362,31.4333333,988.054442348889,0.9990480724184196,2.1972245773362196,-2675.457822111319,4732.066916815046,3322.51548331801,89.99408913382499,21.80140948635181,76.1
2024-08-06,90.5,104.5,82.0,4.1,9.8,2.6,5.2,11.3,31.4333333,119.4833333,8.0,100.76661808362702,13.361319524900821,38.79795977299808,-0.5877852522924734,0.9953031849963362,31.4333333,988.054442348889,0.9990480724184196,2.1972245773362196,-2675.457822111319,4732.066916815046,3322.51548331801,89.99408913382499,21.80140948635181,78.4
2024-08-07,90.9,101.8,81.9,3.5,8.6,2.1,4.1,12.8,31.4333333,119.4833333,8.0,101.01222133802376,13.334946711290264,38.690386645771774,-0.6016240632249227,0.9953031849963362,31.4333333,988.054442348889,0.9990480724184196,2.1972245773362196,-2675.457822111319,4732.066916815046,3322.51548331801,89.99408913382499,21.80140948635181,77.7
2024-08-08,92.5,103.6,81.9,2.7,10.7,2.0,3.5,11.3,31.4333333,119.4833333,8.0,102.58440748856972,13.308247457976615,38.580417178897605,-0.6152845999633277,0.9953031849963362,31.4333333,988.054442348889,0.9990480724184196,2.1972245773362196,-2675.457822111319,4732.066916815046,3322.51548331801,89.99408913382499,21.80140948635181,77.2
2024-08-09,93.3,104.2,83.1,0.7,9.4,1.7,3.7,11.1,31.4333333,119.4833333,8.0,103.26157731271107,13.281231808708819,38.46804747885721,-0.6287628145958345,0.9953031849963362,31.4333333,988.054442348889,0.9990480724184196,2.1972245773362196,-2675.457822111319,4732.066916815046,3322.51548331801,89.99408913382499,21.80140948635181,78.0
2024-08-10,95.1,105.3,84.4,999.1,11.2,2.5,3.9,14.2,31.4333333,119.4833333,8.0,105.03723438218712,13.25390970122235,38.353274620486395,-0.6420547132365636,0.9953031849963362,31.4333333,988.054442348889,0.9990480724184196,2.1972245773362196,-2675.457822111319,4732.066916815046,3322.51548331801,89.99408913382499,21.80140948635181,76.8
2024-08-11,92.4,105.3,82.8,999.1,12.7,3.2,5.1,20.2,31.4333333,119.4833333,8.0,101.84244040260035,13.226290961376668,38.23609670174587,-0.655156357209085,0.9953031849963362,31.4333333,988.054442348889,0.9990480724184196,2.1972245773362196,-2675.457822111319,4732.066916815046,3322.51548331801,89.99408913382499,21.80140948635181,75.8
2024-08-12,89.4,104.4,81.9,2.1,10.7,2.1,3.7,10.5,31.4333333,119.4833333,8.0,98.32797046933408,13.198385297897191,38.116512897939344,-0.6680638642135333,0.9953031849963362,31.4333333,988.054442348889,0.9990480724184196,2.1972245773362196,-2675.457822111319,4732.066916815046,3322.51548331801,89.99408913382499,21.80140948635181,76.8
2024-08-13,83.5,100.0,79.3,5.5,4.5,1.3,2.3,14.6,31.4333333,119.4833333,8.0,91.6426576549193,13.170202297712953,37.99452351525558,-0.6807734094770159,0.9953031849963362,31.4333333,988.054442348889,0.9990480724184196,2.1972245773362196,-2675.457822111319,4732.066916815046,3322.51548331801,89.99408913382499,21.80140948635181,78.5
2024-08-14,85.3,96.4,77.9,6.1,7.5,2.4,5.1,14.6,31.4333333,119.4833333,8.0,93.4159496905285,13.141751421879745,37.87013004351017,-0.6932812268869771,0.9953031849963362,31.4333333,988.054442348889,0.9990480724184196,2.1972245773362196,-2675.457822111319,4732.066916815046,3322.51548331801,89.99408913382499,21.80140948635181,76.4
2024-08-15,85.5,96.4,77.9,6.1,10.6,3.1,5.1,13.6,31.4333333,119.4833333,8.0,93.4304242647998,13.113042002077165,37.74333520796215,-0.7055836101071774,0.9953031849963362,31.4333333,988.054442348889,0.9990480724184196,2.1972245773362196,-2675.457822111319,4732.066916815046,3322.51548331801,89.99408913382499,21.80140948635181,76.7
2024-08-16,86.0,95.9,79.9,6.9,5.2,2.9,5.4,15.7,31.4333333,119.4833333,8.0,93.76926320327955,13.084083237666913,37.61414302008192,-0.7176769136759615,0.9953031849963362,31.4333333,988.054442348889,0.9990480724184196,2.1972245773362196,-2675.457822111319,4732.066916815046,3322.51548331801,89.99408913382499,21.80140948635181,76.7
2024-08-17,87.3,96.8,80.1,7.4,8.6,2.6,4.5,15.7,31.4333333,119.4833333,8.0,94.97428250624743,13.054884193298617,37.48255882714619,-0.7295575540864876,0.9953031849963362,31.4333333,988.054442348889,0.9990480724184196,2.1972245773362196,-2675.457822111319,4732.066916815046,3322.51548331801,89.99408913382499,21.80140948635181,76.3
2024-08-18,88.0,96.8,80.1,4.9,12.7,2.5,4.3,11.8,31.4333333,119.4833333,8.0,95.51999451168953,13.025453797048574,37.34858936053789,-0.7412220108485957,0.9953031849963362,31.4333333,988.054442348889,0.9990480724184196,2.1972245773362196,-2675.457822111319,4732.066916815046,3322.51548331801,89.99408913382499,21.80140948635181,76.9
2024-08-19,83.1,96.1,78.3,3.0,6.2,2.4,4.7,13.6,31.4333333,119.4833333,8.0,89.99592081060173,12.995800839076063,37.21224278262947,-0.7526668275320083,0.9953031849963362,31.4333333,988.054442348889,0.9990480724184196,2.1972245773362196,-2675.457822111319,4732.066916815046,3322.51548331801,89.99408913382499,21.80140948635181,78.7
2024-08-20,81.9,94.5,78.3,4.2,4.2,0.9,3.7,12.6,31.4333333,119.4833333,8.0,88.49249935058141,12.965933970781158,37.07352873213031,-0.7638886127905429,0.9953031849963362,31.4333333,988.054442348889,0.9990480724184196,2.1972245773362196,-2675.457822111319,4732.066916815046,3322.51548331801,89.99408913382499,21.80140948635181,79.2
2024-08-21,79.7,88.2,76.8,4.5,5.1,1.6,2.9,15.3,31.4333333,119.4833333,8.0,85.9156814870392,12.935861704447557,36.93245836778094,-0.7748840413670406,0.9953031849963362,31.4333333,988.054442348889,0.9990480724184196,2.1972245773362196,-2675.457822111319,4732.066916815046,3322.51548331801,89.99408913382499,21.80140948635181,76.9
2024-08-22,86.9,97.0,76.8,6.3,9.4,1.8,4.9,13.0,31.4333333,119.4833333,8.0,93.45799839336725,12.90559241335336,36.78904441027915,-0.7856498550787144,0.9953031849963362,31.4333333,988.054442348889,0.9990480724184196,2.1972245773362196,-2675.457822111319,4732.066916815046,3322.51548331801,89.99408913382499,21.80140948635181,77.0
2024-08-23,88.1,97.3,79.0,7.4,8.5,1.2,3.1,26.120311507226447,31.4333333,119.4833333,8.0,94.52494455654107,12.875134332332497,36.64330118232609,-0.7961828637826154,0.9953031849963362,31.4333333,988.054442348889,0.9990480724184196,2.1972245773362196,-2675.457822111319,4732.066916815046,3322.51548331801,89.99408913382499,21.80140948635181,78.1
2024-08-24,89.2,98.2,79.0,7.6,9.9,1.3,2.9,53.706779660799576,31.4333333,119.4833333,8.0,95.47741698685172,12.844495558769289,36.49524464668373,-0.8064799463209447,0.9953031849963362,31.4333333,988.054442348889,0.9990480724184196,2.1972245773362196,-2675.457822111319,4732.066916815046,3322.51548331801,89.99408913382499,21.80140948635181,76.1
2024-08-25,88.4,98.2,80.4,6.2,8.4,1.9,3.3,-19.648691911431598,31.4333333,119.4833333,8.0,94.39413919786139,12.813684054008334,36.34489244213841,-0.8165380514459157,0.9953031849963362,31.4333333,988.054442348889,0.9990480724184196,2.1972245773362196,-2675.457822111319,4732.066916815046,3322.51548331801,89.99408913382499,21.80140948635181,78.2
2024-08-26,88.8,98.6,81.7,2.7,8.7,1.6,2.9,-72.29010457409503,31.4333333,119.4833333,8.0,94.59203657419863,12.782707645161977,36.19226391726931,-0.8263541987239094,0.9953031849963362,31.4333333,988.054442348889,0.9990480724184196,2.1972245773362196,-2675.457822111319,4732.066916815046,3322.51548331801,89.99408913382499,21.80140948635181,79.1
2024-08-27,81.1,98.6,76.5,3.2,10.9,3.2,6.8,16.3,31.4333333,119.4833333,8.0,86.17938780115239,12.751574027297519,36.037380161924894,-0.8359254794186365,0.9953031849963362,31.4333333,988.054442348889,0.9990480724184196,2.1972245773362196,-2675.457822111319,4732.066916815046,3322.51548331801,89.99408913382499,21.80140948635181,73.3
2024-08-28,82.1,89.8,75.9,5.2,6.7,2.1,3.3,13.2,31.4333333,119.4833333,8.0,87.02798932395717,12.720290765986434,35.880264036314585,-0.8452490573530634,0.9953031849963362,31.4333333,988.054442348889,0.9990480724184196,2.1972245773362196,-2675.457822111319,4732.066916815046,3322.51548331801,89.99408913382499,21.80140948635181,75.8
2024-08-29,85.1,93.4,78.8,6.5,9.8,1.9,4.1,12.2,31.4333333,119.4833333,8.0,89.98520308723693,12.688865300197923,35.72094019762842,-0.8543221697498269,0.9953031849963362,31.4333333,988.054442348889,0.9990480724184196,2.1972245773362196,-2675.457822111319,4732.066916815046,3322.51548331801,89.99408913382499,21.80140948635181,77.7
2024-08-30,87.5,95.7,79.0,7.5,11.4,1.9,3.3,49.71374965768094,31.4333333,119.4833333,8.0,92.29284856107851,12.657304945519337,35.55943512410181,-0.8631421280499115,0.9953031849963362,31.4333333,988.054442348889,0.9990480724184196,2.1972245773362196,-2675.457822111319,4732.066916815046,3322.51548331801,89.99408913382499,21.80140948635181,77.2
2024-08-31,88.5,97.2,80.6,7.5,10.8,1.7,3.1,-23.52452914000167,31.4333333,119.4833333,8.0,93.11392462043538,12.625616897686156,35.3957771364483,-0.8717063187093217,0.9953031849963362,31.4333333,988.054442348889,0.9990480724184196,2.1972245773362196,-2675.457822111319,4732.066916815046,3322.51548331801,89.99408913382499,21.80140948635181,78.1
2024-09-01,90.0,100.4,80.6,6.2,9.9,1.8,3.5,9.7,31.4333333,119.4833333,8.0,94.45356177303418,12.59380823640456,35.22999641658908,-0.8800122039735356,0.9953031849963362,31.4333333,988.054442348889,0.9990480724184196,2.1972245773362196,-2675.457822111319,4732.066916815046,3322.51548331801,89.99408913382499,21.80140948635181,78.5
2024-09-02,86.9,100.4,79.7,8.8,8.1,4.0,6.8,16.9,31.4333333,119.4833333,8.0,90.96899060576496,12.561885929449705,35.062125023613106,-0.888057322629493,0.9953031849963362,31.4333333,988.054442348889,0.9990480724184196,2.1972245773362196,-2675.457822111319,4732.066916815046,3322.51548331801,89.99408913382499,21.80140948635181,78.1
2024-09-03,82.2,98.8,79.2,8.8,11.2,2.5,3.9,15.0,31.4333333,119.4833333,8.0,85.82951933361011,12.529856837023372,34.89219690690873,-0.8958392907349089,0.9953031849963362,31.4333333,988.054442348889,0.9990480724184196,2.1972245773362196,-2675.457822111319,4732.066916815046,3322.51548331801,89.99408913382499,21.80140948635181,74.3
2024-09-04,86.0,94.1,79.0,5.1,10.0,2.5,4.5,12.4,31.4333333,119.4833333,8.0,89.56704863387546,12.497727716354714,34.72024791641312,-0.9033558023246842,0.9953031849963362,31.4333333,988.054442348889,0.9990480724184196,2.1972245773362196,-2675.457822111319,4732.066916815046,3322.51548331801,89.99408913382499,21.80140948635181,77.2
2024-09-05,87.4,96.3,79.5,7.0,10.6,2.3,4.7,12.2,31.4333333,119.4833333,8.0,90.79042973321476,12.465505226528341,34.5463158099328,-0.9106046300942162,0.9953031849963362,31.4333333,988.054442348889,0.9990480724184196,2.1972245773362196,-2675.457822111319,4732.066916815046,3322.51548331801,89.99408913382499,21.80140948635181,75.3
2024-09-06,87.4,96.3,79.5,10.4,9.6,2.4,4.7,12.2,31.4333333,119.4833333,8.0,90.55511038250185,12.433195933524281,34.37044025749507,-0.9175836260593934,0.9953031849963362,31.4333333,988.054442348889,0.9990480724184196,2.1972245773362196,-2675.457822111319,4732.066916815046,3322.51548331801,89.99408913382499,21.80140948635181,75.0
2024-09-07,86.7,95.0,79.7,11.9,5.6,3.0,5.1,12.8,31.4333333,119.4833333,8.0,89.59582562915955,12.40080631545461,34.192662842696635,-0.9242907221930934,0.9953031849963362,31.4333333,988.054442348889,0.9990480724184196,2.1972245773362196,-2675.457822111319,4732.066916815046,3322.51548331801,89.99408913382499,21.80140948635181,74.4
2024-09-08,86.9,95.5,79.3,10.7,9.5,3.1,4.9,12.8,31.4333333,119.4833333,8.0,89.56741554480304,12.368342767982009,34.01302706102298,-0.9307239310379793,0.9953031849963362,31.4333333,988.054442348889,0.9990480724184196,2.1972245773362196,-2675.457822111319,4732.066916815046,3322.51548331801,89.99408913382499,21.80140948635181,75.0
2024-09-09,86.9,96.1,78.3,9.2,12.8,3.0,6.4,15.3,31.4333333,119.4833333,8.0,89.33183574173451,12.335811609905802,33.83157831511873,-0.9368813462954315,0.9953031849963362,31.4333333,988.054442348889,0.9990480724184196,2.1972245773362196,-2675.457822111319,4732.066916815046,3322.51548331801,89.99408913382499,21.80140948635181,75.7
2024-09-10,85.2,96.1,78.1,9.0,5.3,4.1,6.8,20.4,31.4333333,119.4833333,8.0,87.35285553119914,12.303219088901288,33.64836390699623,-0.9427611433904206,0.9953031849963362,31.4333333,988.054442348889,0.9990480724184196,2.1972245773362196,-2675.457822111319,4732.066916815046,3322.51548331801,89.99408913382499,21.80140948635181,76.0
2024-09-11,81.9,93.2,78.4,7.4,5.2,2.8,6.0,22.1,31.4333333,119.4833333,8.0,83.74664971899591,12.270571387398668,33.46343302717718,-0.9483615800121716,0.9953031849963362,31.4333333,988.054442348889,0.9990480724184196,2.1972245773362196,-2675.457822111319,4732.066916815046,3322.51548331801,89.99408913382499,21.80140948635181,80.2
2024-09-12,85.5,93.4,79.5,7.7,6.4,1.9,4.3,12.8,31.4333333,119.4833333,8.0,87.1948567286892,12.237874628587958,33.27683674076849,-0.9536809966304455,0.9953031849963362,31.4333333,988.054442348889,0.9990480724184196,2.1972245773362196,-2675.457822111319,4732.066916815046,3322.51548331801,89.99408913382499,21.80140948635181,79.2
2024-09-13,87.1,93.4,78.1,6.0,6.6,1.9,3.9,-52.81563040731029,31.4333333,119.4833333,8.0,88.58893735574628,12.2051348825368,33.08862797048146,-0.9587178169872964,0.9953031849963362,31.4333333,988.054442348889,0.9990480724184196,2.1972245773362196,-2675.457822111319,4732.066916815046,3322.51548331801,89.99408913382499,21.80140948635181,78.1
2024-09-14,85.9,94.1,77.7,4.8,12.3,1.7,1.9,-59.80911256994274,31.4333333,119.4833333,8.0,87.13379725082147,12.172358172408122,32.89886147660997,-0.9634705485641486,0.9953031849963362,31.4333333,988.054442348889,0.9990480724184196,2.1972245773362196,-2675.457822111319,4732.066916815046,3322.51548331801,89.99408913382499,21.80140948635181,76.3
2024-09-15,84.4,94.1,78.3,7.3,11.0,5.1,7.8,-13.34208169502877,31.4333333,119.4833333,8.0,85.38150504804732,12.139550480765022,32.70759383399089,-0.9679377830240642,0.9953031849963362,31.4333333,988.054442348889,0.9990480724184196,2.1972245773362196,-2675.457822111319,4732.066916815046,3322.51548331801,89.99408913382499,21.80140948635181,75.2
2024-09-16,78.3,92.8,76.5,3.3,3.8,6.1,11.7,40.235963747137376,31.4333333,119.4833333,8.0,78.99633335757633,12.106717755950397,32.514883405976605,-0.9721181966290612,0.9953031849963362,31.4333333,988.054442348889,0.9990480724184196,2.1972245773362196,-2675.457822111319,4732.066916815046,3322.51548331801,89.99408913382499,21.80140948635181,76.3
2024-09-17,84.5,92.5,76.5,9.2,14.2,3.6,5.8,-8.574115558165374,31.4333333,119.4833333,8.0,85.02013917630833,12.073865918528995,32.32079031545701,-0.9760105506323682,0.9953031849963362,31.4333333,988.054442348889,0.9990480724184196,2.1972245773362196,-2675.457822111319,4732.066916815046,3322.51548331801,89.99408913382499,21.80140948635181,78.2
2024-09-18,84.4,92.5,79.0,8.7,12.1,3.4,5.8,-119.98276520413174,31.4333333,119.4833333,8.0,84.68837277005143,12.041000867779823,32.125376412974774,-0.9796136916454901,0.9953031849963362,31.4333333,988.054442348889,0.9990480724184196,2.1972245773362196,-2675.457822111319,4732.066916815046,3322.51548331801,89.99408913382499,21.80140948635181,76.8
2024-09-19,84.3,90.7,80.1,4.9,9.9,3.2,5.8,-71.03611704595434,31.4333333,119.4833333,8.0,84.35710262979393,12.008128488226895,31.928705241984765,-0.9829265519799822,0.9953031849963362,31.4333333,988.054442348889,0.9990480724184196,2.1972245773362196,-2675.457822111319,4732.066916815046,3322.51548331801,89.99408913382499,21.80140948635181,79.0
2024-09-20,82.9,91.8,79.3,4.2,9.2,3.6,5.8,-20.920464535490368,31.4333333,119.4833333,8.0,82.72905091655714,11.97525465619645,31.73084200131524,-0.9859481499638303,0.9953031849963362,31.4333333,988.054442348889,0.9990480724184196,2.1972245773362196,-2675.457822111319,4732.066916815046,3322.51548331801,89.99408913382499,21.80140948635181,79.4
2024-09-21,71.2,91.8,66.2,13.4,13.4,3.2,5.8,44.74987908402012,31.4333333,119.4833333,8.0,70.85815246190725,11.942385246388861,31.531853504894727,-0.9886775902323404,0.9953031849963362,31.4333333,988.054442348889,0.9990480724184196,2.1972245773362196,-2675.457822111319,4732.066916815046,3322.51548331801,89.99408913382499,21.80140948635181,63.2
2024-09-22,69.0,77.4,61.5,17.6,16.0,2.9,5.8,-70.30025258020905,31.4333333,119.4833333,8.0,68.47977529610719,11.909526138453426,31.33180813881496,-0.9911140639934546,0.9953031849963362,31.4333333,988.054442348889,0.9990480724184196,2.1972245773362196,-2675.457822111319,4732.066916815046,3322.51548331801,89.99408913382499,21.80140948635181,57.0
2024-09-23,71.3,78.6,61.3,16.1,13.0,1.9,3.9,22.120675869124057,31.4333333,119.4833333,8.0,70.567292819952,11.876683223554334,31.13077581580667,-0.9932568492674143,0.9953031849963362,31.4333333,988.054442348889,0.9990480724184196,2.1972245773362196,-2675.457822111319,4732.066916815046,3322.51548331801,89.99408913382499,21.80140948635181,59.7
2024-09-24,73.9,80.8,64.8,13.1,10.8,1.2,3.9,-66.42400669260046,31.4333333,119.4833333,8.0,72.93845268055752,11.84386241091597,30.928827927210428,-0.9951053111006974,0.9953031849963362,31.4333333,988.054442348889,0.9990480724184196,2.1972245773362196,-2675.457822111319,4732.066916815046,3322.51548331801,89.99408913382499,21.80140948635181,64.0
2024-09-25,75.8,81.1,70.5,12.8,6.2,1.0,1.9,-44.34785700065282,31.4333333,119.4833333,8.0,74.60658985688767,11.81106963433578,30.726037292531124,-0.99665890175417,0.9953031849963362,31.4333333,988.054442348889,0.9990480724184196,2.1972245773362196,-2675.457822111319,4732.066916815046,3322.51548331801,89.99408913382499,21.80140948635181,67.8
2024-09-26,75.3,81.1,71.1,12.9,3.3,1.5,1.9,-53.949086969515555,31.4333333,119.4833333,8.0,73.90890063804594,11.778310858652738,30.522478106669872,-0.9979171608653922,0.9953031849963362,31.4333333,988.054442348889,0.9990480724184196,2.1972245773362196,-2675.457822111319,4732.066916815046,3322.51548331801,89.99408913382499,21.80140948635181,72.3
2024-09-27,74.4,83.7,67.3,13.4,5.5,1.2,1.9,-90.38019868389395,31.4333333,119.4833333,8.0,72.82267093418797,11.745592086159348,30.31822588493223,-0.9988797155850335,0.9953031849963362,31.4333333,988.054442348889,0.9990480724184196,2.1972245773362196,-2675.457822111319,4732.066916815046,3322.51548331801,89.99408913382499,21.80140948635181,69.4
2024-09-28,76.1,84.4,66.7,14.5,6.7,1.9,3.9,41.158041824837674,31.4333333,119.4833333,8.0,74.27943029334325,11.71291936294506,30.11335740591715,-0.9995462806873573,0.9953031849963362,31.4333333,988.054442348889,0.9990480724184196,2.1972245773362196,-2675.457822111319,4732.066916815046,3322.51548331801,89.99408913382499,21.80140948635181,69.0
2024-09-29,80.4,87.3,70.3,12.8,7.7,2.8,5.8,8.152287744351177,31.4333333,119.4833333,8.0,78.25800186056277,11.680298785158621,29.90795065239508,-0.9999166586547379,0.9953031849963362,31.4333333,988.054442348889,0.9990480724184196,2.1972245773362196,-2675.457822111319,4732.066916815046,3322.51548331801,89.99408913382499,21.80140948635181,72.2
2024-09-30,78.8,87.3,71.8,12.0,5.5,3.9,5.8,78.60316904657523,31.4333333,119.4833333,8.0,76.48680305066145,11.647736505176871,29.70208475028882,-0.9999907397361901,0.9953031849963362,31.4333333,988.054442348889,0.9990480724184196,2.1972245773362196,-2675.457822111319,4732.066916815046,3322.51548331801,89.99408913382499,21.80140948635181,73.1
2024-10-01,66.7,86.7,62.1,18.4,10.1,2.9,5.8,-68.73444266207103,31.4333333,119.4833333,8.0,64.56136865019975,11.61523873766712,29.495839905874252,-0.9997685019798909,0.9953031849963362,31.4333333,988.054442348889,0.9990480724184196,2.1972245773362196,-2675.457822111319,4732.066916815046,3322.51548331801,89.99408913382499,21.80140948635181,59.7
2024-10-02,65.4,73.4,57.7,22.0,15.7,3.4,5.8,-55.03533764976327,31.4333333,119.4833333,8.0,63.12632412213875,11.582811765530044,29.289297341322097,-0.9992500112396835,0.9953031849963362,31.4333333,988.054442348889,0.9990480724184196,2.1972245773362196,-2675.457822111319,4732.066916815046,3322.51548331801,89.99408913382499,21.80140948635181,45.7
2024-10-03,64.8,75.4,54.9,22.9,12.7,2.4,5.8,-18.660916714609304,31.4333333,119.4833333,8.0,62.37249450683266,11.550461945709753,29.08253922870554,-0.9984354211555643,0.9953031849963362,31.4333333,988.054442348889,0.9990480724184196,2.1972245773362196,-2675.457822111319,4732.066916815046,3322.51548331801,89.99408913382499,21.80140948635181,51.0
2024-10-04,67.5,76.3,54.3,21.9,11.6,2.4,3.9,59.849693545733544,31.4333333,119.4833333,8.0,64.78985089607282,11.51819571485739,28.87564862260119,-0.9973249731081555,0.9953031849963362,31.4333333,988.054442348889,0.9990480724184196,2.1972245773362196,-2675.457822111319,4732.066916815046,3322.51548331801,89.99408913382499,21.80140948635181,55.8
2024-10-05,67.4,76.3,60.4,20.0,5.0,1.7,3.9,-22.022836904934636,31.4333333,119.4833333,8.0,64.51314339098587,11.486019594834278,28.66870939141411,-0.9959189961471792,0.9953031849963362,31.4333333,988.054442348889,0.9990480724184196,2.1972245773362196,-2675.457822111319,4732.066916815046,3322.51548331801,89.99408913382499,21.80140948635181,63.4
2024-10-06,65.6,71.1,63.1,19.8,4.5,2.2,3.9,-3.4743247935881403,31.4333333,119.4833333,8.0,62.61487308262069,11.453940198040371,28.4618061475599,-0.994217906893952,0.9953031849963362,31.4333333,988.054442348889,0.9990480724184196,2.1972245773362196,-2675.457822111319,4732.066916815046,3322.51548331801,89.99408913382499,21.80140948635181,63.7
2024-10-07,60.8,68.5,59.4,22.0,2.2,2.7,5.8,-19.81138232536736,31.4333333,119.4833333,8.0,57.87128544493683,11.421964232553321,28.255024176638706,-0.9922222094179324,0.9953031849963362,31.4333333,988.054442348889,0.9990480724184196,2.1972245773362196,-2675.457822111319,4732.066916815046,3322.51548331801,89.99408913382499,21.80140948635181,59.5
2024-10-08,62.7,73.6,55.6,20.3,6.2,1.7,3.9,-81.27704783902954,31.4333333,119.4833333,8.0,59.5132646994055,11.390098507063252,28.048449365738218,-0.989932495087353,0.9953031849963362,31.4333333,988.054442348889,0.9990480724184196,2.1972245773362196,-2675.457822111319,4732.066916815046,3322.51548331801,89.99408913382499,21.80140948635181,55.1
2024-10-09,62.5,74.3,54.1,16.8,5.6,0.7,1.9,112.11917191482402,31.4333333,119.4833333,8.0,59.15807258118702,11.358349935587908,27.842168131003444,-0.9873494423939864,0.9953031849963362,31.4333333,988.054442348889,0.9990480724184196,2.1972245773362196,-2675.457822111319,4732.066916815046,3322.51548331801,89.99408913382499,21.80140948635181,54.4
2024-10-10,66.3,76.5,54.1,16.7,4.2,0.6,1.9,16.299504490808754,31.4333333,119.4833333,8.0,62.580158619287545,11.326725541952497,27.636267344612456,-0.9844738167520923,0.9953031849963362,31.4333333,988.054442348889,0.9990480724184196,2.1972245773362196,-2675.457822111319,4732.066916815046,3322.51548331801,89.99408913382499,21.80140948635181,57.4
2024-10-11,67.7,79.9,57.7,18.7,3.2,1.5,3.9,64.70444530690204,31.4333333,119.4833333,8.0,63.72393648450316,11.295232464018286,27.43083426129786,-0.9813064702716093,0.9953031849963362,31.4333333,988.054442348889,0.9990480724184196,2.1972245773362196,-2675.457822111319,4732.066916815046,3322.51548331801,89.99408913382499,21.80140948635181,58.1
2024-10-12,69.7,79.9,59.7,19.7,3.1,2.2,5.8,41.149274313049666,31.4333333,119.4833333,8.0,65.42435780397975,11.263877957643572,27.22595644455347,-0.9778483415056567,0.9953031849963362,31.4333333,988.054442348889,0.9990480724184196,2.1972245773362196,-2675.457822111319,4732.066916815046,3322.51548331801,89.99408913382499,21.80140948635181,62.5
2024-10-13,72.7,80.2,65.8,16.6,8.3,2.4,5.8,17.046629304106247,31.4333333,119.4833333,8.0,68.05125545051735,11.232669400360496,27.02172169266633,-0.9741004551724206,0.9953031849963362,31.4333333,988.054442348889,0.9990480724184196,2.1972245773362196,-2675.457822111319,4732.066916815046,3322.51548331801,89.99408913382499,21.80140948635181,67.6
2024-10-14,68.2,80.2,64.8,16.3,2.8,0.7,1.9,-79.67934505560916,31.4333333,119.4833333,8.0,63.66250790849962,11.201614294750666,26.818217964712723,-0.970063921851507,0.9953031849963362,31.4333333,988.054442348889,0.9990480724184196,2.1972245773362196,-2675.457822111319,4732.066916815046,3322.51548331801,89.99408913382499,21.80140948635181,64.8
2024-10-15,68.4,73.2,65.3,19.2,1.2,1.9,3.9,35.73978337534801,31.4333333,119.4833333,8.0,63.67310554756451,11.170720271502544,26.61553330665657,-0.965739937654855,0.9953031849963362,31.4333333,988.054442348889,0.9990480724184196,2.1972245773362196,-2675.457822111319,4732.066916815046,3322.51548331801,89.99408913382499,21.80140948635181,66.0
2024-10-16,69.3,71.8,66.2,19.9,1.7,2.2,3.9,-56.19483140259798,31.4333333,119.4833333,8.0,64.33347165706888,11.139995092133141,26.413755777687044,-0.9611297838723007,0.9953031849963362,31.4333333,988.054442348889,0.9990480724184196,2.1972245773362196,-2675.457822111319,4732.066916815046,3322.51548331801,89.99408913382499,21.80140948635181,67.4
2024-10-17,73.2,79.2,67.6,14.3,4.0,2.4,3.9,-2.7251778784553995,31.4333333,119.4833333,8.0,67.76762457327432,11.109446651356444,26.212973376930403,-0.9562348265919058,0.9953031849963362,31.4333333,988.054442348889,0.9990480724184196,2.1972245773362196,-2675.457822111319,4732.066916815046,3322.51548331801,89.99408913382499,21.80140948635181,69.3
2024-10-18,75.6,86.2,67.5,14.1,12.1,2.7,3.9,34.73277398122373,31.4333333,119.4833333,8.0,69.79822276820981,11.079082979080923,26.013273970669278,-0.9510565162951536,0.9953031849963362,31.4333333,988.054442348889,0.9990480724184196,2.1972245773362196,-2675.457822111319,4732.066916815046,3322.51548331801,89.99408913382499,21.80140948635181,66.9
2024-10-19,60.0,86.2,55.4,26.2,10.0,3.9,5.8,69.69116421536066,31.4333333,119.4833333,8.0,55.24456121009122,11.048912242018245,25.814745220199946,-0.9455963874271428,0.9953031849963362,31.4333333,988.054442348889,0.9990480724184196,2.1972245773362196,-2675.457822111319,4732.066916815046,3322.51548331801,89.99408913382499,21.80140948635181,53.4
2024-10-20,63.6,70.7,55.2,24.2,8.2,2.4,3.9,43.71755356341325,31.4333333,119.4833333,8.0,58.40039654789284,11.018942744885441,25.61747451045537,-0.9398560579418953,0.9953031849963362,31.4333333,988.054442348889,0.9990480724184196,2.1972245773362196,-2675.457822111319,4732.066916815046,3322.51548331801,89.99408913382499,21.80140948635181,54.9
2024-10-21,64.0,70.7,56.3,20.0,5.0,1.9,1.9,38.146358801832676,31.4333333,119.4833333,8.0,58.6089756329746,10.989182931182738,25.421548879518948,-0.9338372288229252,0.9953031849963362,31.4333333,988.054442348889,0.9990480724184196,2.1972245773362196,-2675.457822111319,4732.066916815046,3322.51548331801,89.99408913382499,21.80140948635181,59.8
2024-10-22,59.1,69.1,51.4,22.7,5.5,3.2,5.8,-54.639662251922516,31.4333333,119.4833333,8.0,53.97623381388218,10.959641383529377,25.227054949149803,-0.9275416835791965,0.9953031849963362,31.4333333,988.054442348889,0.9990480724184196,2.1972245773362196,-2675.457822111319,4732.066916815046,3322.51548331801,89.99408913382499,21.80140948635181,54.2
2024-10-23,55.4,66.2,47.7,22.7,3.5,1.7,3.9,-14.742462864582633,31.4333333,119.4833333,8.0,50.46167550200967,10.930326823540002,25.03407885643723,-0.9209712877166347,0.9953031849963362,31.4333333,988.054442348889,0.9990480724184196,2.1972245773362196,-2675.457822111319,4732.066916815046,3322.51548331801,89.99408913382499,21.80140948635181,47.1
2024-10-24,60.3,70.0,47.1,21.0,5.0,2.2,3.9,-103.28583494471958,31.4333333,119.4833333,8.0,54.77877175890267,10.901248111224412,24.84270618669736,-0.9141279881853337,0.9953031849963362,31.4333333,988.054442348889,0.9990480724184196,2.1972245773362196,-2675.457822111319,4732.066916815046,3322.51548331801,89.99408913382499,21.80140948635181,53.0
2024-10-25,67.4,74.3,54.1,19.3,6.1,3.9,3.9,49.71148348951863,31.4333333,119.4833333,8.0,61.066726669870874,10.872414243893923,24.653021907720653,-0.9070138128026362,0.9953031849963362,31.4333333,988.054442348889,0.9990480724184196,2.1972245773362196,-2675.457822111319,4732.066916815046,3322.51548331801,89.99408913382499,21.80140948635181,59.8
2024-10-26,66.9,74.3,61.7,16.1,1.6,2.8,3.9,122.72594126599284,31.4333333,119.4833333,8.0,60.45437652666101,10.843834354558027,24.46511030547417,-0.8996308696522434,0.9953031849963362,31.4333333,988.054442348889,0.9990480724184196,2.1972245773362196,-2675.457822111319,4732.066916815046,3322.51548331801,89.99408913382499,21.80140948635181,65.5
2024-10-27,63.0,68.7,60.1,17.4,4.8,2.9,3.9,-29.94036195595565,31.4333333,119.4833333,8.0,56.78146797642696,10.815517709795612,24.27905492135731,-0.8919813464595487,0.9953031849963362,31.4333333,988.054442348889,0.9990480724184196,2.1972245773362196,-2675.457822111319,4732.066916815046,3322.51548331801,89.99408913382499,21.80140948635181,59.0
2024-10-28,59.5,68.2,52.3,18.0,2.3,1.5,1.9,-81.55566161181248,31.4333333,119.4833333,8.0,53.487890464300534,10.787473707085821,24.094938491104408,-0.8840675099433637,0.9953031849963362,31.4333333,988.054442348889,0.9990480724184196,2.1972245773362196,-2675.457822111319,4732.066916815046,3322.51548331801,89.99408913382499,21.80140948635181,53.9
2024-10-29,58.4,69.4,51.1,19.8,4.0,0.7,1.9,4.797875780497448,31.4333333,119.4833333,8.0,52.36393110837685,10.759711871584285,23.912842885421757,-0.8758917051442433,0.9953031849963362,31.4333333,988.054442348889,0.9990480724184196,2.1972245773362196,-2675.457822111319,4732.066916815046,3322.51548331801,89.99408913382499,21.80140948635181,51.8
2024-10-30,61.7,70.9,51.3,20.9,4.8,2.2,3.9,82.14141092461173,31.4333333,119.4833333,8.0,55.181610190738276,10.732241852331594,23.73284905244075,-0.8674563547295971,0.9953031849963362,31.4333333,988.054442348889,0.9990480724184196,2.1972245773362196,-2675.457822111319,4732.066916815046,3322.51548331801,89.99408913382499,21.80140948635181,55.2
2024-10-31,63.7,71.4,55.8,17.6,4.3,3.3,5.8,22.86141067073052,31.4333333,119.4833333,8.0,56.82609805992285,10.705073417881856,23.555036962063,-0.858763958275803,0.9953031849963362,31.4333333,988.054442348889,0.9990480724184196,2.1972245773362196,-2675.457822111319,4732.066916815046,3322.51548331801,89.99408913382499,21.80140948635181,60.5
2024-11-01,61.9,71.4,57.4,17.1,5.7,3.6,5.8,-96.44451914393946,31.4333333,119.4833333,8.0,55.08179986149772,10.67821645134043,23.379485552266026,-0.8498170915275277,0.9953031849963362,31.4333333,988.054442348889,0.9990480724184196,2.1972245773362196,-2675.457822111319,4732.066916815046,3322.51548331801,89.99408913382499,21.80140948635181,58.4
2024-11-02,61.6,73.8,53.4,22.5,4.2,1.5,3.9,141.3515910541052,31.4333333,119.4833333,8.0,54.678628849980264,10.65168094480135,23.206272677432477,-0.8406184056344783,0.9953031849963362,31.4333333,988.054442348889,0.9990480724184196,2.1972245773362196,-2675.457822111319,4732.066916815046,3322.51548331801,89.99408913382499,21.80140948635181,55.3
2024-11-03,62.7,74.3,52.7,21.4,2.1,0.7,3.9,74.26653503059129,31.4333333,119.4833333,8.0,55.51811728934656,10.625476993176376,23.035475058758298,-0.8311706263658079,0.9953031849963362,31.4333333,988.054442348889,0.9990480724184196,2.1972245773362196,-2675.457822111319,4732.066916815046,3322.51548331801,89.99408913382499,21.80140948635181,56.7
2024-11-04,64.5,74.3,54.3,24.8,5.8,3.3,5.8,-60.09572991428395,31.4333333,119.4833333,8.0,56.97292948232502,10.599614787409307,22.8671682367884,-0.8214765533024145,0.9953031849963362,31.4333333,988.054442348889,0.9990480724184196,2.1972245773362196,-2675.457822111319,4732.066916815046,3322.51548331801,89.99408913382499,21.80140948635181,54.7
2024-11-05,56.9,72.7,47.8,27.4,8.7,2.4,3.9,106.97836076487813,31.4333333,119.4833333,8.0,50.138879345195164,10.574104607071037,22.70142652612176,-0.8115390590073611,0.9953031849963362,31.4333333,988.054442348889,0.9990480724184196,2.1972245773362196,-2675.457822111319,4732.066916815046,3322.51548331801,89.99408913382499,21.80140948635181,48.0
2024-11-06,54.6,67.1,46.2,29.2,9.1,1.2,3.9,3.929144441638927,31.4333333,119.4833333,8.0,47.99775349611368,10.548956812332678,22.538322972319538,-0.801361088174677,0.9953031849963362,31.4333333,988.054442348889,0.9990480724184196,2.1972245773362196,-2675.457822111319,4732.066916815046,3322.51548331801,89.99408913382499,21.80140948635181,44.9
2024-11-07,54.4,66.0,45.7,28.0,8.1,1.7,5.8,-7.173098373895018,31.4333333,119.4833333,8.0,47.70962432010027,10.524181835316236,22.377929311043495,-0.7909456567567774,0.9953031849963362,31.4333333,988.054442348889,0.9990480724184196,2.1972245773362196,-2675.457822111319,4732.066916815046,3322.51548331801,89.99408913382499,21.80140948635181,45.3
2024-11-08,59.2,67.8,47.3,24.4,7.4,1.5,3.9,4.5776183621123225,31.4333333,119.4833333,8.0,51.798964842734556,10.499790170824571,22.22031592944377,-0.780295851070776,0.9953031849963362,31.4333333,988.054442348889,0.9990480724184196,2.1972245773362196,-2675.457822111319,4732.066916815046,3322.51548331801,89.99408913382499,21.80140948635181,51.5
2024-11-09,63.9,71.4,53.6,22.2,6.2,2.4,3.9,75.92889772604967,31.4333333,119.4833333,8.0,55.783594351371086,10.475792366454664,22.065551829807664,-0.7694148268839381,0.9953031849963362,31.4333333,988.054442348889,0.9990480724184196,2.1972245773362196,-2675.457822111319,4732.066916815046,3322.51548331801,89.99408913382499,21.80140948635181,58.8
2024-11-10,60.6,72.0,52.9,21.7,3.6,1.2,1.9,36.29089358524229,31.4333333,119.4833333,8.0,52.783605011109145,10.45219901210082,21.913704595473682,-0.7583058084785625,0.9953031849963362,31.4333333,988.054442348889,0.9990480724184196,2.1972245773362196,-2675.457822111319,4732.066916815046,3322.51548331801,89.99408913382499,21.80140948635181,54.4
2024-11-11,60.4,72.0,52.3,20.8,3.1,1.2,3.9,-92.22408191492092,31.4333333,119.4833333,8.0,52.49273766857995,10.429020728856944,21.764840359007156,-0.7469720876965551,0.9953031849963362,31.4333333,988.054442348889,0.9990480724184196,2.1972245773362196,-2675.457822111319,4732.066916815046,3322.51548331801,89.99408913382499,21.80140948635181,54.1
2024-11-12,64.8,72.3,53.6,20.1,4.9,2.7,5.8,128.26301185686253,31.4333333,119.4833333,8.0,56.1938480495813,10.40626815732987,21.619023772626573,-0.7354170229639858,0.9953031849963362,31.4333333,988.054442348889,0.9990480724184196,2.1972245773362196,-2675.457822111319,4732.066916815046,3322.51548331801,89.99408913382499,21.80140948635181,55.5
2024-11-23,52.1,62.1,44.8,27.3,9.5,2.3,3.9,-57.39307262628334,31.4333333,119.4833333,8.0,44.229036519374525,10.187110138819467,20.23312360465832,-0.594726686960764,0.9953031849963362,31.4333333,988.054442348889,0.9990480724184196,2.1972245773362196,-2675.457822111319,4732.066916815046,3322.51548331801,89.99408913382499,21.80140948635181,42.0
2024-11-24,56.0,63.0,44.2,24.4,8.5,3.2,5.8,57.721442566681766,31.4333333,119.4833333,8.0,47.4613295080542,10.170284894583043,20.128351934231212,-0.5808002734538013,0.9953031849963362,31.4333333,988.054442348889,0.9990480724184196,2.1972245773362196,-2675.457822111319,4732.066916815046,3322.51548331801,89.99408913382499,21.80140948635181,47.3
2024-11-25,51.7,63.0,44.4,23.2,5.0,3.9,5.8,37.894421218967906,31.4333333,119.4833333,8.0,43.746899409024955,10.154019205189543,20.027324115364042,-0.5667017562911184,0.9953031849963362,31.4333333,988.054442348889,0.9990480724184196,2.1972245773362196,-2675.457822111319,4732.066916815046,3322.51548331801,89.99408913382499,21.80140948635181,47.4
2024-11-26,47.7,58.3,43.0,25.2,14.2,5.0,7.8,-40.236635920445444,31.4333333,119.4833333,8.0,40.29983186386644,10.138322481475834,19.930082141491837,-0.5524353131676203,0.9953031849963362,31.4333333,988.054442348889,0.9990480724184196,2.1972245773362196,-2675.457822111319,4732.066916815046,3322.51548331801,89.99408913382499,21.80140948635181,26.1
2024-11-27,47.2,54.5,39.7,23.7,10.4,4.4,9.7,-43.27709913164889,31.4333333,119.4833333,8.0,39.81793543876771,10.123203925110435,19.83666632264857,-0.5380051715382992,0.9953031849963362,31.4333333,988.054442348889,0.9990480724184196,2.1972245773362196,-2675.457822111319,4732.066916815046,3322.51548331801,89.99408913382499,21.80140948635181,25.9
2024-11-28,49.1,56.5,39.7,23.1,13.8,6.3,9.7,95.41695425140111,31.4333333,119.4833333,8.0,41.36131835979075,10.10867251155782,19.747115284710507,-0.5234156073655503,0.9953031849963362,31.4333333,988.054442348889,0.9990480724184196,2.1972245773362196,-2675.457822111319,4732.066916815046,3322.51548331801,89.99408913382499,21.80140948635181,21.7
2024-11-29,47.8,61.9,36.5,20.9,10.4,2.2,5.8,1.2502027109369216,31.4333333,119.4833333,8.0,40.210702276221575,10.094736973110018,19.66146596970107,-0.5086709438521042,0.9953031849963362,31.4333333,988.054442348889,0.9990480724184196,2.1972245773362196,-2675.457822111319,4732.066916815046,3322.51548331801,89.99408913382499,21.80140948635181,28.9
2024-11-30,48.7,64.6,35.8,16.8,7.4,1.2,3.9,38.16583603421703,31.4333333,119.4833333,8.0,40.91370513213879,10.081405782046517,19.579753637047457,-0.49377555015997737,0.9953031849963362,31.4333333,988.054442348889,0.9990480724184196,2.1972245773362196,-2675.457822111319,4732.066916815046,3322.51548331801,89.99408913382499,21.80140948635181,34.8
2024-12-02,55.2,70.7,41.2,19.6,5.0,1.7,3.9,12.149186136961415,31.4333333,119.4833333,8.0,46.2603090848284,10.056588931484434,19.42827255684646,-0.4635502709028512,0.9953031849963362,31.4333333,988.054442348889,0.9990480724184196,2.1972245773362196,-2675.457822111319,4732.066916815046,3322.51548331801,89.99408913382499,21.80140948635181,43.1
2024-12-03,54.5,70.7,44.8,23.5,3.8,3.6,3.9,52.60764162161944,31.4333333,119.4833333,8.0,45.621581071192956,10.045118767969091,19.358565937576646,-0.4482293417404106,0.9953031849963362,31.4333333,988.054442348889,0.9990480724184196,2.1972245773362196,-2675.457822111319,4732.066916815046,3322.51548331801,89.99408913382499,21.80140948635181,46.6
2024-12-04,50.5,59.5,46.4,23.2,4.4,2.7,3.9,8.557604326609587,31.4333333,119.4833333,8.0,42.22761146312333,10.034283912029307,19.2929205646066,-0.4327755925504317,0.9953031849963362,31.4333333,988.054442348889,0.9990480724184196,2.1972245773362196,-2675.457822111319,4732.066916815046,3322.51548331801,89.99408913382499,21.80140948635181,44.6
2024-12-05,47.0,56.5,42.6,23.0,2.2,1.2,1.9,-28.50362660996999,31.4333333,119.4833333,8.0,39.2610242276689,10.024091292170782,19.23136332873099,-0.41719360261231697,0.9953031849963362,31.4333333,988.054442348889,0.9990480724184196,2.1972245773362196,-2675.457822111319,4732.066916815046,3322.51548331801,89.99408913382499,21.80140948635181,42.3
2024-12-06,46.3,55.6,40.6,24.1,1.5,1.2,3.9,-12.011835766333377,31.4333333,119.4833333,8.0,38.63946236832274,10.01454748207069,19.17391945942736,-0.4014879892059737,0.9953031849963362,31.4333333,988.054442348889,0.9990480724184196,2.1972245773362196,-2675.457822111319,4732.066916815046,3322.51548331801,89.99408913382499,21.80140948635181,40.5
2024-12-07,45.3,55.6,37.9,29.6,4.7,1.7,3.9,83.0727212576171,31.4333333,119.4833333,8.0,37.77136154117656,10.005658686404388,19.120612529661983,-0.38566340624360745,0.9953031849963362,31.4333333,988.054442348889,0.9990480724184196,2.1972245773362196,-2675.457822111319,4732.066916815046,3322.51548331801,89.99408913382499,21.80140948635181,34.4
2024-12-08,38.4,52.9,31.1,30.7,8.7,1.7,3.9,7.053699336257858,31.4333333,119.4833333,8.0,31.99177832737039,9.997430727303248,19.071464460771516,-0.3697245428906732,0.9953031849963362,31.4333333,988.054442348889,0.9990480724184196,2.1972245773362196,-2675.457822111319,4732.066916815046,3322.51548331801,89.99408913382499,21.80140948635181,26.3
2024-12-09,44.7,50.0,31.1,24.9,5.3,1.9,3.9,-42.83128636598934,31.4333333,119.4833333,8.0,37.212262142347264,9.98986903150262,19.026495527321092,-0.3536761221763721,0.9953031849963362,31.4333333,988.054442348889,0.9990480724184196,2.1972245773362196,-2675.457822111319,4732.066916815046,3322.51548331801,89.99408913382499,21.80140948635181,34.5
2024-12-10,44.5,50.0,37.2,23.8,2.7,3.2,3.9,111.37191445163603,31.4333333,119.4833333,8.0,37.02021237596105,9.982978618236688,18.985724361843246,-0.33752289959411347,0.9953031849963362,31.4333333,988.054442348889,0.9990480724184196,2.1972245773362196,-2675.457822111319,4732.066916815046,3322.51548331801,89.99408913382499,21.80140948635181,41.0
2024-12-11,40.7,47.7,33.3,27.5,2.5,2.4,3.9,66.03774826186623,31.4333333,119.4833333,8.0,33.83785819824445,9.97676408793448,18.949167959367504,-0.32126966169236515,0.9953031849963362,31.4333333,988.054442348889,0.9990480724184196,2.1972245773362196,-2675.457822111319,4732.066916815046,3322.51548331801,89.99408913382499,21.80140948635181,36.0
2024-12-12,44.6,50.2,32.5,27.0,2.8,1.0,3.9,-96.01760802470028,31.4333333,119.4833333,8.0,37.059736723738595,9.971229611768232,18.916841681655303,-0.3049212246562894,0.9953031849963362,31.4333333,988.054442348889,0.9990480724184196,2.1972245773362196,-2675.457822111319,4732.066916815046,3322.51548331801,89.99408913382499,21.80140948635181,39.4
2024-12-13,43.6,50.4,36.7,30.3,2.9,4.4,7.8,221.0362872683229,31.4333333,119.4833333,8.0,36.21117675030406,9.966378922102034,18.888759261061548,-0.2884824328806098,0.9953031849963362,31.4333333,988.054442348889,0.9990480724184196,2.1972245773362196,-2675.457822111319,4732.066916815046,3322.51548331801,89.99408913382499,21.80140948635181,31.8
2024-12-14,37.9,50.4,30.2,33.1,5.2,3.6,5.8,48.51281888242461,31.4333333,119.4833333,8.0,31.463996668103423,9.962215303884989,18.864932803949873,-0.27195815753410524,0.9953031849963362,31.4333333,988.054442348889,0.9990480724184196,2.1972245773362196,-2675.457822111319,4732.066916815046,3322.51548331801,89.99408913382499,21.80140948635181,23.1
2024-12-15,39.1,49.8,30.2,28.4,6.3,2.4,5.8,-51.95672859594609,31.4333333,119.4833333,8.0,32.44889967106963,9.958741587029042,18.845372793596294,-0.2553532951161881,0.9953031849963362,31.4333333,988.054442348889,0.9990480724184196,2.1972245773362196,-2675.457822111319,4732.066916815046,3322.51548331801,89.99408913382499,21.80140948635181,22.2
2024-12-16,39.8,55.8,28.8,25.3,5.5,1.9,5.8,-33.19343085664392,31.4333333,119.4833333,8.0,33.02060113036119,9.955960139807395,18.83008809252292,-0.23867276600594997,0.9953031849963362,31.4333333,988.054442348889,0.9990480724184196,2.1972245773362196,-2675.457822111319,4732.066916815046,3322.51548331801,89.99408913382499,21.80140948635181,24.4
2024-12-17,41.5,57.0,28.2,27.2,4.0,1.2,3.9,44.60692013026265,31.4333333,119.4833333,8.0,34.42381031892892,9.953872863304749,18.8190859442112,-0.22192151300416674,0.9953031849963362,31.4333333,988.054442348889,0.9990480724184196,2.1972245773362196,-2675.457822111319,4732.066916815046,3322.51548331801,89.99408913382499,21.80140948635181,27.5
2024-12-18,37.5,57.0,29.8,33.7,7.1,2.6,3.9,64.31281060207155,31.4333333,119.4833333,8.0,31.10150370920582,9.952481186945862,18.812371974152576,-0.20510449986861926,0.9953031849963362,31.4333333,988.054442348889,0.9990480724184196,2.1972245773362196,-2675.457822111319,4732.066916815046,3322.51548331801,89.99408913382499,21.80140948635181,27.5
2024-12-19,36.0,45.9,28.4,29.8,8.4,1.0,1.9,-38.37253178797843,31.4333333,119.4833333,8.0,29.855358195371352,9.951786065123784,18.80995019020244,-0.1882267098432439,0.9953031849963362,31.4333333,988.054442348889,0.9990480724184196,2.1972245773362196,-2675.457822111319,4732.066916815046,3322.51548331801,89.99408913382499,21.80140948635181,26.7
2024-12-20,39.5,50.2,28.2,25.2,4.4,2.7,3.9,-32.35536189524421,31.4333333,119.4833333,8.0,32.75796875085731,9.951787974943992,18.811822982212142,-0.1712931441814778,0.9953031849963362,31.4333333,988.054442348889,0.9990480724184196,2.1972245773362196,-2675.457822111319,4732.066916815046,3322.51548331801,89.99408913382499,21.80140948635181,26.5
2024-12-21,38.1,50.2,30.4,31.7,7.1,2.7,3.9,-21.508219126406743,31.4333333,119.4833333,8.0,31.599145955427545,9.952486915095289,18.817991120922624,-0.154308820664281,0.9953031849963362,31.4333333,988.054442348889,0.9990480724184196,2.1972245773362196,-2675.457822111319,4732.066916815046,3322.51548331801,89.99408913382499,21.80140948635181,18.3
2024-12-22,38.3,48.2,28.4,31.4,5.4,1.9,3.9,27.59213983752442,31.4333333,119.4833333,8.0,31.769474678680556,9.953882405852916,18.82845375611212,-0.13727877211326517,0.9953031849963362,31.4333333,988.054442348889,0.9990480724184196,2.1972245773362196,-2675.457822111319,4732.066916815046,3322.51548331801,89.99408913382499,21.80140948635181,25.3
2024-12-23,42.0,45.9,31.3,30.1,6.2,2.2,3.9,-52.650429145767525,31.4333333,119.4833333,8.0,34.845907215748426,9.955973490213836,18.84320841399938,-0.12020804489935275,0.9953031849963362,31.4333333,988.054442348889,0.9990480724184196,2.1972245773362196,-2675.457822111319,4732.066916815046,3322.51548331801,89.99408913382499,21.80140948635181,30.5
2024-12-24,42.6,50.2,37.6,28.4,3.5,1.2,3.9,-72.40834845343133,31.4333333,119.4833333,8.0,35.35359351336358,9.958758736158755,18.862250993912962,-0.10310169744743544,0.9953031849963362,31.4333333,988.054442348889,0.9990480724184196,2.1972245773362196,-2675.457822111319,4732.066916815046,3322.51548331801,89.99408913382499,21.80140948635181,33.5
2024-12-25,43.6,52.0,37.6,27.9,2.1,1.0,3.9,41.93000197472005,31.4333333,119.4833333,8.0,36.196125005442155,9.96223624002995,18.885575764246024,-0.0859647987374467,0.9953031849963362,31.4333333,988.054442348889,0.9990480724184196,2.1972245773362196,-2675.457822111319,4732.066916815046,3322.51548331801,89.99408913382499,21.80140948635181,36.5
2024-12-26,41.7,52.0,30.9,31.4,3.2,1.9,3.9,62.00190801227911,31.4333333,119.4833333,8.0,34.633252617755225,9.966403631008697,18.91317535772493,-0.06880242680232064,0.9953031849963362,31.4333333,988.054442348889,0.9990480724184196,2.1972245773362196,-2675.457822111319,4732.066916815046,3322.51548331801,89.99408913382499,21.80140948635181,29.6
2024-12-27,40.5,51.8,30.6,33.0,6.1,2.9,3.9,11.715623478684533,31.4333333,119.4833333,8.0,33.65299600876413,9.971258076670853,18.945040766028807,-0.05161966722325418,0.9953031849963362,31.4333333,988.054442348889,0.9990480724184196,2.1972245773362196,-2675.457822111319,4732.066916815046,3322.51548331801,89.99408913382499,21.80140948635181,23.2
2024-12-28,34.3,48.7,24.3,31.8,5.3,2.2,3.9,-11.479735412222174,31.4333333,119.4833333,8.0,28.517009394423248,9.97679628959414,18.981161333805332,-0.034421611622745804,0.9953031849963362,31.4333333,988.054442348889,0.9990480724184196,2.1972245773362196,-2675.457822111319,4732.066916815046,3322.51548331801,89.99408913382499,21.80140948635181,16.7
2024-12-29,36.7,52.5,23.4,25.2,6.2,0.7,1.9,-2.8341725648296876,31.4333333,119.4833333,8.0,30.531386119498215,9.983014534985791,19.02152475213679,-0.01721335615583528,0.9953031849963362,31.4333333,988.054442348889,0.9990480724184196,2.1972245773362196,-2675.457822111319,4732.066916815046,3322.51548331801,89.99408913382499,21.80140948635181,19.8
2024-12-30,42.2,52.5,25.3,23.7,3.9,3.2,5.8,-6.002585785957741,31.4333333,119.4833333,8.0,35.13117871485305,9.989908639294706,19.066117051517583,6.432490598706546e-16,0.9953031849963362,31.4333333,988.054442348889,0.9990480724184196,2.1972245773362196,-2675.457822111319,4732.066916815046,3322.51548331801,89.99408913382499,21.80140948635181,25.5
2024-12-31,39.2,52.7,29.5,25.1,5.0,1.5,3.9,127.91871529892826,31.4333333,119.4833333,8.0,32.658415065908294,9.997473999767843,19.114922594412665,0.017213356155833904,0.9953031849963362,31.4333333,988.054442348889,0.9990480724184196,2.1972245773362196,-2675.457822111319,4732.066916815046,3322.51548331801,89.99408913382499,21.80140948635181,22.5
2025-01-01,41.7,54.1,29.3,22.1,3.9,2.4,4.5,11.3,31.4333333,119.4833333,8.0,34.741222149193256,9.997473999767843,19.114922594412665,0.017213356155834685,0.9953031849963362,31.4333333,988.054442348889,0.9990480724184196,2.1972245773362196,-2675.457822111319,4732.066916815046,3322.51548331801,89.99408913382499,21.80140948635181,31.7
2025-01-02,43.9,54.7,30.9,25.8,3.3,2.9,4.3,60.07718572281397,31.4333333,119.4833333,8.0,36.60420630136688,10.005705594906665,19.167924067472754,0.03442161162274574,0.9953031849963362,31.4333333,988.054442348889,0.9990480724184196,2.1972245773362196,-2675.457822111319,4732.066916815046,3322.51548331801,89.99408913382499,21.80140948635181,36.6
2025-01-03,42.7,54.7,33.3,27.8,3.1,2.2,3.7,-42.9922223016791,31.4333333,119.4833333,8.0,35.635277868301735,10.014597995775663,19.225102473489407,0.051619667223253764,0.9953031849963362,31.4333333,988.054442348889,0.9990480724184196,2.1972245773362196,-2675.457822111319,4732.066916815046,3322.51548331801,89.99408913382499,21.80140948635181,35.7
2025-01-04,46.6,53.2,37.2,24.3,2.9,3.6,6.0,14.4,31.4333333,119.4833333,8.0,38.92709788500058,10.024145378111736,19.28643712317854,0.06880242680231986,0.9953031849963362,31.4333333,988.054442348889,0.9990480724184196,2.1972245773362196,-2675.457822111319,4732.066916815046,3322.51548331801,89.99408913382499,21.80140948635181,39.1
2025-01-05,47.7,56.5,40.1,21.4,3.4,4.5,8.0,16.3,31.4333333,119.4833333,8.0,39.886507602341204,10.034341535180177,19.351905626887298,0.08596479873744647,0.9953031849963362,31.4333333,988.054442348889,0.9990480724184196,2.1972245773362196,-2675.457822111319,4732.066916815046,3322.51548331801,89.99408913382499,21.80140948635181,37.6
2025-01-06,43.2,56.5,34.5,26.0,6.5,2.4,5.1,16.3,31.4333333,119.4833333,8.0,36.16264760875363,10.045179891320451,19.42148388632337,0.10310169744743485,0.9953031849963362,31.4333333,988.054442348889,0.9990480724184196,2.1972245773362196,-2675.457822111319,4732.066916815046,3322.51548331801,89.99408913382499,21.80140948635181,25.4
2025-01-07,37.1,53.4,28.0,25.4,7.8,2.5,4.3,-6.638974296708845,31.4333333,119.4833333,8.0,31.091820454012968,10.056653516122793,19.495146086411168,0.1202080448993527,0.9953031849963362,31.4333333,988.054442348889,0.9990480724184196,2.1972245773362196,-2675.457822111319,4732.066916815046,3322.51548331801,89.99408913382499,21.80140948635181,21.8
2025-01-08,40.4,51.8,27.1,26.8,10.6,4.4,8.5,17.1,31.4333333,119.4833333,8.0,33.8981423018885,10.068755139174801,19.572864687382257,0.13727877211326478,0.9953031849963362,31.4333333,988.054442348889,0.9990480724184196,2.1972245773362196,-2675.457822111319,4732.066916815046,3322.51548331801,89.99408913382499,21.80140948635181,21.0
2025-01-09,33.8,51.8,27.0,35.9,16.1,4.6,7.2,17.1,31.4333333,119.4833333,8.0,28.39616068230651,10.08147716531592,19.65461041721133,0.15430882066428117,0.9953031849963362,31.4333333,988.054442348889,0.9990480724184196,2.1972245773362196,-2675.457822111319,4732.066916815046,3322.51548331801,89.99408913382499,21.80140948635181,14.1
2025-01-10,33.6,43.0,23.7,36.9,9.7,2.0,4.3,13.2,31.4333333,119.4833333,8.0,28.265472732942552,10.094811690336625,19.74035226451114,0.1712931441814776,0.9953031849963362,31.4333333,988.054442348889,0.9990480724184196,2.1972245773362196,-2675.457822111319,4732.066916815046,3322.51548331801,89.99408913382499,21.80140948635181,17.0
2025-01-11,36.6,45.7,25.9,30.3,7.9,3.7,5.4,15.3,31.4333333,119.4833333,8.0,30.831689077028848,10.108750517058638,19.830057472001915,0.1882267098432442,0.9953031849963362,31.4333333,988.054442348889,0.9990480724184196,2.1972245773362196,-2675.457822111319,4732.066916815046,3322.51548331801,89.99408913382499,21.80140948635181,18.2
2025-01-12,40.0,52.5,29.1,27.5,7.9,4.8,9.5,21.6,31.4333333,119.4833333,8.0,33.74428390577409,10.123285171732228,19.923691530671945,0.2051044998686192,0.9953031849963362,31.4333333,988.054442348889,0.9990480724184196,2.1972245773362196,-2675.457822111319,4732.066916815046,3322.51548331801,89.99408913382499,21.80140948635181,22.1
2025-01-13,45.4,61.3,28.4,24.3,5.3,2.6,4.9,12.6,31.4333333,119.4833333,8.0,38.35697284993226,10.138406920686942,20.02121817474682,0.2219215130041655,0.9953031849963362,31.4333333,988.054442348889,0.9990480724184196,2.1972245773362196,-2675.457822111319,4732.066916815046,3322.51548331801,89.99408913382499,21.80140948635181,29.3
2025-01-14,48.5,61.3,30.6,28.7,5.5,6.1,9.9,22.5,31.4333333,119.4833333,8.0,41.039514931489066,10.154106787172552,20.12259937758446,0.2386727660059501,0.9953031849963362,31.4333333,988.054442348889,0.9990480724184196,2.1972245773362196,-2675.457822111319,4732.066916815046,3322.51548331801,89.99408913382499,21.80140948635181,29.5
2025-01-15,33.6,61.2,24.4,34.6,13.1,4.0,6.8,22.5,31.4333333,119.4833333,8.0,28.47705159131842,10.170375568328007,20.227795348612812,0.255353295116187,0.9953031849963362,31.4333333,988.054442348889,0.9990480724184196,2.1972245773362196,-2675.457822111319,4732.066916815046,3322.51548331801,89.99408913382499,21.80140948635181,8.3
2025-01-16,34.8,47.3,23.7,29.7,9.9,3.5,7.2,14.0,31.4333333,119.4833333,8.0,29.54289117143023,10.187203852217323,20.33676453142545,0.2719581575341055,0.9953031849963362,31.4333333,988.054442348889,0.9990480724184196,2.1972245773362196,-2675.457822111319,4732.066916815046,3322.51548331801,89.99408913382499,21.80140948635181,16.2
2025-01-17,39.6,53.4,25.3,26.5,6.5,1.8,3.1,10.5,31.4333333,119.4833333,8.0,33.67512071508069,10.204582034872935,20.449463603148697,0.288482432880609,0.9953031849963362,31.4333333,988.054442348889,0.9990480724184196,2.1972245773362196,-2675.457822111319,4732.066916815046,3322.51548331801,89.99408913382499,21.80140948635181,21.5
2025-01-18,41.9,55.2,28.8,20.6,3.9,1.9,3.7,18.080836788724344,31.4333333,119.4833333,8.0,35.69356367770001,10.222500337288787,20.565847475191177,0.30492122465628907,0.9953031849963362,31.4333333,988.054442348889,0.9990480724184196,2.1972245773362196,-2675.457822111319,4732.066916815046,3322.51548331801,89.99408913382499,21.80140948635181,28.1
2025-01-19,43.8,60.3,31.1,18.3,3.9,2.9,6.0,14.0,31.4333333,119.4833333,8.0,37.37946320142254,10.240948822307546,20.68586929548391,0.3212696616923644,0.9953031849963362,31.4333333,988.054442348889,0.9990480724184196,2.1972245773362196,-2675.457822111319,4732.066916815046,3322.51548331801,89.99408913382499,21.80140948635181,29.0
2025-01-20,43.0,60.3,31.6,20.0,3.5,2.3,4.7,10.5,31.4333333,119.4833333,8.0,36.7647040573324,10.259917411348578,20.809480452315213,0.3375228995941133,0.9953031849963362,31.4333333,988.054442348889,0.9990480724184196,2.1972245773362196,-2675.457822111319,4732.066916815046,3322.51548331801,89.99408913382499,21.80140948635181,24.8
2025-01-21,48.1,58.3,30.9,20.0,2.1,4.3,6.0,11.7,31.4333333,119.4833333,8.0,41.20324523621112,10.27939590092585,20.936630579860907,0.3536761221763716,0.9953031849963362,31.4333333,988.054442348889,0.9990480724184196,2.1972245773362196,-2675.457822111319,4732.066916815046,3322.51548331801,89.99408913382499,21.80140948635181,34.3
2025-01-22,49.8,60.1,32.9,19.3,2.6,2.3,4.3,12.6,31.4333333,119.4833333,8.0,42.74240201246626,10.299373978907534,21.067267565505308,0.3697245428906731,0.9953031849963362,31.4333333,988.054442348889,0.9990480724184196,2.1972245773362196,-2675.457822111319,4732.066916815046,3322.51548331801,89.99408913382499,21.80140948635181,39.3
2025-01-23,49.8,60.1,42.3,21.0,2.7,4.3,6.2,12.2,31.4333333,119.4833333,8.0,42.827341147958656,10.319841240471966,21.201337559043903,0.38566340624360707,0.9953031849963362,31.4333333,988.054442348889,0.9990480724184196,2.1972245773362196,-2675.457822111319,4732.066916815046,3322.51548331801,89.99408913382499,21.80140948635181,46.2
2025-01-24,50.9,56.5,43.2,22.5,9.2,5.9,7.4,15.7,31.4333333,119.4833333,8.0,43.862172389101765,10.34078720371751,21.338784983852815,0.401487989205973,0.9953031849963362,31.4333333,988.054442348889,0.9990480724184196,2.1972245773362196,-2675.457822111319,4732.066916815046,3322.51548331801,89.99408913382499,21.80140948635181,42.1
2025-01-25,47.4,54.1,42.1,25.8,9.9,6.9,8.7,18.3,31.4333333,119.4833333,8.0,40.930695233303034,10.362201324886845,21.47955255010442,0.4171936026123168,0.9953031849963362,31.4333333,988.054442348889,0.9990480724184196,2.1972245773362196,-2675.457822111319,4732.066916815046,3322.51548331801,89.99408913382499,21.80140948635181,38.4
2025-01-26,38.8,51.3,32.7,27.8,5.2,7.7,11.5,25.3,31.4333333,119.4833333,8.0,33.57516940924781,10.384073013169427,21.62358127010227,0.4327755925504312,0.9953031849963362,31.4333333,988.054442348889,0.9990480724184196,2.1972245773362196,-2675.457822111319,4732.066916815046,3322.51548331801,89.99408913382499,21.80140948635181,32.1
2025-01-27,34.7,41.9,27.9,27.8,17.3,7.0,12.6,25.3,31.4333333,119.4833333,8.0,30.091815840266186,10.406391645048824,21.77081047580194,0.4482293417404106,0.9953031849963362,31.4333333,988.054442348889,0.9990480724184196,2.1972245773362196,-2675.457822111319,4732.066916815046,3322.51548331801,89.99408913382499,21.80140948635181,13.2
2025-01-28,35.3,44.8,24.8,29.4,9.0,5.6,11.8,22.7,31.4333333,119.4833333,8.0,30.67907285076851,10.429146578164934,21.921177838577513,0.4635502709028509,0.9953031849963362,31.4333333,988.054442348889,0.9990480724184196,2.1972245773362196,-2675.457822111319,4732.066916815046,3322.51548331801,89.99408913382499,21.80140948635181,15.9
2025-01-29,39.9,49.1,25.2,26.4,11.9,3.7,6.2,11.3,31.4333333,119.4833333,8.0,34.75398782250829,10.45232716466415,22.074619391286284,0.47873384011578846,0.9953031849963362,31.4333333,988.054442348889,0.9990480724184196,2.1972245773362196,-2675.457822111319,4732.066916815046,3322.51548331801,89.99408913382499,21.80140948635181,19.2
2025-01-30,48.0,58.1,28.9,20.1,7.8,3.1,4.5,10.1,31.4333333,119.4833333,8.0,41.90369105605463,10.475922764013658,22.231069552677234,0.49377555015997715,0.9953031849963362,31.4333333,988.054442348889,0.9990480724184196,2.1972245773362196,-2675.457822111319,4732.066916815046,3322.51548331801,89.99408913382499,21.80140948635181,33.5
2025-01-31,45.4,58.1,39.4,19.2,2.2,3.1,6.4,12.8,31.4333333,119.4833333,8.0,39.72470775739728,10.499922755259195,22.390461154180702,0.5086709438521044,0.9953031849963362,31.4333333,988.054442348889,0.9990480724184196,2.1972245773362196,-2675.457822111319,4732.066916815046,3322.51548331801,89.99408913382499,21.80140948635181,43.6
2025-02-01,43.9,46.6,38.7,22.0,6.9,5.8,8.0,16.1,31.4333333,119.4833333,8.0,38.501458040692015,10.524316548708523,22.55272546910983,0.5234156073655503,0.9953031849963362,31.4333333,988.054442348889,0.9990480724184196,2.1972245773362196,-2675.457822111319,4732.066916815046,3322.51548331801,89.99408913382499,21.80140948635181,40.1
2025-02-02,42.2,46.6,38.7,23.3,3.3,3.7,5.1,14.6,31.4333333,119.4833333,8.0,37.097645816207695,10.549093597025884,22.71779224429566,0.5380051715382996,0.9953031849963362,31.4333333,988.054442348889,0.9990480724184196,2.1972245773362196,-2675.457822111319,4732.066916815046,3322.51548331801,89.99408913382499,21.80140948635181,35.6
2025-02-03,40.8,47.5,32.2,27.7,5.3,3.4,6.4,16.9,31.4333333,119.4833333,8.0,35.952427579466644,10.574243405725484,22.885589734170672,0.5524353131676196,0.9953031849963362,31.4333333,988.054442348889,0.9990480724184196,2.1972245773362196,-2675.457822111319,4732.066916815046,3322.51548331801,89.99408913382499,21.80140948635181,27.0
2025-02-04,40.5,51.1,30.9,23.6,8.6,5.0,12.0,25.3,31.4333333,119.4833333,8.0,35.77417495781017,10.599755543054863,23.056044737306934,0.5667017562911176,0.9953031849963362,31.4333333,988.054442348889,0.9990480724184196,2.1972245773362196,-2675.457822111319,4732.066916815046,3322.51548331801,89.99408913382499,21.80140948635181,25.7
2025-02-05,40.2,52.3,28.9,23.7,12.1,5.8,13.4,26.6,31.4333333,119.4833333,8.0,35.595825825026154,10.62561964926154,23.229082635407448,0.5808002734538009,0.9953031849963362,31.4333333,988.054442348889,0.9990480724184196,2.1972245773362196,-2675.457822111319,4732.066916815046,3322.51548331801,89.99408913382499,21.80140948635181,20.7
2025-02-06,43.0,52.3,27.7,24.5,14.9,4.1,6.0,16.5,31.4333333,119.4833333,8.0,38.16904117877284,10.65182544523893,23.404627434741133,0.5947266869607634,0.9953031849963362,31.4333333,988.054442348889,0.9990480724184196,2.1972245773362196,-2675.457822111319,4732.066916815046,3322.51548331801,89.99408913382499,21.80140948635181,14.7
2025-02-07,29.5,50.0,22.1,36.0,16.2,9.2,13.6,32.1,31.4333333,119.4833333,8.0,26.250975070518273,10.678362740549806,23.58260181000388,0.6084768701151261,0.9953031849963362,31.4333333,988.054442348889,0.9990480724184196,2.1972245773362196,-2675.457822111319,4732.066916815046,3322.51548331801,89.99408913382499,21.80140948635181,3.6
2025-02-08,28.0,36.9,21.0,35.5,17.9,3.9,6.2,16.7,31.4333333,119.4833333,8.0,24.97885002859831,10.705221440827847,23.76292715058011,0.6220467484408675,0.9953031849963362,31.4333333,988.054442348889,0.9990480724184196,2.1972245773362196,-2675.457822111319,4732.066916815046,3322.51548331801,89.99408913382499,21.80140948635181,2.7
2025-02-09,33.9,41.9,20.3,29.6,14.6,2.3,4.1,11.7,31.4333333,119.4833333,8.0,30.31900614163184,10.732391554559943,23.945523609171676,0.6354323008901774,0.9953031849963362,31.4333333,988.054442348889,0.9990480724184196,2.1972245773362196,-2675.457822111319,4732.066916815046,3322.51548331801,89.99408913382499,21.80140948635181,12.2
2025-02-10,42.3,49.6,25.2,24.6,9.4,4.3,6.2,13.8,31.4333333,119.4833333,8.0,37.92851777736957,10.759863199253779,24.1303101527528,0.6486295610349814,0.9953031849963362,31.4333333,988.054442348889,0.9990480724184196,2.1972245773362196,-2675.457822111319,4732.066916815046,3322.51548331801,89.99408913382499,21.80140948635181,24.4
2025-02-11,45.9,50.0,34.2,19.1,5.9,4.1,6.6,13.2,31.4333333,119.4833333,8.0,41.26267177176399,10.787626606997122,24.317204615802442,0.6616346182422783,0.9953031849963362,31.4333333,988.054442348889,0.9990480724184196,2.1972245773362196,-2675.457822111319,4732.066916815046,3322.51548331801,89.99408913382499,21.80140948635181,37.9
2025-02-12,43.6,50.0,36.0,26.6,4.5,5.6,9.7,19.2,31.4333333,119.4833333,8.0,39.296942070214364,10.815672129416798,24.50612375575781,0.6744436188329455,0.9953031849963362,31.4333333,988.054442348889,0.9990480724184196,2.1972245773362196,-2675.457822111319,4732.066916815046,3322.51548331801,89.99408913382499,21.80140948635181,33.5
2025-02-13,42.5,49.6,32.5,25.4,6.2,3.3,5.4,13.0,31.4333333,119.4833333,8.0,38.40579877391625,10.843990242046942,24.696983310625466,0.6870527672236669,0.9953031849963362,31.4333333,988.054442348889,0.9990480724184196,2.1972245773362196,-2675.457822111319,4732.066916815046,3322.51548331801,89.99408913382499,21.80140948635181,29.5
2025-02-14,45.0,49.6,34.5,19.4,4.1,1.9,3.5,28.776012345348292,31.4333333,119.4833333,8.0,40.77214330544016,10.872571548117376,24.889698058679336,0.699458327051647,0.9953031849963362,31.4333333,988.054442348889,0.9990480724184196,2.1972245773362196,-2675.457822111319,4732.066916815046,3322.51548331801,89.99408913382499,21.80140948635181,38.3
2025-02-15,44.9,49.8,40.3,18.0,1.7,4.1,5.4,11.1,31.4333333,119.4833333,8.0,40.78943037513882,10.901406781774295,25.08418188016797,0.7116566222817746,0.9953031849963362,31.4333333,988.054442348889,0.9990480724184196,2.1972245773362196,-2675.457822111319,4732.066916815046,3322.51548331801,89.99408913382499,21.80140948635181,39.8
2025-02-16,49.6,60.8,38.7,23.6,4.7,6.4,10.9,23.7,31.4333333,119.4833333,8.0,45.17934548441854,10.93048681074642,25.280347820946893,0.7236440382959124,0.9953031849963362,31.4333333,988.054442348889,0.9990480724184196,2.1972245773362196,-2675.457822111319,4732.066916815046,3322.51548331801,89.99408913382499,21.80140948635181,32.8
2025-02-17,44.9,60.8,37.9,28.9,10.9,3.4,6.0,15.5,31.4333333,119.4833333,8.0,41.00792820561176,10.95980263847085,25.478108157945055,0.7354170229639855,0.9953031849963362,31.4333333,988.054442348889,0.9990480724184196,2.1972245773362196,-2675.457822111319,4732.066916815046,3322.51548331801,89.99408913382499,21.80140948635181,27.5
2025-02-18,45.7,53.2,38.1,27.9,11.2,4.1,6.4,13.6,31.4333333,119.4833333,8.0,41.851090420016305,10.989345405693559,25.67737446636872,0.7469720876965552,0.9953031849963362,31.4333333,988.054442348889,0.9990480724184196,2.1972245773362196,-2675.457822111319,4732.066916815046,3322.51548331801,89.99408913382499,21.80140948635181,27.5
2025-02-19,48.3,53.8,40.8,28.2,7.5,7.1,8.9,19.2,31.4333333,119.4833333,8.0,44.35190322603024,11.019106391560308,25.87805768853963,0.7583058084785624,0.9953031849963362,31.4333333,988.054442348889,0.9990480724184196,2.1972245773362196,-2675.457822111319,4732.066916815046,3322.51548331801,89.99408913382499,21.80140948635181,34.1
2025-02-20,43.2,53.8,39.9,30.3,7.2,5.4,7.0,17.9,31.4333333,119.4833333,8.0,39.776677251171144,11.049077014214207,26.08006820425933,0.7694148268839378,0.9953031849963362,31.4333333,988.054442348889,0.9990480724184196,2.1972245773362196,-2675.457822111319,4732.066916815046,3322.51548331801,89.99408913382499,21.80140948635181,35.4
2025-02-21,42.3,47.3,39.0,32.0,9.6,3.8,5.2,11.3,31.4333333,119.4833333,8.0,39.05435212898168,11.07924883091679,26.28331590258564,0.7802958510707755,0.9953031849963362,31.4333333,988.054442348889,0.9990480724184196,2.1972245773362196,-2675.457822111319,4732.066916815046,3322.51548331801,89.99408913382499,21.80140948635181,33.8
2025-02-22,42.2,47.5,39.0,33.3,3.9,3.6,7.4,14.6,31.4333333,119.4833333,8.0,39.06880760761244,11.109613537709699,26.48771025490265,0.7909456567567772,0.9953031849963362,31.4333333,988.054442348889,0.9990480724184196,2.1972245773362196,-2675.457822111319,4732.066916815046,3322.51548331801,89.99408913382499,21.80140948635181,34.6
2025-02-23,40.3,47.5,33.8,36.7,3.1,3.8,7.6,14.2,31.4333333,119.4833333,8.0,37.41238063633086,11.1401629686345,26.693160389160766,0.8013610881746766,0.9953031849963362,31.4333333,988.054442348889,0.9990480724184196,2.1972245773362196,-2675.457822111319,4732.066916815046,3322.51548331801,89.99408913382499,21.80140948635181,32.4
2025-02-24,42.4,48.2,31.8,33.4,7.8,3.0,4.7,11.5,31.4333333,119.4833333,8.0,39.470474800666445,11.170889094528238,26.89957516515926,0.8115390590073611,0.9953031849963362,31.4333333,988.054442348889,0.9990480724184196,2.1972245773362196,-2675.457822111319,4732.066916815046,3322.51548331801,89.99408913382499,21.80140948635181,20.5
2025-02-25,43.4,49.1,34.9,27.7,3.2,3.8,6.0,13.2,31.4333333,119.4833333,8.0,40.51311887744199,11.201784021412532,27.106863250739565,0.8214765533024142,0.9953031849963362,31.4333333,988.054442348889,0.9990480724184196,2.1972245773362196,-2675.457822111319,4732.066916815046,3322.51548331801,89.99408913382499,21.80140948635181,33.4
2025-02-26,49.8,58.3,38.7,22.6,3.0,3.3,6.8,15.7,31.4333333,119.4833333,8.0,46.616285952250074,11.232839988493994,27.314933198754147,0.8311706263658079,0.9953031849963362,31.4333333,988.054442348889,0.9990480724184196,2.1972245773362196,-2675.457822111319,4732.066916815046,3322.51548331801,89.99408913382499,21.80140948635181,36.7
2025-02-27,52.0,64.4,41.2,16.2,2.3,2.8,9.1,16.5,31.4333333,119.4833333,8.0,48.81088058510659,11.264049365793827,27.523693524672577,0.8406184056344782,0.9953031849963362,31.4333333,988.054442348889,0.9990480724184196,2.1972245773362196,-2675.457822111319,4732.066916815046,3322.51548331801,89.99408913382499,21.80140948635181,46.2
2025-02-28,60.6,70.0,44.8,14.1,2.9,4.0,6.8,13.8,31.4333333,119.4833333,8.0,57.041793489692296,11.295404651424217,27.733052784683462,0.8498170915275278,0.9953031849963362,31.4333333,988.054442348889,0.9990480724184196,2.1972245773362196,-2675.457822111319,4732.066916815046,3322.51548331801,89.99408913382499,21.80140948635181,52.7
2025-03-01,70.2,84.0,50.9,9.2,7.5,3.5,10.1,22.7,31.4333333,119.4833333,8.0,66.26235604089581,11.326898468529198,27.94291965414869,0.8587639582758029,0.9953031849963362,31.4333333,988.054442348889,0.9990480724184196,2.1972245773362196,-2675.457822111319,4732.066916815046,3322.51548331801,89.99408913382499,21.80140948635181,56.0
2025-03-02,63.1,86.9,46.6,8.7,7.6,6.2,13.8,31.9,31.4333333,119.4833333,8.0,59.72690306302913,11.358523561907282,28.15320300626425,0.8674563547295969,0.9953031849963362,31.4333333,988.054442348889,0.9990480724184196,2.1972245773362196,-2675.457822111319,4732.066916815046,3322.51548331801,89.99408913382499,21.80140948635181,52.9
2025-03-03,44.1,46.6,40.5,16.2,7.1,8.6,12.4,26.6,31.4333333,119.4833333,8.0,41.85925251917407,11.39027279433308,28.36381199078028,0.8758917051442429,0.9953031849963362,31.4333333,988.054442348889,0.9990480724184196,2.1972245773362196,-2675.457822111319,4732.066916815046,3322.51548331801,89.99408913382499,21.80140948635181,40.8
2025-03-04,40.9,46.9,39.4,21.7,3.2,5.8,8.7,22.7,31.4333333,119.4833333,8.0,38.9304575776773,11.422139142594807,28.574656112631693,0.8840675099433636,0.9953031849963362,31.4333333,988.054442348889,0.9990480724184196,2.1972245773362196,-2675.457822111319,4732.066916815046,3322.51548331801,89.99408913382499,21.80140948635181,37.3
2025-03-05,43.5,46.0,39.4,26.6,6.8,4.9,6.2,13.2,31.4333333,119.4833333,8.0,41.52116938808295,11.454115693264262,28.78564531033021,0.8919813464595485,0.9953031849963362,31.4333333,988.054442348889,0.9990480724184196,2.1972245773362196,-2675.457822111319,4732.066916815046,3322.51548331801,89.99408913382499,21.80140948635181,35.1
2025-03-06,45.0,52.9,37.6,30.9,6.1,4.4,6.8,17.1,31.4333333,119.4833333,8.0,43.07323364330869,11.486195638215651,28.99669003396775,0.8996308696522433,0.9953031849963362,31.4333333,988.054442348889,0.9990480724184196,2.1972245773362196,-2675.457822111319,4732.066916815046,3322.51548331801,89.99408913382499,21.80140948635181,33.1
2025-03-07,42.5,52.9,35.1,26.2,4.7,2.8,6.2,16.7,31.4333333,119.4833333,8.0,40.794235122595104,11.518372269909207,29.207701322681626,0.9070138128026359,0.9953031849963362,31.4333333,988.054442348889,0.9990480724184196,2.1972245773362196,-2675.457822111319,4732.066916815046,3322.51548331801,89.99408913382499,21.80140948635181,32.9
2025-03-08,48.7,57.0,35.1,26.2,3.1,3.8,5.4,13.2,31.4333333,119.4833333,8.0,46.876343179447524,11.550638976455241,29.418590881431914,0.9141279881853337,0.9953031849963362,31.4333333,988.054442348889,0.9990480724184196,2.1972245773362196,-2675.457822111319,4732.066916815046,3322.51548331801,89.99408913382499,21.80140948635181,35.2
2025-03-09,51.5,57.0,38.8,24.8,5.5,7.1,10.5,17.1,31.4333333,119.4833333,8.0,49.71032880653426,11.582989236474,29.629271156942668,0.9209712877166346,0.9953031849963362,31.4333333,988.054442348889,0.9990480724184196,2.1972245773362196,-2675.457822111319,4732.066916815046,3322.51548331801,89.99408913382499,21.80140948635181,42.1
2025-03-10,54.2,61.5,46.9,19.6,2.4,3.0,6.2,10.9,31.4333333,119.4833333,8.0,52.46296503884412,11.615416613766225,29.839655412659397,0.9275416835791966,0.9953031849963362,31.4333333,988.054442348889,0.9990480724184196,2.1972245773362196,-2675.457822111319,4732.066916815046,3322.51548331801,89.99408913382499,21.80140948635181,47.1
2025-03-11,61.2,67.6,48.7,15.2,2.6,3.8,5.6,11.7,31.4333333,119.4833333,8.0,59.404365234226276,11.647914751809074,30.049657802577396,0.9338372288229252,0.9953031849963362,31.4333333,988.054442348889,0.9990480724184196,2.1972245773362196,-2675.457822111319,4732.066916815046,3322.51548331801,89.99408913382499,21.80140948635181,53.2
2025-03-12,55.4,67.6,52.9,17.1,1.6,3.1,5.1,12.0,31.4333333,119.4833333,8.0,53.92487051602334,11.6804773680917,30.259193443796992,0.9398560579418954,0.9953031849963362,31.4333333,988.054442348889,0.9990480724184196,2.1972245773362196,-2675.457822111319,4732.066916815046,3322.51548331801,89.99408913382499,21.80140948635181,53.0
2025-03-13,51.3,59.7,48.6,20.4,8.5,5.8,7.2,16.1,31.4333333,119.4833333,8.0,50.07349501150132,11.713098248304403,30.468178487664574,0.9455963874271426,0.9953031849963362,31.4333333,988.054442348889,0.9990480724184196,2.1972245773362196,-2675.457822111319,4732.066916815046,3322.51548331801,89.99408913382499,21.80140948635181,41.7
2025-03-14,49.7,54.5,47.1,19.6,6.0,6.4,8.0,16.7,31.4333333,119.4833333,8.0,48.64706922063619,11.745771240395054,30.67653018936104,0.9510565162951535,0.9953031849963362,31.4333333,988.054442348889,0.9990480724184196,2.1972245773362196,-2675.457822111319,4732.066916815046,3322.51548331801,89.99408913382499,21.80140948635181,45.1
2025-03-15,47.4,54.0,46.6,23.5,3.7,4.7,5.6,16.7,31.4333333,119.4833333,8.0,46.52503648159904,11.778490248506087,30.884166975802355,0.9562348265919056,0.9953031849963362,31.4333333,988.054442348889,0.9990480724184196,2.1972245773362196,-2675.457822111319,4732.066916815046,3322.51548331801,89.99408913382499,21.80140948635181,44.4
2025-03-16,42.7,50.9,32.9,26.7,13.6,7.2,12.6,26.6,31.4333333,119.4833333,8.0,42.02836183204842,11.811249226805174,31.091008511720602,0.9611297838723007,0.9953031849963362,31.4333333,988.054442348889,0.9990480724184196,2.1972245773362196,-2675.457822111319,4732.066916815046,3322.51548331801,89.99408913382499,21.80140948635181,25.4
2025-03-17,49.6,56.3,32.9,22.6,13.9,6.7,10.5,20.6,31.4333333,119.4833333,8.0,48.95537431598582,11.844042173222375,31.296975763797754,0.9657399376548549,0.9953031849963362,31.4333333,988.054442348889,0.9990480724184196,2.1972245773362196,-2675.457822111319,4732.066916815046,3322.51548331801,89.99408913382499,21.80140948635181,25.7
2025-03-18,46.7,56.3,36.5,27.1,12.6,4.2,7.8,17.3,31.4333333,119.4833333,8.0,46.22079232075547,11.87686312310633,31.501991062728777,0.9700639218515071,0.9953031849963362,31.4333333,988.054442348889,0.9990480724184196,2.1972245773362196,-2675.457822111319,4732.066916815046,3322.51548331801,89.99408913382499,21.80140948635181,26.5
2025-03-19,49.5,59.7,36.3,26.4,7.3,2.5,4.5,11.7,31.4333333,119.4833333,8.0,49.12753783909911,11.909706142811906,31.705978163095274,0.9741004551724205,0.9953031849963362,31.4333333,988.054442348889,0.9990480724184196,2.1972245773362196,-2675.457822111319,4732.066916815046,3322.51548331801,89.99408913382499,21.80140948635181,33.4
2025-03-20,60.7,70.9,40.1,21.8,12.5,6.6,10.5,21.6,31.4333333,119.4833333,8.0,60.40947626001241,11.942565323231449,31.90886230093562,0.9778483415056568,0.9953031849963362,31.4333333,988.054442348889,0.9990480724184196,2.1972245773362196,-2675.457822111319,4732.066916815046,3322.51548331801,89.99408913382499,21.80140948635181,31.8
2025-03-21,62.9,76.6,50.4,19.0,15.9,6.6,13.2,24.9,31.4333333,119.4833333,8.0,62.771237269951705,11.975434773281725,32.110570248903265,0.9813064702716093,0.9953031849963362,31.4333333,988.054442348889,0.9990480724184196,2.1972245773362196,-2675.457822111319,4732.066916815046,3322.51548331801,89.99408913382499,21.80140948635181,33.2
2025-03-22,66.8,79.5,51.8,15.9,13.8,6.0,10.1,24.3,31.4333333,119.4833333,8.0,66.84625128102874,12.008308613358457,32.31103036890977,0.9844738167520922,0.9953031849963362,31.4333333,988.054442348889,0.9990480724184196,2.1972245773362196,-2675.457822111319,4732.066916815046,3322.51548331801,89.99408913382499,21.80140948635181,35.4
2025-03-23,67.1,79.5,53.8,11.7,11.8,5.7,9.7,25.8,31.4333333,119.4833333,8.0,67.3302702503738,12.041180968770277,32.51017266215576,0.9873494423939864,0.9953031849963362,31.4333333,988.054442348889,0.9990480724184196,2.1972245773362196,-2675.457822111319,4732.066916815046,3322.51548331801,89.99408913382499,21.80140948635181,45.1
2025-03-24,69.2,83.1,57.6,7.0,10.4,6.1,11.3,24.3,31.4333333,119.4833333,8.0,69.62699838757864,12.074045963163925,32.70792881645828,0.989932495087353,0.9953031849963362,31.4333333,988.054442348889,0.9990480724184196,2.1972245773362196,-2675.457822111319,4732.066916815046,3322.51548331801,89.99408913382499,21.80140948635181,44.3
2025-03-25,71.9,87.4,55.2,2.2,10.5,4.4,11.5,24.3,31.4333333,119.4833333,8.0,72.54049545744807,12.10689771195239,32.904232250790045,0.9922222094179323,0.9953031849963362,31.4333333,988.054442348889,0.9990480724184196,2.1972245773362196,-2675.457822111319,4732.066916815046,3322.51548331801,89.99408913382499,21.80140948635181,48.0
2025-03-26,79.1,94.5,56.8,997.0,6.7,4.9,13.4,32.4,31.4333333,119.4833333,8.0,80.0210556647035,12.1397303157578,33.09901815695227,0.994217906893952,0.9953031849963362,31.4333333,988.054442348889,0.9990480724184196,2.1972245773362196,-2675.457822111319,4732.066916815046,3322.51548331801,89.99408913382499,21.80140948635181,61.3
2025-03-27,57.3,67.5,47.1,12.5,7.6,7.6,12.2,32.4,31.4333333,119.4833333,8.0,58.12386825228106,12.17253785388085,33.29222353830965,0.995918996147179,0.9953031849963362,31.4333333,988.054442348889,0.9990480724184196,2.1972245773362196,-2675.457822111319,4732.066916815046,3322.51548331801,89.99408913382499,21.80140948635181,42.9
2025-03-28,45.9,67.8,42.6,24.0,8.1,6.1,8.4,22.1,31.4333333,119.4833333,8.0,46.685327495118074,12.205314377808648,33.48378724552302,0.9973249731081555,0.9953031849963362,31.4333333,988.054442348889,0.9990480724184196,2.1972245773362196,-2675.457822111319,4732.066916815046,3322.51548331801,89.99408913382499,21.80140948635181,38.9
2025-03-29,47.8,54.0,42.3,28.0,6.8,3.3,6.4,16.5,31.4333333,119.4833333,8.0,48.748248054012244,12.23805390477295,33.6736500092225,0.9984354211555643,0.9953031849963362,31.4333333,988.054442348889,0.9990480724184196,2.1972245773362196,-2675.457822111319,4732.066916815046,3322.51548331801,89.99408913382499,21.80140948635181,36.0
2025-03-30,48.5,54.5,41.9,28.3,12.1,3.7,8.5,15.0,31.4333333,119.4833333,8.0,49.594282912624195,12.270750411370935,33.8617544695708,0.9992500112396835,0.9953031849963362,31.4333333,988.054442348889,0.9990480724184196,2.1972245773362196,-2675.457822111319,4732.066916815046,3322.51548331801,89.99408913382499,21.80140948635181,32.3
2025-03-31,50.8,56.1,42.3,24.1,14.6,4.9,8.0,18.1,31.4333333,119.4833333,8.0,52.08438413540385,12.303397827260753,34.0480452026745,0.9997685019798909,0.9953031849963362,31.4333333,988.054442348889,0.9990480724184196,2.1972245773362196,-2675.457822111319,4732.066916815046,3322.51548331801,89.99408913382499,21.80140948635181,33.2
2025-04-01,53.0,61.7,43.3,20.4,10.2,3.0,5.1,11.7,31.4333333,119.4833333,8.0,54.4839559611709,12.335990028944355,34.232468743807715,0.9999907397361901,0.9953031849963362,31.4333333,988.054442348889,0.9990480724184196,2.1972245773362196,-2675.457822111319,4732.066916815046,3322.51548331801,89.99408913382499,21.80140948635181,37.0
2025-04-02,60.6,75.0,44.8,20.6,7.6,5.5,10.9,20.0,31.4333333,119.4833333,8.0,62.46103020993406,12.36852083365031,34.41497360742102,0.9999166586547379,0.9953031849963362,31.4333333,988.054442348889,0.9990480724184196,2.1972245773362196,-2675.457822111319,4732.066916815046,3322.51548331801,89.99408913382499,21.80140948635181,39.9
2025-04-03,57.5,75.0,48.6,19.8,12.2,3.3,6.6,13.2,31.4333333,119.4833333,8.0,59.421381634703835,12.400983993329497,34.59551030391538,0.9995462806873573,0.9953031849963362,31.4333333,988.054442348889,0.9990480724184196,2.1972245773362196,-2675.457822111319,4732.066916815046,3322.51548331801,89.99408913382499,21.80140948635181,35.5
2025-04-04,62.0,66.9,50.4,14.4,4.9,4.2,6.0,12.8,31.4333333,119.4833333,8.0,64.23909480868093,12.433373188776955,34.77403135316933,0.9988797155850336,0.9953031849963362,31.4333333,988.054442348889,0.9990480724184196,2.1972245773362196,-2675.457822111319,4732.066916815046,3322.51548331801,89.99408913382499,21.80140948635181,50.0
2025-04-05,64.7,75.7,51.3,14.5,7.1,4.6,10.3,22.5,31.4333333,119.4833333,8.0,67.21080224549142,12.465682023893308,34.950491294814526,0.9979171608653922,0.9953031849963362,31.4333333,988.054442348889,0.9990480724184196,2.1972245773362196,-2675.457822111319,4732.066916815046,3322.51548331801,89.99408913382499,21.80140948635181,44.2
2025-04-06,65.5,79.3,50.9,15.8,7.6,3.3,6.6,15.0,31.4333333,119.4833333,8.0,68.21772610971051,12.497904020099636,35.12484669526299,0.9966589017541702,0.9953031849963362,31.4333333,988.054442348889,0.9990480724184196,2.1972245773362196,-2675.457822111319,4732.066916815046,3322.51548331801,89.99408913382499,21.80140948635181,42.3
2025-04-07,69.6,81.7,52.9,14.1,5.9,2.0,3.1,11.1,31.4333333,119.4833333,8.0,72.67418914333523,12.530032610919868,35.29705615149696,0.9951053111006976,0.9953031849963362,31.4333333,988.054442348889,0.9990480724184196,2.1972245773362196,-2675.457822111319,4732.066916815046,3322.51548331801,89.99408913382499,21.80140948635181,52.9
2025-04-08,72.4,84.9,56.8,12.4,8.0,2.0,4.3,11.1,31.4333333,119.4833333,8.0,75.79110219169588,12.562061136745173,35.467080291639704,0.9932568492674143,0.9953031849963362,31.4333333,988.054442348889,0.9990480724184196,2.1972245773362196,-2675.457822111319,4732.066916815046,3322.51548331801,89.99408913382499,21.80140948635181,54.1
2025-04-09,74.2,84.9,60.6,7.9,5.9,4.0,8.9,15.7,31.4333333,119.4833333,8.0,77.87279389273331,12.593982839795144,35.63488177233305,0.9911140639934547,0.9953031849963362,31.4333333,988.054442348889,0.9990480724184196,2.1972245773362196,-2675.457822111319,4732.066916815046,3322.51548331801,89.99408913382499,21.80140948635181,58.5
2025-04-10,71.9,84.9,61.3,6.5,6.7,3.9,8.0,25.8,31.4333333,119.4833333,8.0,75.64953023191799,12.625790859290904,35.800425272955415,0.9886775902323405,0.9953031849963362,31.4333333,988.054442348889,0.9990480724184196,2.1972245773362196,-2675.457822111319,4732.066916815046,3322.51548331801,89.99408913382499,21.80140948635181,55.8
2025-04-11,73.8,83.3,61.2,3.5,4.4,3.6,5.6,14.2,31.4333333,119.4833333,8.0,77.84349109516214,12.657478226855632,35.96367748672031,0.9859481499638304,0.9953031849963362,31.4333333,988.054442348889,0.9990480724184196,2.1972245773362196,-2675.457822111319,4732.066916815046,3322.51548331801,89.99408913382499,21.80140948635181,62.6
2025-04-12,56.0,81.7,47.7,12.4,6.6,11.1,15.7,34.2,31.4333333,119.4833333,8.0,59.21551002340554,12.689037862158331,36.124607108703664,0.9829265519799822,0.9953031849963362,31.4333333,988.054442348889,0.9990480724184196,2.1972245773362196,-2675.457822111319,4732.066916815046,3322.51548331801,89.99408913382499,21.80140948635181,33.1
2025-04-13,65.2,73.0,47.7,6.2,10.8,11.5,15.3,30.7,31.4333333,119.4833333,8.0,69.11451329057219,12.720462568816968,36.28318482085421,0.9796136916454901,0.9953031849963362,31.4333333,988.054442348889,0.9990480724184196,2.1972245773362196,-2675.457822111319,4732.066916815046,3322.51548331801,89.99408913382499,21.80140948635181,31.8
2025-04-14,63.5,73.2,51.8,9.9,16.8,8.7,17.1,35.2,31.4333333,119.4833333,8.0,67.47798412013927,12.7517450305775,36.4393832740486,0.9760105506323683,0.9953031849963362,31.4333333,988.054442348889,0.9990480724184196,2.1972245773362196,-2675.457822111319,4732.066916815046,3322.51548331801,89.99408913382499,21.80140948635181,35.2
2025-04-15,67.3,81.1,51.8,10.3,15.4,3.7,7.0,15.0,31.4333333,119.4833333,8.0,71.69063970533047,12.782877807785523,36.59317706725927,0.9721181966290613,0.9953031849963362,31.4333333,988.054442348889,0.9990480724184196,2.1972245773362196,-2675.457822111319,4732.066916815046,3322.51548331801,89.99408913382499,21.80140948635181,44.1
2025-04-16,77.0,89.1,55.2,4.6,16.6,5.1,9.1,21.2,31.4333333,119.4833333,8.0,82.2222255609088,12.813853334167606,36.744542723909085,0.9679377830240642,0.9953031849963362,31.4333333,988.054442348889,0.9990480724184196,2.1972245773362196,-2675.457822111319,4732.066916815046,3322.51548331801,89.99408913382499,21.80140948635181,47.4
2025-04-17,74.5,89.1,63.3,5.0,12.0,4.0,8.5,20.2,31.4333333,119.4833333,8.0,79.74395513237474,12.844663913939556,36.89345866549367,0.9634705485641488,0.9953031849963362,31.4333333,988.054442348889,0.9990480724184196,2.1972245773362196,-2675.457822111319,4732.066916815046,3322.51548331801,89.99408913382499,21.80140948635181,56.8
2025-04-18,75.9,85.5,63.0,5.8,7.1,2.8,5.8,16.1,31.4333333,119.4833333,8.0,81.4362833743142,12.875301719259161,37.039905182557014,0.9587178169872964,0.9953031849963362,31.4333333,988.054442348889,0.9990480724184196,2.1972245773362196,-2675.457822111319,4732.066916815046,3322.51548331801,89.99408913382499,21.80140948635181,62.2
2025-04-19,73.2,86.9,59.0,7.1,4.6,4.8,8.5,18.6,31.4333333,119.4833333,8.0,78.72512860705012,12.905758788041002,37.18386440311252,0.9536809966304457,0.9953031849963362,31.4333333,988.054442348889,0.9990480724184196,2.1972245773362196,-2675.457822111319,4732.066916815046,3322.51548331801,89.99408913382499,21.80140948635181,60.6
2025-04-20,70.1,86.9,58.5,11.3,9.2,4.5,5.8,17.1,31.4333333,119.4833333,8.0,75.56795785439937,12.936027022151105,37.3253202586061,0.9483615800121715,0.9953031849963362,31.4333333,988.054442348889,0.9990480724184196,2.1972245773362196,-2675.457822111319,4732.066916815046,3322.51548331801,89.99408913382499,21.80140948635181,53.5
2025-04-21,68.6,79.5,64.2,5.5,1.7,3.5,6.0,15.3,31.4333333,119.4833333,8.0,74.12286129662925,12.96609818599929,37.464258447523115,0.9427611433904207,0.9953031849963362,31.4333333,988.054442348889,0.9990480724184196,2.1972245773362196,-2675.457822111319,4732.066916815046,3322.51548331801,89.99408913382499,21.80140948635181,65.7
2025-04-22,65.8,71.6,61.2,9.9,3.9,5.0,8.5,20.2,31.4333333,119.4833333,8.0,71.26120208208236,12.995963905546937,37.60066639674572,0.9368813462954315,0.9953031849963362,31.4333333,988.054442348889,0.9990480724184196,2.1972245773362196,-2675.457822111319,4732.066916815046,3322.51548331801,89.99408913382499,21.80140948635181,58.5
2025-04-23,68.2,78.1,59.2,9.6,6.8,4.1,6.0,12.8,31.4333333,119.4833333,8.0,74.02891571170107,13.025615667747989,37.73453322077082,0.9307239310379795,0.9953031849963362,31.4333333,988.054442348889,0.9990480724184196,2.1972245773362196,-2675.457822111319,4732.066916815046,3322.51548331801,89.99408913382499,21.80140948635181,55.9
2025-04-24,67.0,78.1,58.5,13.3,8.9,4.3,11.8,20.4,31.4333333,119.4833333,8.0,72.89066691412697,13.055044820440653,37.86584967890311,0.9242907221930933,0.9953031849963362,31.4333333,988.054442348889,0.9990480724184196,2.1972245773362196,-2675.457822111319,4732.066916815046,3322.51548331801,89.99408913382499,21.80140948635181,53.4
2025-04-25,65.2,75.7,54.9,17.8,15.5,4.1,6.0,20.4,31.4333333,119.4833333,8.0,71.09105131170931,13.084242572707232,37.99460813054105,0.9175836260593937,0.9953031849963362,31.4333333,988.054442348889,0.9990480724184196,2.1972245773362196,-2675.457822111319,4732.066916815046,3322.51548331801,89.99408913382499,21.80140948635181,39.9
2025-04-26,69.0,77.4,52.3,15.6,17.1,5.5,8.2,17.3,31.4333333,119.4833333,8.0,75.40089997538415,13.11319999571898,38.12080248867667,0.9106046300942162,0.9953031849963362,31.4333333,988.054442348889,0.9990480724184196,2.1972245773362196,-2675.457822111319,4732.066916815046,3322.51548331801,89.99408913382499,21.80140948635181,44.7
2025-04-27,70.0,78.4,62.4,11.1,8.4,2.6,4.1,14.0,31.4333333,119.4833333,8.0,76.66113014048184,13.141908024082603,38.24442817173263,0.9033558023246845,0.9953031849963362,31.4333333,988.054442348889,0.9990480724184196,2.1972245773362196,-2675.457822111319,4732.066916815046,3322.51548331801,89.99408913382499,21.80140948635181,55.5
2025-04-28,69.1,79.9,58.8,14.2,8.9,3.1,6.4,14.0,31.4333333,119.4833333,8.0,75.83930836061437,13.170357457704377,38.36548205386266,0.895839290734909,0.9953031849963362,31.4333333,988.054442348889,0.9990480724184196,2.1972245773362196,-2675.457822111319,4732.066916815046,3322.51548331801,89.99408913382499,21.80140948635181,52.2
2025-04-29,74.2,85.1,58.6,11.3,9.3,2.5,5.2,13.4,31.4333333,119.4833333,8.0,81.61096592855813,13.198538964187298,38.483962413842875,0.8880573226294932,0.9953031849963362,31.4333333,988.054442348889,0.9990480724184196,2.1972245773362196,-2675.457822111319,4732.066916815046,3322.51548331801,89.99408913382499,21.80140948635181,53.1
2025-04-30,77.0,86.9,63.3,7.8,13.1,6.6,8.9,18.5,31.4333333,119.4833333,8.0,84.86967644139492,13.22644308177583,38.59986888268332,0.8800122039735357,0.9953031849963362,31.4333333,988.054442348889,0.9990480724184196,2.1972245773362196,-2675.457822111319,4732.066916815046,3322.51548331801,89.99408913382499,21.80140948635181,57.7
2025-05-01,73.2,86.9,60.4,10.4,11.2,5.1,12.8,26.0,31.4333333,119.4833333,8.0,80.84976735945784,13.254060222861941,38.71320239008998,0.8717063187093218,0.9953031849963362,31.4333333,988.054442348889,0.9990480724184196,2.1972245773362196,-2675.457822111319,4732.066916815046,3322.51548331801,89.99408913382499,21.80140948635181,52.4
2025-05-02,79.7,91.2,60.4,6.1,15.8,4.1,8.5,17.1,31.4333333,119.4833333,8.0,88.21050333681616,13.281380678065167,38.823965109908286,0.8631421280499114,0.9953031849963362,31.4333333,988.054442348889,0.9990480724184196,2.1972245773362196,-2675.457822111319,4732.066916815046,3322.51548331801,89.99408913382499,21.80140948635181,55.2
2025-05-03,70.8,91.2,62.6,12.2,15.2,6.7,12.6,22.5,31.4333333,119.4833333,8.0,78.51952826329926,13.308394620898179,38.93216040467904,0.854322169749827,0.9953031849963362,31.4333333,988.054442348889,0.9990480724184196,2.1972245773362196,-2675.457822111319,4732.066916815046,3322.51548331801,89.99408913382499,21.80140948635181,48.3
2025-05-04,68.2,78.6,62.4,9.2,16.2,7.1,9.7,13.2,31.4333333,119.4833333,8.0,75.78777350904305,13.335092113028102,39.037792769438006,0.8452490573530633,0.9953031849963362,31.4333333,988.054442348889,0.9990480724184196,2.1972245773362196,-2675.457822111319,4732.066916815046,3322.51548331801,89.99408913382499,21.80140948635181,47.2
2025-05-05,64.3,73.9,60.1,5.6,3.5,3.2,7.8,12.26634103157538,31.4333333,119.4833333,8.0,71.59517316517959,13.361463110142381,39.14086777488935,0.8359254794186372,0.9953031849963362,31.4333333,988.054442348889,0.9990480724184196,2.1972245773362196,-2675.457822111319,4732.066916815046,3322.51548331801,89.99408913382499,21.80140948635181,60.1
2025-05-06,71.6,81.7,59.9,9.6,7.6,6.3,11.7,81.33045678669187,31.4333333,119.4833333,8.0,79.87873489494423,13.387497468426407,39.241392010082485,0.8263541987239096,0.9953031849963362,31.4333333,988.054442348889,0.9990480724184196,2.1972245773362196,-2675.457822111319,4732.066916815046,3322.51548331801,89.99408913382499,21.80140948635181,52.5
2025-05-07,72.1,81.7,61.5,10.3,9.7,6.1,7.8,66.50899844173567,31.4333333,119.4833333,8.0,80.59088625121409,13.413184951658378,39.339373024720096,0.8165380514459161,0.9953031849963362,31.4333333,988.054442348889,0.9990480724184196,2.1972245773362196,-2675.457822111319,4732.066916815046,3322.51548331801,89.99408913382499,21.80140948635181,55.0
2025-05-08,68.2,80.8,65.1,2.6,5.0,6.8,9.7,22.41189726493922,31.4333333,119.4833333,8.0,76.37556160789052,13.438515238925017,39.43481927122394,0.8064799463209448,0.9953031849963362,31.4333333,988.054442348889,0.9990480724184196,2.1972245773362196,-2675.457822111319,4732.066916815046,3322.51548331801,89.99408913382499,21.80140948635181,64.7
2025-05-09,69.5,76.3,63.9,6.6,15.8,8.0,11.7,94.57908799338452,31.4333333,119.4833333,8.0,77.97597636172517,13.46347793295974,39.52774004668207,0.7961828637826158,0.9953031849963362,31.4333333,988.054442348889,0.9990480724184196,2.1972245773362196,-2675.457822111319,4732.066916815046,3322.51548331801,89.99408913382499,21.80140948635181,59.1
2025-05-10,66.0,76.3,59.4,12.6,17.0,8.7,15.0,28.0,31.4333333,119.4833333,8.0,74.1843441300648,13.488062569102693,39.61814543479946,0.7856498550787147,0.9953031849963362,31.4333333,988.054442348889,0.9990480724184196,2.1972245773362196,-2675.457822111319,4732.066916815046,3322.51548331801,89.99408913382499,21.80140948635181,49.6
2025-05-11,68.7,80.6,58.5,8.9,14.4,5.6,10.3,22.0,31.4333333,119.4833333,8.0,77.35768062743684,13.512258624879797,39.706046247970306,0.7748840413670407,0.9953031849963362,31.4333333,988.054442348889,0.9990480724184196,2.1972245773362196,-2675.457822111319,4732.066916815046,3322.51548331801,89.99408913382499,21.80140948635181,48.4
2025-05-12,74.0,87.1,58.5,8.7,16.1,3.6,7.8,17.1,31.4333333,119.4833333,8.0,83.47234243620561,13.536055530195505,39.79145396958797,0.7638886127905428,0.9953031849963362,31.4333333,988.054442348889,0.9990480724184196,2.1972245773362196,-2675.457822111319,4732.066916815046,3322.51548331801,89.99408913382499,21.80140948635181,49.0
2025-05-13,76.7,87.4,59.9,8.8,9.5,3.1,6.6,16.9,31.4333333,119.4833333,8.0,86.66743778438972,13.559442678131376,39.874380696704016,0.7526668275320085,0.9953031849963362,31.4333333,988.054442348889,0.9990480724184196,2.1972245773362196,-2675.457822111319,4732.066916815046,3322.51548331801,89.99408913382499,21.80140948635181,57.3
2025-05-14,83.1,93.6,66.9,9.7,11.2,3.5,8.5,17.1,31.4333333,119.4833333,8.0,94.05818534665406,13.582409436339939,39.95483908314501,0.7412220108485958,0.9953031849963362,31.4333333,988.054442348889,0.9990480724184196,2.1972245773362196,-2675.457822111319,4732.066916815046,3322.51548331801,89.99408913382499,21.80140948635181,62.5
2025-05-15,72.9,93.6,68.5,10.6,1.5,2.4,4.5,59.5228368020902,31.4333333,119.4833333,8.0,82.65004184104943,13.60494515902048,40.032842283190796,0.7295575540864875,0.9953031849963362,31.4333333,988.054442348889,0.9990480724184196,2.1972245773362196,-2675.457822111319,4732.066916815046,3322.51548331801,89.99408913382499,21.80140948635181,68.4
2025-05-16,68.8,81.0,65.7,8.2,3.8,2.7,5.6,12.6,31.4333333,119.4833333,8.0,78.12835807690693,13.627039199460514,40.108403895914094,0.717676913675962,0.9953031849963362,31.4333333,988.054442348889,0.9990480724184196,2.1972245773362196,-2675.457822111319,4732.066916815046,3322.51548331801,89.99408913382499,21.80140948635181,65.7
2025-05-17,78.8,90.5,65.8,9.1,13.3,5.0,8.2,23.1,31.4333333,119.4833333,8.0,89.62633806184593,13.648680923123747,40.181537910276525,0.705583610107178,0.9953031849963362,31.4333333,988.054442348889,0.9990480724184196,2.1972245773362196,-2675.457822111319,4732.066916815046,3322.51548331801,89.99408913382499,21.80140948635181,63.7
2025-05-18,71.4,90.5,66.2,9.0,7.8,3.3,5.4,23.1,31.4333333,119.4833333,8.0,81.33566534151028,13.669859721262231,40.25225865107167,0.6932812268869777,0.9953031849963362,31.4333333,988.054442348889,0.9990480724184196,2.1972245773362196,-2675.457822111319,4732.066916815046,3322.51548331801,89.99408913382499,21.80140948635181,59.5
2025-05-19,81.3,94.3,66.2,4.0,6.9,1.9,2.9,10.5,31.4333333,119.4833333,8.0,92.75357804456033,13.690565025027356,40.320580725800205,0.6807734094770161,0.9953031849963362,31.4333333,988.054442348889,0.9990480724184196,2.1972245773362196,-2675.457822111319,4732.066916815046,3322.51548331801,89.99408913382499,21.80140948635181,67.4
2025-05-20,79.1,94.3,72.9,3.2,15.1,3.3,5.2,18.6,31.4333333,119.4833333,8.0,90.37693315967091,13.710786320051213,40.38651897255777,0.6680638642135335,0.9953031849963362,31.4333333,988.054442348889,0.9990480724184196,2.1972245773362196,-2675.457822111319,4732.066916815046,3322.51548331801,89.99408913382499,21.80140948635181,72.1
2025-05-21,79.8,90.0,72.9,5.1,11.7,2.2,5.2,11.3,31.4333333,119.4833333,8.0,91.30791252375295,13.73051316146661,40.450088409010455,0.6551563572090853,0.9953031849963362,31.4333333,988.054442348889,0.9990480724184196,2.1972245773362196,-2675.457822111319,4732.066916815046,3322.51548331801,89.99408913382499,21.80140948635181,73.5
2025-05-22,81.7,90.1,72.9,4.2,5.9,5.3,8.4,16.7,31.4333333,119.4833333,8.0,93.61278041402862,13.749735189331009,40.511304182527965,0.6420547132365637,0.9953031849963362,31.4333333,988.054442348889,0.9990480724184196,2.1972245773362196,-2675.457822111319,4732.066916815046,3322.51548331801,89.99408913382499,21.80140948635181,72.4
2025-05-23,65.9,90.1,61.3,8.5,4.7,7.5,10.9,24.9,31.4333333,119.4833333,8.0,75.6116947764203,13.768442144416442,40.57018152153857,0.6287628145958344,0.9953031849963362,31.4333333,988.054442348889,0.9990480724184196,2.1972245773362196,-2675.457822111319,4732.066916815046,3322.51548331801,89.99408913382499,21.80140948635181,61.4
2025-05-24,68.7,76.1,61.0,14.5,7.9,4.1,7.4,16.5,31.4333333,119.4833333,8.0,78.92842173775756,13.786623884324463,40.626735688165205,0.6152845999633276,0.9953031849963362,31.4333333,988.054442348889,0.9990480724184196,2.1972245773362196,-2675.457822111319,4732.066916815046,3322.51548331801,89.99408913382499,21.80140948635181,54.1
2025-05-25,71.1,82.0,59.7,16.3,8.3,2.8,5.8,13.2,31.4333333,119.4833333,8.0,81.79030211930173,13.80427039988215,40.68098193219619,0.6016240632249226,0.9953031849963362,31.4333333,988.054442348889,0.9990480724184196,2.1972245773362196,-2675.457822111319,4732.066916815046,3322.51548331801,89.99408913382499,21.80140948635181,51.2
2025-05-26,74.1,83.7,59.5,15.6,11.4,4.8,8.4,15.7,31.4333333,119.4833333,8.0,85.34697106119458,13.821371831772403,40.73293544643905,0.5877852522924732,0.9953031849963362,31.4333333,988.054442348889,0.9990480724184196,2.1972245773362196,-2675.457822111319,4732.066916815046,3322.51548331801,89.99408913382499,21.80140948635181,52.3
2025-05-27,74.6,83.7,66.6,14.7,10.5,4.4,5.8,13.4,31.4333333,119.4833333,8.0,86.0257265963525,13.837918487348928,40.78261132350033,0.5737722679043246,0.9953031849963362,31.4333333,988.054442348889,0.9990480724184196,2.1972245773362196,-2675.457822111319,4732.066916815046,3322.51548331801,89.99408913382499,21.80140948635181,60.8
2025-05-28,71.0,80.6,63.5,13.2,7.3,4.2,6.2,13.8,31.4333333,119.4833333,8.0,81.96891340737064,13.853900857583769,40.83002451402946,0.5595892624101765,0.9953031849963362,31.4333333,988.054442348889,0.9990480724184196,2.1972245773362196,-2675.457822111319,4732.066916815046,3322.51548331801,89.99408913382499,21.80140948635181,62.5
2025-05-29,73.4,82.0,63.3,12.8,10.3,3.2,4.7,11.7,31.4333333,119.4833333,8.0,84.833943928535,13.869309634092916,40.8751897864593,0.545240438540651,0.9953031849963362,31.4333333,988.054442348889,0.9990480724184196,2.1972245773362196,-2675.457822111319,4732.066916815046,3322.51548331801,89.99408913382499,21.80140948635181,57.0
2025-05-30,77.4,85.8,63.9,10.2,10.2,4.9,6.8,15.3,31.4333333,119.4833333,8.0,89.55267543388166,13.884135726183201,40.918121688271626,0.5307300481619334,0.9953031849963362,31.4333333,988.054442348889,0.9990480724184196,2.1972245773362196,-2675.457822111319,4732.066916815046,3322.51548331801,89.99408913382499,21.80140948635181,54.7
2025-05-31,70.7,85.8,63.9,4.9,4.5,4.3,6.2,15.3,31.4333333,119.4833333,8.0,81.88456488706964,13.89837027786189,40.95883450881049,0.5160623910158528,0.9953031849963362,31.4333333,988.054442348889,0.9990480724184196,2.1972245773362196,-2675.457822111319,4732.066916815046,3322.51548331801,89.99408913382499,21.80140948635181,62.2
2025-06-01,67.5,81.7,63.9,1.6,5.0,4.7,7.0,15.3,31.4333333,119.4833333,8.0,78.25502635171121,13.91200468474866,40.99734224366254,0.5012418134457758,0.9953031849963362,31.4333333,988.054442348889,0.9990480724184196,2.1972245773362196,-2675.457822111319,4732.066916815046,3322.51548331801,89.99408913382499,21.80140948635181,65.8
2025-06-02,67.4,72.0,63.0,3.4,7.8,4.0,6.6,16.1,31.4333333,119.4833333,8.0,78.21225526415184,13.92503061082822,41.03365856061867,0.48627270710868997,0.9953031849963362,31.4333333,988.054442348889,0.9990480724184196,2.1972245773362196,-2675.457822111319,4732.066916815046,3322.51548331801,89.99408913382499,21.80140948635181,63.9
2025-06-03,75.0,84.6,62.8,6.5,6.3,3.1,6.8,10.7,31.4333333,119.4833333,8.0,87.10900003113058,13.937440004980893,41.067796767227705,0.4711595076738638,0.9953031849963362,31.4333333,988.054442348889,0.9990480724184196,2.1972245773362196,-2675.457822111319,4732.066916815046,3322.51548331801,89.99408913382499,21.80140948635181,65.1
2025-06-04,79.4,88.9,68.4,8.6,7.2,2.4,4.5,13.0,31.4333333,119.4833333,8.0,92.29737285898935,13.949225117227607,41.09976977994911,0.4559066935084588,0.9953031849963362,31.4333333,988.054442348889,0.9990480724184196,2.1972245773362196,-2675.457822111319,4732.066916815046,3322.51548331801,89.99408913382499,21.80140948635181,65.8
2025-06-05,83.2,94.1,69.6,6.4,15.2,3.8,7.8,17.5,31.4333333,119.4833333,8.0,96.7919577014035,13.960378514625503,41.129590094907996,0.440518784350495,0.9953031849963362,31.4333333,988.054442348889,0.9990480724184196,2.1972245773362196,-2675.457822111319,4732.066916815046,3322.51548331801,89.99408913382499,21.80140948635181,59.7
2025-06-06,86.4,94.1,72.3,3.6,14.0,3.1,6.2,16.1,31.4333333,119.4833333,8.0,100.59043029660185,13.970893096750258,41.157269760253314,0.42500033996955416,0.9953031849963362,31.4333333,988.054442348889,0.9990480724184196,2.1972245773362196,-2675.457822111319,4732.066916815046,3322.51548331801,89.99408913382499,21.80140948635181,66.7
2025-06-07,75.7,94.1,73.8,4.2,2.1,3.8,10.7,18.3,31.4333333,119.4833333,8.0,88.19530764834312,13.980762110701683,41.182820350116664,0.4093559588156213,0.9953031849963362,31.4333333,988.054442348889,0.9990480724184196,2.1972245773362196,-2675.457822111319,4732.066916815046,3322.51548331801,89.99408913382499,21.80140948635181,74.0
2025-06-08,72.9,77.4,71.4,5.0,7.6,4.1,7.6,19.4,31.4333333,119.4833333,8.0,84.98912343083711,13.989979165569892,41.20625294016725,0.39359027665646673,0.9953031849963362,31.4333333,988.054442348889,0.9990480724184196,2.1972245773362196,-2675.457822111319,4732.066916815046,3322.51548331801,89.99408913382499,21.80140948635181,69.5
2025-06-09,73.8,77.0,71.4,5.2,3.1,2.5,7.2,18.1,31.4333333,119.4833333,8.0,86.0910102147482,13.998538246300521,41.22757808475646,0.3777079652039649,0.9953031849963362,31.4333333,988.054442348889,0.9990480724184196,2.1972245773362196,-2675.457822111319,4732.066916815046,3322.51548331801,89.99408913382499,21.80140948635181,70.6
2025-06-10,73.7,76.8,68.7,9.2,5.0,1.8,3.5,18.1,31.4333333,119.4833333,8.0,86.02284713937188,14.006433726899084,41.246805795643354,0.36171373072976765,0.9953031849963362,31.4333333,988.054442348889,0.9990480724184196,2.1972245773362196,-2675.457822111319,4732.066916815046,3322.51548331801,89.99408913382499,21.80140948635181,70.2
2025-06-11,73.2,76.8,70.2,11.5,2.9,2.1,3.1,9.9,31.4333333,119.4833333,8.0,85.48332833579069,14.013660382916507,41.26394552229194,0.3456123126707335,0.9953031849963362,31.4333333,988.054442348889,0.9990480724184196,2.1972245773362196,-2675.457822111319,4732.066916815046,3322.51548331801,89.99408913382499,21.80140948635181,69.2
2025-06-12,73.8,75.7,69.6,9.7,4.1,4.3,6.6,15.2,31.4333333,119.4833333,8.0,86.22431242943577,14.02021340316029,41.27900613372906,0.3294084822245304,0.9953031849963362,31.4333333,988.054442348889,0.9990480724184196,2.1972245773362196,-2675.457822111319,4732.066916815046,3322.51548331801,89.99408913382499,21.80140948635181,70.7
2025-06-13,82.5,88.0,69.6,3.0,11.4,3.0,5.8,13.4,31.4333333,119.4833333,8.0,96.42935775397743,14.026088400578535,41.291995901951935,0.3131070409358269,0.9953031849963362,31.4333333,988.054442348889,0.9990480724184196,2.1972245773362196,-2675.457822111319,4732.066916815046,3322.51548331801,89.99408913382499,21.80140948635181,77.0
2025-06-14,81.1,89.6,76.8,1.2,12.9,5.1,9.7,17.7,31.4333333,119.4833333,8.0,94.82807694548917,14.031281422267204,41.302922486873626,0.29671281927349075,0.9953031849963362,31.4333333,988.054442348889,0.9990480724184196,2.1972245773362196,-2675.457822111319,4732.066916815046,3322.51548331801,89.99408913382499,21.80140948635181,75.7
2025-06-15,76.1,89.6,73.2,999.2,13.8,6.8,10.1,17.5,31.4333333,119.4833333,8.0,89.01029497883306,14.035788958554491,41.311792922794695,0.28023067519921585,0.9953031849963362,31.4333333,988.054442348889,0.9990480724184196,2.1972245773362196,-2675.457822111319,4732.066916815046,3322.51548331801,89.99408913382499,21.80140948635181,72.3
2025-06-16,84.2,91.9,73.2,2.0,17.1,9.0,13.4,25.4,31.4333333,119.4833333,8.0,98.51124912369269,14.039607951120098,41.31861360638981,0.26366549272800704,0.9953031849963362,31.4333333,988.054442348889,0.9990480724184196,2.1972245773362196,-2675.457822111319,4732.066916815046,3322.51548331801,89.99408913382499,21.80140948635181,67.9
2025-06-17,85.6,94.6,77.2,5.8,13.3,2.5,4.5,15.3,31.4333333,119.4833333,8.0,100.17151537412738,14.042735800111316,41.32339028619843,0.24702218048093552,0.9953031849963362,31.4333333,988.054442348889,0.9990480724184196,2.1972245773362196,-2675.457822111319,4732.066916815046,3322.51548331801,89.99408913382499,21.80140948635181,71.3
2025-06-18,87.9,95.2,77.2,5.9,14.4,2.9,7.0,14.0,31.4333333,119.4833333,8.0,102.88087296187841,14.045170370222309,41.3261280536095,0.23030567023061221,0.9953031849963362,31.4333333,988.054442348889,0.9990480724184196,2.1972245773362196,-2675.457822111319,4732.066916815046,3322.51548331801,89.99408913382499,21.80140948635181,74.3
2025-06-19,83.5,95.2,78.8,5.4,17.2,3.7,8.7,16.3,31.4333333,119.4833333,8.0,97.74308205346608,14.0469099957077,41.326831335331285,0.21352091543979612,0.9953031849963362,31.4333333,988.054442348889,0.9990480724184196,2.1972245773362196,-2675.457822111319,4732.066916815046,3322.51548331801,89.99408913382499,21.80140948635181,75.0
2025-06-20,84.2,90.5,78.8,3.4,18.0,3.5,7.2,16.3,31.4333333,119.4833333,8.0,98.56980694821762,14.047953484306548,41.325503887338336,0.19667288979357647,0.9953031849963362,31.4333333,988.054442348889,0.9990480724184196,2.1972245773362196,-2675.457822111319,4732.066916815046,3322.51548331801,89.99408913382499,21.80140948635181,74.9
2025-06-21,73.6,90.5,70.2,5.4,5.8,4.8,10.1,21.2,31.4333333,119.4833333,8.0,86.16290740302139,14.048300120057837,41.32214879028943,0.1797665857255624,0.9953031849963362,31.4333333,988.054442348889,0.9990480724184196,2.1972245773362196,-2675.457822111319,4732.066916815046,3322.51548331801,89.99408913382499,21.80140948635181,71.1
2025-06-22,70.7,86.7,68.4,6.1,2.3,3.3,3.9,14.4,31.4333333,119.4833333,8.0,82.76583677625622,14.047949664993984,41.3167684464112,0.16280701293851715,0.9953031849963362,31.4333333,988.054442348889,0.9990480724184196,2.1972245773362196,-2675.457822111319,4732.066916815046,3322.51548331801,89.99408913382499,21.80140948635181,69.4
2025-06-23,71.7,74.7,68.9,5.5,4.6,2.2,3.7,12.2,31.4333333,119.4833333,8.0,83.93024159923249,14.04690235970418,41.30936457784454,0.1457991969198751,0.9953031849963362,31.4333333,988.054442348889,0.9990480724184196,2.1972245773362196,-2675.457822111319,4732.066916815046,3322.51548331801,89.99408913382499,21.80140948635181,67.8
2025-06-24,71.9,76.5,68.9,8.7,6.4,2.3,5.2,12.4,31.4333333,119.4833333,8.0,84.15391054556609,14.045158922764854,41.299938226451566,0.12874817745258132,0.9953031849963362,31.4333333,988.054442348889,0.9990480724184196,2.1972245773362196,-2675.457822111319,4732.066916815046,3322.51548331801,89.99408913382499,21.80140948635181,66.7
2025-06-25,80.4,86.0,68.9,8.2,3.4,2.4,4.7,62.926196728584586,31.4333333,119.4833333,8.0,94.08622767856784,14.042720549039975,41.28848975508361,0.11165900712169512,0.9953031849963362,31.4333333,988.054442348889,0.9990480724184196,2.1972245773362196,-2675.457822111319,4732.066916815046,3322.51548331801,89.99408913382499,21.80140948635181,72.5
2025-06-26,87.0,97.0,76.1,6.0,14.4,3.1,6.4,15.7,31.4333333,119.4833333,8.0,101.787019574731,14.039588906859448,41.27501885031138,0.09453674981719912,0.9953031849963362,31.4333333,988.054442348889,0.9990480724184196,2.1972245773362196,-2675.457822111319,4732.066916815046,3322.51548331801,89.99408913382499,21.80140948635181,75.3
2025-06-27,80.7,97.0,76.1,6.0,10.2,4.2,18.1,38.1,31.4333333,119.4833333,8.0,94.39052725174935,14.035766134089123,41.25952452662086,0.07738647923346301,0.9953031849963362,31.4333333,988.054442348889,0.9990480724184196,2.1972245773362196,-2675.457822111319,4732.066916815046,3322.51548331801,89.99408913382499,21.80140948635181,75.2
2025-06-28,84.6,96.4,75.9,3.9,17.0,3.6,6.0,23.7,31.4333333,119.4833333,8.0,98.92034657343459,14.031254833111289,41.24200513207935,0.06021327736579302,0.9953031849963362,31.4333333,988.054442348889,0.9990480724184196,2.1972245773362196,-2675.457822111319,4732.066916815046,3322.51548331801,89.99408913382499,21.80140948635181,74.6
2025-06-29,83.7,96.4,77.4,4.2,12.4,3.3,7.6,28.7,31.4333333,119.4833333,8.0,97.83175500155893,14.026058064739631,41.22245835547803,0.04302223300453059,0.9953031849963362,31.4333333,988.054442348889,0.9990480724184196,2.1972245773362196,-2675.457822111319,4732.066916815046,3322.51548331801,89.99408913382499,21.80140948635181,74.8
2025-06-30,86.7,96.4,78.4,6.3,10.9,2.1,3.1,125.27084279401842,31.4333333,119.4833333,8.0,101.29579573942982,14.020179341097553,41.20088123495811,0.02581844022713308,0.9953031849963362,31.4333333,988.054442348889,0.9990480724184196,2.1972245773362196,-2675.457822111319,4732.066916815046,3322.51548331801,89.99408913382499,21.80140948635181,77.8
2025-07-01,90.4,98.1,81.5,7.9,16.4,2.7,4.3,10.7,31.4333333,119.4833333,8.0,105.56929038511778,14.013622617493509,41.17727016812911,0.008606996888688698,0.9953031849963362,31.4333333,988.054442348889,0.9990480724184196,2.1972245773362196,-2675.457822111319,4732.066916815046,3322.51548331801,89.99408913382499,21.80140948635181,77.8
2025-07-02,91.5,99.3,82.8,7.5,13.8,2.0,3.7,-29.09255558506215,31.4333333,119.4833333,8.0,106.79874116040237,14.006392283331458,41.151620923688476,-0.008606996888688009,0.9953031849963362,31.4333333,988.054442348889,0.9990480724184196,2.1972245773362196,-2675.457822111319,4732.066916815046,3322.51548331801,89.99408913382499,21.80140948635181,79.2
2025-07-03,90.7,99.3,83.3,5.5,13.4,2.7,3.7,10.3,31.4333333,119.4833333,8.0,105.80527740794575,13.998493152098666,41.12392865455226,-0.02581844022713239,0.9953031849963362,31.4333333,988.054442348889,0.9990480724184196,2.1972245773362196,-2675.457822111319,4732.066916815046,3322.51548331801,89.99408913382499,21.80140948635181,78.1
2025-07-04,90.7,99.3,81.3,3.4,11.8,2.8,4.7,10.1,31.4333333,119.4833333,8.0,105.7405576548554,13.989930450477008,41.09418791250706,-0.04302223300453034,0.9953031849963362,31.4333333,988.054442348889,0.9990480724184196,2.1972245773362196,-2675.457822111319,4732.066916815046,3322.51548331801,89.99408913382499,21.80140948635181,77.0
2025-07-05,92.5,100.8,81.3,2.5,10.4,2.4,4.9,-27.767927629110517,31.4333333,119.4833333,8.0,107.76797142608643,13.98070980662743,41.062392664393464,-0.060213277365792774,0.9953031849963362,31.4333333,988.054442348889,0.9990480724184196,2.1972245773362196,-2675.457822111319,4732.066916815046,3322.51548331801,89.99408913382499,21.80140948635181,79.4
2025-07-06,93.0,100.8,85.1,1.6,13.1,2.8,3.9,94.03538176446202,31.4333333,119.4833333,8.0,108.27398859217737,13.970837237700307,41.02853630983083,-0.07738647923346322,0.9953031849963362,31.4333333,988.054442348889,0.9990480724184196,2.1972245773362196,-2675.457822111319,4732.066916815046,3322.51548331801,89.99408913382499,21.80140948635181,78.8
2025-07-07,89.6,99.7,83.7,1.0,18.0,5.3,6.2,15.2,31.4333333,119.4833333,8.0,104.23704955348391,13.96031913662731,40.992611700492866,-0.09453674981719933,0.9953031849963362,31.4333333,988.054442348889,0.9990480724184196,2.1972245773362196,-2675.457822111319,4732.066916815046,3322.51548331801,89.99408913382499,21.80140948635181,76.2
2025-07-08,84.2,96.1,80.6,2.3,15.7,4.9,6.6,17.3,31.4333333,119.4833333,8.0,97.87662184540669,13.949162258252736,40.954611160942434,-0.11165900712169444,0.9953031849963362,31.4333333,988.054442348889,0.9990480724184196,2.1972245773362196,-2675.457822111319,4732.066916815046,3322.51548331801,89.99408913382499,21.80140948635181,77.8
2025-07-09,85.4,92.8,80.1,3.1,14.0,4.5,6.2,22.1,31.4333333,119.4833333,8.0,99.1876428662836,13.937373704864203,40.91452651103283,-0.12874817745258066,0.9953031849963362,31.4333333,988.054442348889,0.9990480724184196,2.1972245773362196,-2675.457822111319,4732.066916815046,3322.51548331801,89.99408913382499,21.80140948635181,78.1
2025-07-10,85.0,92.8,79.7,4.5,6.7,3.9,5.1,19.0,31.4333333,119.4833333,8.0,98.63513978755533,13.924960911184282,40.87234908988119,-0.14579919691987442,0.9953031849963362,31.4333333,988.054442348889,0.9990480724184196,2.1972245773362196,-2675.457822111319,4732.066916815046,3322.51548331801,89.99408913382499,21.80140948635181,76.0
2025-07-11,81.9,90.7,78.6,5.6,9.7,4.3,6.4,24.7,31.4333333,119.4833333,8.0,94.94893336714509,13.911931628885725,40.82806978141787,-0.16280701293851646,0.9953031849963362,31.4333333,988.054442348889,0.9990480724184196,2.1972245773362196,-2675.457822111319,4732.066916815046,3322.51548331801,89.99408913382499,21.80140948635181,76.9
2025-07-12,82.0,89.2,77.0,5.9,7.6,2.5,4.3,21.4,31.4333333,119.4833333,8.0,94.97167505640745,13.898293910693774,40.78167904151317,-0.17976658572556214,0.9953031849963362,31.4333333,988.054442348889,0.9990480724184196,2.1972245773362196,-2675.457822111319,4732.066916815046,3322.51548331801,89.99408913382499,21.80140948635181,77.1
2025-07-13,85.9,92.3,77.0,3.0,7.8,3.3,5.1,10.5,31.4333333,119.4833333,8.0,99.38670154054806,13.884056094139424,40.73316692668057,-0.19667288979357622,0.9953031849963362,31.4333333,988.054442348889,0.9990480724184196,2.1972245773362196,-2675.457822111319,4732.066916815046,3322.51548331801,89.99408913382499,21.80140948635181,76.1
2025-07-14,85.3,94.8,77.0,0.4,12.3,3.7,6.4,15.7,31.4333333,119.4833333,8.0,98.58708706357024,13.869226785027468,40.68252312435219,-0.2135209154397959,0.9953031849963362,31.4333333,988.054442348889,0.9990480724184196,2.1972245773362196,-2675.457822111319,4732.066916815046,3322.51548331801,89.99408913382499,21.80140948635181,73.9
2025-07-15,88.7,96.1,77.0,997.8,10.6,4.1,8.5,15.7,31.4333333,119.4833333,8.0,102.40278136404713,13.853814840682812,40.629736984719706,-0.23030567023061196,0.9953031849963362,31.4333333,988.054442348889,0.9990480724184196,2.1972245773362196,-2675.457822111319,4732.066916815046,3322.51548331801,89.99408913382499,21.80140948635181,76.9
2025-07-16,90.3,96.1,82.8,998.2,11.6,6.0,9.7,21.4,31.4333333,119.4833333,8.0,104.12966588160954,13.837829353037813,40.57479755412984,-0.24702218048093527,0.9953031849963362,31.4333333,988.054442348889,0.9990480724184196,2.1972245773362196,-2675.457822111319,4732.066916815046,3322.51548331801,89.99408913382499,21.80140948635181,79.7
2025-07-17,87.8,95.4,80.4,1.4,11.7,4.5,6.6,21.4,31.4333333,119.4833333,8.0,101.12569597136992,13.821279631622314,40.51769361001994,-0.2636654927280072,0.9953031849963362,31.4333333,988.054442348889,0.9990480724184196,2.1972245773362196,-2675.457822111319,4732.066916815046,3322.51548331801,89.99408913382499,21.80140948635181,77.5
2025-07-18,86.4,94.8,80.2,2.6,11.0,4.5,6.4,15.0,31.4333333,119.4833333,8.0,99.39006134292025,13.8041751865167,40.45841369737558,-0.2802306751992161,0.9953031849963362,31.4333333,988.054442348889,0.9990480724184196,2.1972245773362196,-2675.457822111319,4732.066916815046,3322.51548331801,89.99408913382499,21.80140948635181,75.1
2025-07-19,88.3,94.6,81.5,3.2,18.1,6.0,8.2,17.1,31.4333333,119.4833333,8.0,101.44585169251137,13.786525711326572,40.39694616668703,-0.2967128192734901,0.9953031849963362,31.4333333,988.054442348889,0.9990480724184196,2.1972245773362196,-2675.457822111319,4732.066916815046,3322.51548331801,89.99408913382499,21.80140948635181,77.7
2025-07-20,87.9,94.6,83.5,4.6,18.2,7.2,9.3,20.4,31.4333333,119.4833333,8.0,100.85309831017724,13.7683410662358,40.333279213377786,-0.3131070409358267,0.9953031849963362,31.4333333,988.054442348889,0.9990480724184196,2.1972245773362196,-2675.457822111319,4732.066916815046,3322.51548331801,89.99408913382499,21.80140948635181,77.9
2025-07-21,87.2,92.7,82.8,6.4,18.6,7.7,11.5,22.3,31.4333333,119.4833333,8.0,99.91398716466477,13.7496312611924,40.267400918673324,-0.3294084822245302,0.9953031849963362,31.4333333,988.054442348889,0.9990480724184196,2.1972245773362196,-2675.457822111319,4732.066916815046,3322.51548331801,89.99408913382499,21.80140948635181,76.8
2025-07-22,85.9,91.8,80.4,7.9,18.0,5.9,7.8,17.5,31.4333333,119.4833333,8.0,98.2868260945083,13.730406439279388,40.199299291873345,-0.3456123126707333,0.9953031849963362,31.4333333,988.054442348889,0.9990480724184196,2.1972245773362196,-2675.457822111319,4732.066916815046,3322.51548331801,89.99408913382499,21.80140948635181,76.3
2025-07-23,86.8,92.7,80.4,7.3,17.4,5.7,8.0,16.3,31.4333333,119.4833333,8.0,99.17389595631616,13.710676860320207,40.128962313986314,-0.3617137307297674,0.9953031849963362,31.4333333,988.054442348889,0.9990480724184196,2.1972245773362196,-2675.457822111319,4732.066916815046,3322.51548331801,89.99408913382499,21.80140948635181,76.3
2025-07-24,86.5,93.6,81.0,5.3,15.4,4.7,7.4,15.5,31.4333333,119.4833333,8.0,98.68534787768405,13.690452884765419,40.05637798267951,-0.37770796520396466,0.9953031849963362,31.4333333,988.054442348889,0.9990480724184196,2.1972245773362196,-2675.457822111319,4732.066916815046,3322.51548331801,89.99408913382499,21.80140948635181,77.0
2025-07-25,87.1,94.5,81.0,2.6,17.4,5.5,8.0,17.7,31.4333333,119.4833333,8.0,99.21956548612495,13.669744957904701,39.98153435849326,-0.39359027665646645,0.9953031849963362,31.4333333,988.054442348889,0.9990480724184196,2.1972245773362196,-2675.457822111319,4732.066916815046,3322.51548331801,89.99408913382499,21.80140948635181,76.1
2025-07-26,85.8,94.5,80.8,1.3,18.5,5.1,7.8,17.7,31.4333333,119.4833333,8.0,97.58722970028187,13.648563594445017,39.90441961226275,-0.4093559588156211,0.9953031849963362,31.4333333,988.054442348889,0.9990480724184196,2.1972245773362196,-2675.457822111319,4732.066916815046,3322.51548331801,89.99408913382499,21.80140948635181,76.9
2025-07-27,86.0,93.9,81.0,0.2,17.9,4.5,5.8,16.7,31.4333333,119.4833333,8.0,97.65958877169913,13.626919363492902,39.82502207368531,-0.42500033996955394,0.9953031849963362,31.4333333,988.054442348889,0.9990480724184196,2.1972245773362196,-2675.457822111319,4732.066916815046,3322.51548331801,89.99408913382499,21.80140948635181,76.9
2025-07-28,82.9,93.9,79.9,998.4,8.7,4.1,6.6,24.3,31.4333333,119.4833333,8.0,93.98665135438152,13.604822873975612,39.74333028096685,-0.4405187843504952,0.9953031849963362,31.4333333,988.054442348889,0.9990480724184196,2.1972245773362196,-2675.457822111319,4732.066916815046,3322.51548331801,89.99408913382499,21.80140948635181,77.9
2025-07-29,85.4,91.9,79.3,996.0,17.1,5.0,8.9,15.7,31.4333333,119.4833333,8.0,96.66059321245827,13.582284760532776,39.659333031475164,-0.455906693508459,0.9953031849963362,31.4333333,988.054442348889,0.9990480724184196,2.1972245773362196,-2675.457822111319,4732.066916815046,3322.51548331801,89.99408913382499,21.80140948635181,75.7
2025-07-30,76.9,91.9,74.7,991.8,5.9,12.2,15.0,28.6,31.4333333,119.4833333,8.0,86.8926145846544,13.559315669907056,39.57301943332365,-0.47115950767386394,0.9953031849963362,31.4333333,988.054442348889,0.9990480724184196,2.1972245773362196,-2675.457822111319,4732.066916815046,3322.51548331801,89.99408913382499,21.80140948635181,74.8
2025-07-31,77.4,80.1,74.7,993.2,8.5,4.8,8.4,26.8,31.4333333,119.4833333,8.0,87.30672429869128,13.535926247859111,39.48437895780364,-0.4862727071086902,0.9953031849963362,31.4333333,988.054442348889,0.9990480724184196,2.1972245773362196,-2675.457822111319,4732.066916815046,3322.51548331801,89.99408913382499,21.80140948635181,75.9
2025-08-01,80.9,89.2,76.1,997.3,7.2,4.3,8.2,17.7,31.4333333,119.4833333,8.0,91.09425704535845,13.512127126629188,39.39340149257925,-0.5012418134457756,0.9953031849963362,31.4333333,988.054442348889,0.9990480724184196,2.1972245773362196,-2675.457822111319,4732.066916815046,3322.51548331801,89.99408913382499,21.80140948635181,77.4
2025-08-02,82.6,89.2,76.8,997.3,12.8,5.6,7.8,17.7,31.4333333,119.4833333,8.0,92.84191068423877,13.48792891296447,39.30007739555393,-0.5160623910158526,0.9953031849963362,31.4333333,988.054442348889,0.9990480724184196,2.1972245773362196,-2675.457822111319,4732.066916815046,3322.51548331801,89.99408913382499,21.80140948635181,78.4
2025-08-03,85.9,92.8,78.4,998.8,10.6,3.6,6.8,19.0,31.4333333,119.4833333,8.0,96.37509108174783,13.46334217672845,39.2043975493136,-0.5307300481619331,0.9953031849963362,31.4333333,988.054442348889,0.9990480724184196,2.1972245773362196,-2675.457822111319,4732.066916815046,3322.51548331801,89.99408913382499,21.80140948635181,78.6
2025-08-04,89.4,96.3,79.2,1.3,9.4,2.5,3.3,10.1,31.4333333,119.4833333,8.0,100.11591192878701,13.438377440105638,39.106353416047355,-0.5452404385406507,0.9953031849963362,31.4333333,988.054442348889,0.9990480724184196,2.1972245773362196,-2675.457822111319,4732.066916815046,3322.51548331801,89.99408913382499,21.80140948635181,79.4
2025-08-05,89.0,96.3,83.1,1.1,7.6,2.4,3.9,10.1,31.4333333,119.4833333,8.0,99.48008499164021,13.413045167412163,39.00593709284275,-0.5595892624101763,0.9953031849963362,31.4333333,988.054442348889,0.9990480724184196,2.1972245773362196,-2675.457822111319,4732.066916815046,3322.51548331801,89.99408913382499,21.80140948635181,81.4
2025-08-06,87.4,95.7,81.3,3.0,16.8,5.3,8.4,20.0,31.4333333,119.4833333,8.0,97.50457441937138,13.387355755520097,38.903141367248935,-0.5737722679043243,0.9953031849963362,31.4333333,988.054442348889,0.9990480724184196,2.1972245773362196,-2675.457822111319,4732.066916815046,3322.51548331801,89.99408913382499,21.80140948635181,77.5
2025-08-07,88.0,94.1,81.3,4.2,18.5,5.0,7.8,15.5,31.4333333,119.4833333,8.0,97.98300984927269,13.361319524900821,38.79795977299808,-0.5877852522924734,0.9953031849963362,31.4333333,988.054442348889,0.9990480724184196,2.1972245773362196,-2675.457822111319,4732.066916815046,3322.51548331801,89.99408913382499,21.80140948635181,75.5
2025-08-08,88.6,94.6,83.5,3.2,18.6,4.6,6.8,17.3,31.4333333,119.4833333,8.0,98.45635655169312,13.334946711290264,38.690386645771774,-0.6016240632249227,0.9953031849963362,31.4333333,988.054442348889,0.9990480724184196,2.1972245773362196,-2675.457822111319,4732.066916815046,3322.51548331801,89.99408913382499,21.80140948635181,76.9
2025-08-09,89.1,94.6,83.5,1.5,17.2,4.8,10.1,23.1,31.4333333,119.4833333,8.0,98.81373737547635,13.308247457976615,38.580417178897605,-0.6152845999633277,0.9953031849963362,31.4333333,988.054442348889,0.9990480724184196,2.1972245773362196,-2675.457822111319,4732.066916815046,3322.51548331801,89.99408913382499,21.80140948635181,77.2
2025-08-10,86.0,94.3,80.1,2.5,11.6,3.3,6.8,19.8,31.4333333,119.4833333,8.0,95.18216129574654,13.281231808708819,38.46804747885721,-0.6287628145958345,0.9953031849963362,31.4333333,988.054442348889,0.9990480724184196,2.1972245773362196,-2675.457822111319,4732.066916815046,3322.51548331801,89.99408913382499,21.80140948635181,78.9
2025-08-11,82.9,92.1,79.2,3.2,10.8,3.5,7.2,24.5,31.4333333,119.4833333,8.0,91.56242618594442,13.25390970122235,38.353274620486395,-0.6420547132365636,0.9953031849963362,31.4333333,988.054442348889,0.9990480724184196,2.1972245773362196,-2675.457822111319,4732.066916815046,3322.51548331801,89.99408913382499,21.80140948635181,77.5
2025-08-12,83.9,91.6,79.2,6.1,7.0,2.2,4.1,13.6,31.4333333,119.4833333,8.0,92.47381763829188,13.226290961376668,38.23609670174587,-0.655156357209085,0.9953031849963362,31.4333333,988.054442348889,0.9990480724184196,2.1972245773362196,-2675.457822111319,4732.066916815046,3322.51548331801,89.99408913382499,21.80140948635181,78.4
2025-08-13,88.3,95.5,80.2,8.3,15.4,3.1,5.2,64.32094685185487,31.4333333,119.4833333,8.0,97.1181184836935,13.198385297897191,38.116512897939344,-0.6680638642135333,0.9953031849963362,31.4333333,988.054442348889,0.9990480724184196,2.1972245773362196,-2675.457822111319,4732.066916815046,3322.51548331801,89.99408913382499,21.80140948635181,78.1
2025-08-14,88.2,95.5,81.9,10.3,18.4,6.0,8.7,15.3,31.4333333,119.4833333,8.0,96.80098688819021,13.170202297712953,37.99452351525558,-0.6807734094770159,0.9953031849963362,31.4333333,988.054442348889,0.9990480724184196,2.1972245773362196,-2675.457822111319,4732.066916815046,3322.51548331801,89.99408913382499,21.80140948635181,77.6
2025-08-15,88.3,95.2,82.2,10.5,18.1,4.2,6.4,15.3,31.4333333,119.4833333,8.0,96.70138754599844,13.141751421879745,37.87013004351017,-0.6932812268869771,0.9953031849963362,31.4333333,988.054442348889,0.9990480724184196,2.1972245773362196,-2675.457822111319,4732.066916815046,3322.51548331801,89.99408913382499,21.80140948635181,77.2
2025-08-16,88.4,95.2,81.9,9.7,14.9,4.2,6.2,14.0,31.4333333,119.4833333,8.0,96.59940941530178,13.113042002077165,37.74333520796215,-0.7055836101071774,0.9953031849963362,31.4333333,988.054442348889,0.9990480724184196,2.1972245773362196,-2675.457822111319,4732.066916815046,3322.51548331801,89.99408913382499,21.80140948635181,76.7
2025-08-17,88.5,95.5,81.5,10.6,14.2,4.2,5.8,9.7,31.4333333,119.4833333,8.0,96.49511387779349,13.084083237666913,37.61414302008192,-0.7176769136759615,0.9953031849963362,31.4333333,988.054442348889,0.9990480724184196,2.1972245773362196,-2675.457822111319,4732.066916815046,3322.51548331801,89.99408913382499,21.80140948635181,76.1
2025-08-18,88.7,95.7,81.1,9.7,14.7,2.9,3.9,109.34571063908675,31.4333333,119.4833333,8.0,96.49735232879894,13.054884193298617,37.48255882714619,-0.7295575540864876,0.9953031849963362,31.4333333,988.054442348889,0.9990480724184196,2.1972245773362196,-2675.457822111319,4732.066916815046,3322.51548331801,89.99408913382499,21.80140948635181,78.2
2025-08-19,90.2,98.1,82.6,7.2,14.7,2.2,3.9,-88.76323964260276,31.4333333,119.4833333,8.0,97.90799437448177,13.025453797048574,37.34858936053789,-0.7412220108485957,0.9953031849963362,31.4333333,988.054442348889,0.9990480724184196,2.1972245773362196,-2675.457822111319,4732.066916815046,3322.51548331801,89.99408913382499,21.80140948635181,77.5
2025-08-20,90.9,100.0,82.6,6.3,13.4,2.4,3.9,34.57248571454454,31.4333333,119.4833333,8.0,98.44319135600118,12.995800839076063,37.21224278262947,-0.7526668275320083,0.9953031849963362,31.4333333,988.054442348889,0.9990480724184196,2.1972245773362196,-2675.457822111319,4732.066916815046,3322.51548331801,89.99408913382499,21.80140948635181,78.2
2025-08-21,90.1,100.0,81.0,6.7,15.8,3.4,5.8,-54.607115291038546,31.4333333,119.4833333,8.0,97.3525542306152,12.965933970781158,37.07352873213031,-0.7638886127905429,0.9953031849963362,31.4333333,988.054442348889,0.9990480724184196,2.1972245773362196,-2675.457822111319,4732.066916815046,3322.51548331801,89.99408913382499,21.80140948635181,77.0
2025-08-22,88.0,99.0,80.1,7.0,18.5,3.4,3.9,14.492733176825036,31.4333333,119.4833333,8.0,94.86298583261541,12.935861704447557,36.93245836778094,-0.7748840413670406,0.9953031849963362,31.4333333,988.054442348889,0.9990480724184196,2.1972245773362196,-2675.457822111319,4732.066916815046,3322.51548331801,89.99408913382499,21.80140948635181,74.6
2025-08-23,89.3,96.6,80.4,8.0,16.5,3.4,5.8,-51.71513627808417,31.4333333,119.4833333,8.0,96.03911687603792,12.90559241335336,36.78904441027915,-0.7856498550787144,0.9953031849963362,31.4333333,988.054442348889,0.9990480724184196,2.1972245773362196,-2675.457822111319,4732.066916815046,3322.51548331801,89.99408913382499,21.80140948635181,75.5
2025-08-24,90.6,100.9,82.2,8.5,15.1,3.6,9.7,-54.22659099177527,31.4333333,119.4833333,8.0,97.20726420911033,12.875134332332497,36.64330118232609,-0.7961828637826154,0.9953031849963362,31.4333333,988.054442348889,0.9990480724184196,2.1972245773362196,-2675.457822111319,4732.066916815046,3322.51548331801,89.99408913382499,21.80140948635181,75.5
